# First column is original location on swiss roll
# Next columns are points in diffusion space
# In gnuplot to plot the first dimensions try:
#   plot 'evects.dat' u 2:3:1 w points palette
# time =     0.000000
# bandwidth =    16.000000
   18.902000    0.070241    0.021131    0.031545
    8.017000   -0.003914    0.011895   -0.005935
    6.597000    0.004557    0.007970   -0.009560
    2.638000   -0.006282    0.004083   -0.011014
   18.180000    0.049878   -0.032679   -0.030401
   17.040000    0.003564   -0.037932    0.007400
    8.364000   -0.007157    0.009420   -0.002088
    0.164000   -0.004588    0.002623   -0.007502
    8.846000   -0.010082    0.003661    0.012858
    0.566000   -0.003372    0.000852    0.001872
   19.454000    0.060663    0.046823    0.041049
    4.922000   -0.003263   -0.000516   -0.013317
    0.669000   -0.004545    0.003731   -0.010755
   18.993000    0.071661    0.028304    0.038553
    7.620000    0.001066    0.009907    0.008413
   17.557000    0.026411   -0.051048   -0.012439
    8.902000   -0.010562    0.004055    0.009412
    3.577000   -0.006733    0.002175   -0.010661
   10.854000   -0.000539   -0.016870   -0.005998
   15.316000   -0.019135    0.003541    0.042615
   19.583000    0.070085    0.054424    0.072516
    1.169000   -0.004773    0.005066   -0.014733
   10.467000   -0.005234   -0.016902    0.010978
   12.707000    0.034088    0.013325    0.006181
   12.918000    0.039226    0.020389    0.023598
   12.456000    0.030156    0.006980   -0.013222
    3.580000   -0.005633   -0.001628    0.004800
    6.294000    0.004180    0.005962   -0.012785
    6.154000    0.005096    0.001629   -0.004092
   19.411000    0.074168    0.051991    0.067119
   17.361000    0.017385   -0.047234   -0.006309
    4.092000   -0.005713   -0.000804   -0.005337
    3.301000   -0.007003    0.003595   -0.013862
   11.714000    0.020051   -0.020463   -0.017930
    2.694000   -0.006632    0.004787   -0.014514
    2.747000   -0.006232    0.003259   -0.008122
    5.930000    0.004651   -0.001114   -0.003544
    3.682000   -0.006776    0.002313   -0.012225
   19.940000    0.049419    0.050376    0.066707
    5.851000    0.001738    0.003811   -0.019321
   17.306000    0.017079   -0.049891    0.001404
   12.189000    0.032914   -0.014560   -0.003274
   17.256000    0.015270   -0.049554    0.005149
    9.758000   -0.010426   -0.010038    0.026726
   18.094000    0.047512   -0.033656   -0.037125
    6.076000    0.006309   -0.000809   -0.000695
    6.937000    0.005228    0.007893    0.004000
    5.196000   -0.001579   -0.001494   -0.011545
   13.312000    0.027988    0.028229    0.012501
   16.027000   -0.017388   -0.018003    0.054712
   10.264000   -0.006786   -0.017970    0.022857
    8.824000   -0.010168    0.005264    0.006313
   16.075000   -0.016848   -0.020329    0.057029
   15.059000   -0.016729    0.006850    0.052140
    9.090000   -0.010668    0.000080    0.022462
   16.850000   -0.001829   -0.035800    0.021330
   17.153000    0.009752   -0.045460    0.009594
    9.997000   -0.010069   -0.006400    0.004254
   13.689000    0.020785    0.028001    0.033533
   14.834000   -0.014011    0.010357    0.047338
    6.041000    0.005239   -0.000232   -0.003055
    3.523000   -0.006242    0.000290   -0.002581
    6.941000    0.004165    0.011514   -0.013352
   12.008000    0.024112   -0.006421   -0.025381
    1.794000   -0.005372    0.005450   -0.015145
   14.793000   -0.013515    0.012892    0.030289
   10.909000   -0.000242   -0.016241   -0.009319
   11.570000    0.020196   -0.028374   -0.011148
    6.584000    0.006372    0.004836    0.002097
    5.583000    0.001646   -0.002040   -0.008012
   15.772000   -0.019076   -0.009391    0.050158
    3.568000   -0.006995    0.002989   -0.014199
    6.694000    0.004697    0.009801   -0.013857
   14.542000   -0.007836    0.018244    0.017728
    3.698000   -0.005852   -0.001117    0.000748
    6.811000    0.004683    0.010841   -0.014036
   17.760000    0.040761   -0.061857   -0.009815
    4.324000   -0.005395   -0.000318   -0.009321
    1.830000   -0.004996    0.003894   -0.008203
    9.373000   -0.011268   -0.003167    0.020879
   15.338000   -0.019036    0.002245    0.047402
   15.048000   -0.016692    0.007183    0.050720
    4.046000   -0.006099    0.000557   -0.009552
   16.936000    0.004599   -0.050679    0.040067
    9.126000   -0.011577    0.004053    0.001009
   19.714000    0.041411    0.044044    0.022095
    6.353000    0.005261    0.003600   -0.003461
    5.456000    0.002639   -0.005176   -0.002399
    0.119000   -0.005124    0.004658   -0.016363
    0.135000   -0.004883    0.003516   -0.011412
   14.514000   -0.007292    0.018244    0.018499
   17.081000    0.009351   -0.052231    0.029620
   18.569000    0.055305   -0.004500   -0.022208
   11.450000    0.013095   -0.021404   -0.015610
   15.665000   -0.019450   -0.002254    0.035322
    1.032000   -0.004690    0.004572   -0.013160
    6.345000    0.004338    0.006103   -0.011846
   13.630000    0.022140    0.028485    0.028079
    7.549000    0.001516    0.010121    0.006358
   18.664000    0.058789   -0.000134   -0.009573
    2.713000   -0.006043    0.002798   -0.006028
    6.271000    0.005803    0.002162   -0.001789
    3.922000   -0.006276    0.001004   -0.009753
    9.051000   -0.010655    0.000552    0.022481
   12.524000    0.029450    0.011213   -0.016237
   13.658000    0.016642    0.029825    0.006080
   11.039000    0.008229   -0.029763    0.004744
    3.431000   -0.006937    0.003105   -0.013008
   13.766000    0.014473    0.027391    0.011375
   16.064000   -0.016964   -0.019943    0.056732
    0.993000   -0.004293    0.003087   -0.006695
   10.309000   -0.007406   -0.012089    0.006443
    0.923000   -0.004771    0.005127   -0.015968
   16.450000   -0.010810   -0.031154    0.052193
    9.922000   -0.009652   -0.012693    0.026605
   16.448000   -0.011634   -0.023273    0.029349
    0.079000   -0.005048    0.004151   -0.014048
   12.749000    0.036094    0.014407    0.012374
   16.519000   -0.009419   -0.031130    0.044240
    0.986000   -0.003883    0.002250   -0.002501
    3.429000   -0.006107    0.000111   -0.000641
   15.209000   -0.018070    0.006612    0.031732
    9.754000   -0.011193   -0.003115    0.004500
    0.057000   -0.003986    0.000993   -0.000161
   12.974000    0.030122    0.023275   -0.003917
   14.818000   -0.013924    0.010608    0.045050
   17.359000    0.023687   -0.059435    0.011059
   16.232000   -0.014839   -0.020290    0.041934
   16.489000   -0.009770   -0.033045    0.052919
    5.471000    0.000168   -0.001230   -0.011355
    9.493000   -0.011792    0.000125    0.003676
    7.300000    0.002646    0.011199   -0.003486
   18.329000    0.053098   -0.033315   -0.015803
   15.267000   -0.018768    0.005145    0.037170
    6.180000    0.003659    0.004788   -0.013337
    1.895000   -0.005400    0.005149   -0.013570
    4.037000   -0.005749   -0.000967   -0.003942
   15.201000   -0.018309    0.006291    0.038034
    4.130000   -0.005614   -0.000978   -0.005207
    6.835000    0.004424    0.010165   -0.010234
   17.114000    0.011241   -0.054879    0.030560
    4.188000   -0.005319   -0.001692   -0.003302
   12.683000    0.030132    0.015461   -0.010421
    8.348000   -0.006026    0.006685    0.014030
    2.687000   -0.006416    0.004135   -0.011483
    3.838000   -0.006753    0.002321   -0.014210
   12.178000    0.032833   -0.014765   -0.003736
    7.563000    0.001038    0.010387    0.002973
    3.539000   -0.006528    0.001447   -0.007463
   10.534000   -0.005612   -0.012444   -0.003147
    2.363000   -0.006111    0.004991   -0.013728
    9.588000   -0.011819   -0.000494    0.001696
   17.264000    0.017697   -0.055273    0.014222
   19.801000    0.057132    0.052853    0.069691
    6.206000    0.004641    0.002507   -0.005554
   15.912000   -0.018400   -0.010757    0.043516
    2.493000   -0.005210    0.001581    0.001699
   18.633000    0.059717   -0.004168   -0.002118
   15.401000   -0.019384    0.001017    0.046917
   13.336000    0.024853    0.028222    0.003411
    1.421000   -0.004854    0.004885   -0.012925
   14.891000   -0.015240    0.009756    0.043564
    4.699000   -0.003572   -0.002722   -0.005832
   13.925000    0.009772    0.027421    0.008194
    8.895000   -0.010669    0.004998    0.005574
    2.514000   -0.006432    0.005013   -0.014554
    1.715000   -0.005045    0.004543   -0.010959
   18.031000    0.044914   -0.041302   -0.027134
    5.367000   -0.001337    0.001244   -0.018250
    2.613000   -0.006152    0.003696   -0.009216
   12.151000    0.025908   -0.001347   -0.025199
    8.883000   -0.009988    0.002740    0.016295
   16.345000   -0.013340   -0.020030    0.029521
   10.410000   -0.007029   -0.011110   -0.001610
   10.469000   -0.006035   -0.012706    0.001190
   14.047000    0.005920    0.024266    0.012984
   13.052000    0.029488    0.024870   -0.003589
    3.619000   -0.006496    0.001284   -0.007654
   16.094000   -0.016603   -0.021477    0.058546
    1.364000   -0.003773    0.002015    0.000190
   17.828000    0.040690   -0.057269   -0.014334
    4.747000   -0.002476   -0.004773   -0.000789
    2.967000   -0.006724    0.003891   -0.012313
    1.197000   -0.003334    0.001487    0.002329
   11.988000    0.029500   -0.021885   -0.009090
   10.713000   -0.000857   -0.022316    0.010172
    5.239000   -0.001816   -0.000064   -0.014878
    7.920000   -0.002953    0.011478   -0.005138
   13.563000    0.022664    0.028735    0.018830
   10.390000   -0.005259   -0.020418    0.022092
    9.161000   -0.010941   -0.000329    0.019628
   19.746000    0.048153    0.047330    0.039843
   10.645000   -0.002460   -0.019925    0.009317
    3.722000   -0.005938   -0.000977    0.000222
    8.619000   -0.008350    0.004700    0.016933
    1.121000   -0.004704    0.004782   -0.013732
    3.708000   -0.006604    0.001872   -0.010766
   17.394000    0.026074   -0.060712    0.008849
    7.604000    0.000797    0.010074    0.004797
   12.165000    0.032418   -0.014984   -0.004663
   18.931000    0.054720    0.022940   -0.007223
   14.061000    0.006441    0.022564    0.022357
   18.248000    0.051460   -0.039988   -0.016646
    4.010000   -0.005694   -0.001292   -0.002406
    7.581000    0.000116    0.012301   -0.007394
    3.006000   -0.005892    0.000901    0.000395
   10.100000   -0.008744   -0.013460    0.019706
    5.943000    0.002634    0.002253   -0.012689
    7.008000    0.003964    0.010589   -0.007050
    0.292000   -0.004275    0.001965   -0.004174
   12.627000    0.029830    0.014553   -0.015209
   10.867000   -0.000668   -0.016524   -0.007418
   10.677000   -0.001063   -0.023051    0.013103
    0.039000   -0.004427    0.001728   -0.003522
    1.612000   -0.004305    0.002701   -0.002633
   16.248000   -0.014617   -0.025779    0.057509
   13.146000    0.028932    0.025974    0.003262
   10.230000   -0.008127   -0.011310    0.007895
    4.960000   -0.003435    0.000516   -0.017212
    0.069000   -0.003944    0.000837    0.000623
   10.162000   -0.008937   -0.009072    0.004756
   17.326000    0.021963   -0.058832    0.013109
    5.077000   -0.001396   -0.003533   -0.006032
   17.300000    0.017345   -0.050797    0.003056
    2.594000   -0.005627    0.002159   -0.002031
   14.479000   -0.006140    0.019765    0.015436
   11.709000    0.023193   -0.027010   -0.012103
   17.558000    0.029201   -0.055841   -0.007659
    5.109000    0.000160   -0.005734   -0.001516
   14.320000   -0.000605    0.018769    0.033685
   14.598000   -0.009358    0.014371    0.032775
   18.420000    0.052140   -0.014201   -0.031841
    9.084000   -0.011016    0.001551    0.014271
   14.002000    0.008122    0.027683    0.008051
   14.640000   -0.009883    0.013327    0.040876
    4.577000   -0.003325   -0.004481    0.000711
    0.026000   -0.004380    0.001687   -0.003238
   16.021000   -0.017490   -0.015095    0.046921
   11.598000    0.018933   -0.025246   -0.013749
   14.047000    0.006804    0.022768    0.021860
    5.687000    0.003163   -0.002697   -0.005309
    7.316000    0.002295    0.011470   -0.005182
   18.911000    0.066295    0.021188    0.022823
   13.184000    0.029323    0.026608    0.007563
   16.105000   -0.016501   -0.020761    0.055664
    5.476000   -0.000508    0.001285   -0.017405
    3.350000   -0.006720    0.002590   -0.010185
   13.154000    0.030880    0.026493    0.011426
    2.962000   -0.006424    0.002847   -0.008036
    9.690000   -0.010986   -0.007490    0.021119
    8.075000   -0.003208    0.008324    0.012619
    8.813000   -0.010355    0.006190    0.001993
    5.258000   -0.001954    0.000897   -0.017573
    0.788000   -0.004188    0.002781   -0.006034
    3.107000   -0.006125    0.001159   -0.001662
    3.039000   -0.005731    0.000351    0.002868
   16.907000    0.000844   -0.040762    0.026553
    2.177000   -0.005170    0.002981   -0.004001
   10.296000   -0.006536   -0.018187    0.021928
   10.674000   -0.003952   -0.013970   -0.005279
    1.470000   -0.004336    0.003126   -0.004967
    6.673000    0.004763    0.009611   -0.013270
   14.809000   -0.013130    0.013811    0.024139
   18.614000    0.055424   -0.000966   -0.020784
    1.322000   -0.004779    0.004947   -0.013409
   19.395000    0.072413    0.050778    0.062849
    3.538000   -0.006766    0.002505   -0.011393
    3.075000   -0.006047    0.000966   -0.000649
   13.529000    0.026328    0.029364    0.034340
    7.604000    0.000524    0.010143    0.003364
   13.368000    0.023677    0.028629    0.002427
   19.256000    0.057192    0.039011    0.018777
   10.021000   -0.009521   -0.009684    0.012570
    8.281000   -0.005612    0.007565    0.009201
   17.498000    0.022465   -0.047587   -0.014437
    6.548000    0.005756    0.005281   -0.000903
    3.058000   -0.006431    0.002345   -0.006681
   17.830000    0.044064   -0.063130   -0.009940
    3.436000   -0.005721   -0.001142    0.004779
    4.764000   -0.004178    0.000194   -0.014665
   14.151000    0.004434    0.021228    0.030443
   15.589000   -0.019483   -0.000362    0.033747
    5.428000    0.002878   -0.005836   -0.001118
   13.717000    0.015352    0.029548    0.006804
   13.160000    0.032147    0.026768    0.017294
    3.142000   -0.006741    0.003099   -0.010443
   14.764000   -0.013190    0.012440    0.034615
   19.892000    0.051122    0.050690    0.063704
    9.893000   -0.010082   -0.010997    0.022406
    8.901000   -0.010743    0.005490    0.002844
   15.577000   -0.018958   -0.006109    0.055225
   13.586000    0.021082    0.028435    0.015519
    9.001000   -0.010553    0.001795    0.016825
   17.714000    0.041035   -0.064247   -0.007001
   18.902000    0.059455    0.018357    0.002593
    4.849000   -0.001195   -0.006250    0.001948
   13.868000    0.011812    0.029084    0.007241
   19.438000    0.075355    0.052837    0.070717
   14.866000   -0.014690    0.011916    0.031651
    2.880000   -0.006610    0.003889   -0.011746
    8.337000   -0.007117    0.010035   -0.004006
    2.067000   -0.005467    0.004521   -0.011004
    6.564000    0.006450    0.004518    0.002417
    8.320000   -0.005842    0.006903    0.012562
    0.355000   -0.003451    0.000661    0.001996
   19.765000    0.049763    0.048396    0.045247
    2.028000   -0.005152    0.003581   -0.006702
   16.831000   -0.000867   -0.041266    0.035234
    2.159000   -0.005619    0.004412   -0.010586
    4.277000   -0.005982    0.001318   -0.015152
    4.369000   -0.005625    0.000900   -0.014281
    8.346000   -0.006687    0.008285    0.002671
   14.839000   -0.013024    0.013975    0.021385
   14.298000   -0.001236    0.019762    0.020381
    1.310000   -0.003483    0.001613    0.002373
    9.801000   -0.010267   -0.010526    0.026455
   14.780000   -0.013373    0.011184    0.042202
   12.901000    0.030449    0.022131   -0.007699
    5.353000   -0.001318    0.001247   -0.018262
    0.055000   -0.004813    0.002987   -0.009151
   13.809000    0.016058    0.026220    0.030487
    3.119000   -0.006836    0.003663   -0.012509
    1.064000   -0.003358    0.001488    0.001659
    1.677000   -0.004912    0.004325   -0.009932
   16.959000    0.003450   -0.044741    0.028600
   12.670000    0.030083    0.015841   -0.014296
   18.267000    0.051576   -0.026016   -0.032423
   17.482000    0.031171   -0.062600    0.003718
    8.272000   -0.006243    0.009338   -0.000675
    6.186000    0.003522    0.006207   -0.018107
   18.708000    0.056625    0.005515   -0.014134
   12.713000    0.030054    0.016684   -0.011104
    1.859000   -0.005314    0.005004   -0.012729
   19.005000    0.071789    0.029177    0.039309
   11.013000    0.002989   -0.019091   -0.008075
    4.391000   -0.005545    0.000794   -0.014153
   13.778000    0.013617    0.029038    0.006877
    3.841000   -0.005617   -0.001905    0.002249
    4.698000   -0.004522    0.000331   -0.015134
    4.406000   -0.005033   -0.000964   -0.007958
   15.551000   -0.019454    0.000643    0.032531
    0.801000   -0.004231    0.002778   -0.006049
   13.856000    0.012240    0.029462    0.007153
   14.097000    0.006273    0.022166    0.031192
   19.904000    0.051419    0.051199    0.068062
   11.632000    0.024479   -0.032281   -0.008244
    2.258000   -0.005134    0.002457   -0.001680
   18.218000    0.051149   -0.039524   -0.019766
   15.074000   -0.016934    0.006736    0.051138
   18.477000    0.056529   -0.017574   -0.016940
   12.128000    0.028349   -0.010681   -0.013765
    7.488000    0.001295    0.013432   -0.009928
   17.791000    0.036091   -0.044482   -0.028108
    6.525000    0.005864    0.004771   -0.000118
    4.732000   -0.003801   -0.001472   -0.009779
   16.948000    0.003904   -0.047386    0.034357
   18.740000    0.063914    0.007186    0.013402
    2.092000   -0.005773    0.005376   -0.014952
    4.294000   -0.004063   -0.004421    0.004179
    4.131000   -0.006224    0.001522   -0.014278
   10.213000   -0.007368   -0.017459    0.024608
   14.160000    0.002932    0.024599    0.010257
    3.919000   -0.005448   -0.002263    0.002113
   15.452000   -0.018634   -0.002042    0.055329
    1.979000   -0.005386    0.004754   -0.011800
    0.908000   -0.003258    0.001197    0.002168
   11.595000    0.015354   -0.017043   -0.021347
    2.900000   -0.006837    0.004478   -0.014406
    6.422000    0.004901    0.005250   -0.005887
   15.285000   -0.018636    0.005226    0.033309
   19.343000    0.055559    0.040827    0.016379
   14.260000   -0.000399    0.020289    0.019277
    9.947000   -0.009842   -0.011109    0.020530
    0.975000   -0.004729    0.004855   -0.014598
    2.880000   -0.006034    0.001749   -0.002472
   18.481000    0.056382   -0.019232   -0.011429
   16.026000   -0.017140   -0.010913    0.031449
   17.788000    0.041351   -0.061312   -0.010602
    8.330000   -0.006553    0.008306    0.003258
    8.978000   -0.010379    0.001505    0.019237
   18.440000    0.055036   -0.015592   -0.025659
    7.650000   -0.000215    0.010961   -0.001551
   14.742000   -0.011835    0.015082    0.022263
   12.325000    0.031940   -0.005011   -0.004433
   12.548000    0.036367    0.003748    0.007856
    1.899000   -0.005283    0.004512   -0.010962
    7.190000    0.003188    0.012237   -0.010024
   17.427000    0.028773   -0.062349    0.007862
   18.731000    0.064983    0.006786    0.016588
    8.418000   -0.007110    0.007209    0.006663
   15.431000   -0.018953   -0.001279    0.052581
   18.314000    0.053090   -0.024881   -0.028310
    5.450000   -0.000268   -0.000405   -0.013269
    0.657000   -0.003522    0.001221    0.000638
   18.756000    0.053541    0.012907   -0.017014
   14.383000   -0.004068    0.019864    0.016659
   17.387000    0.022137   -0.054035    0.000638
    2.728000   -0.006509    0.004178   -0.011996
   10.484000   -0.003687   -0.022498    0.021683
   15.818000   -0.018946   -0.007564    0.041271
    2.993000   -0.005870    0.000815    0.001100
   13.867000    0.014454    0.025726    0.031913
   15.442000   -0.019499    0.000256    0.045796
    5.238000   -0.001669   -0.000415   -0.014051
   18.409000    0.051193   -0.014803   -0.033716
    6.483000    0.004637    0.007810   -0.012813
   15.552000   -0.019455   -0.003636    0.049783
   17.001000    0.006087   -0.049671    0.032999
   19.861000    0.037059    0.044172    0.026541
    3.746000   -0.006845    0.002473   -0.013695
    3.224000   -0.006785    0.003070   -0.010985
    2.858000   -0.005658    0.000892    0.002247
    3.265000   -0.006259    0.000995   -0.002752
    3.445000   -0.006622    0.001977   -0.008712
   15.246000   -0.018575    0.005615    0.036961
    3.464000   -0.006258    0.000370   -0.002410
   12.267000    0.027363    0.002411   -0.021895
   19.977000    0.047796    0.049833    0.067278
    2.153000   -0.004580    0.001770    0.002523
   17.770000    0.040768   -0.061244   -0.010405
    5.098000    0.000012   -0.005621   -0.001405
    1.887000   -0.004302    0.002038    0.001244
    8.699000   -0.009255    0.005054    0.010837
    9.411000   -0.011972    0.001279    0.002697
   10.742000   -0.002414   -0.015540   -0.004313
    6.767000    0.004801    0.008512   -0.005681
    4.188000   -0.005803    0.000348   -0.010380
   11.654000    0.017650   -0.018952   -0.019217
   13.571000    0.024783    0.029120    0.032603
   18.410000    0.054594   -0.018533   -0.025828
   10.105000   -0.009549   -0.007243    0.001854
    4.676000   -0.004597    0.000360   -0.014938
    7.273000    0.002555    0.011672   -0.006763
   15.906000   -0.018336   -0.008946    0.037914
   12.326000    0.028247    0.004311   -0.019873
    4.890000   -0.003650    0.000015   -0.014754
   18.029000    0.047438   -0.056721   -0.012932
    3.609000   -0.006262    0.000281   -0.003608
   13.157000    0.028841    0.026273    0.002609
    3.799000   -0.006112   -0.000193   -0.003947
    7.556000    0.000376    0.012456   -0.007493
   19.658000    0.050074    0.046430    0.034608
    4.244000   -0.004169   -0.004509    0.005034
    2.580000   -0.006305    0.004378   -0.012147
   15.810000   -0.018535   -0.013828    0.058987
    0.675000   -0.004650    0.003969   -0.011839
   14.516000   -0.007639    0.017134    0.022533
   12.675000    0.033192    0.012715    0.002447
   15.032000   -0.016980    0.008958    0.037051
   18.185000    0.050236   -0.040708   -0.020728
   14.234000    0.002132    0.020213    0.032715
   11.373000    0.020404   -0.036382   -0.002010
   10.736000   -0.000104   -0.023287    0.010618
    4.320000   -0.003890   -0.004705    0.004712
   17.116000    0.007992   -0.043722    0.009823
    6.492000    0.004719    0.008786   -0.016861
   14.447000   -0.004390    0.016723    0.037584
    3.416000   -0.005826   -0.000744    0.003136
    4.796000   -0.003892   -0.000331   -0.013375
    6.883000    0.004946    0.007939    0.001122
    8.832000   -0.010552    0.006568   -0.000559
    4.349000   -0.005112   -0.001333   -0.006532
   14.118000    0.003531    0.023076    0.013540
   10.324000   -0.007296   -0.012172    0.006572
   14.358000   -0.002741    0.021986    0.012738
    4.819000   -0.002316   -0.004565   -0.001845
   11.049000    0.011265   -0.034062    0.008708
    5.111000   -0.001726   -0.002167   -0.009933
   12.469000    0.029296    0.009005   -0.016451
    0.868000   -0.004221    0.002952   -0.006565
   17.009000    0.007060   -0.052841    0.037513
   15.447000   -0.019338    0.002388    0.033076
    1.646000   -0.005236    0.005536   -0.015616
    6.263000    0.003780    0.006055   -0.014511
    1.228000   -0.003673    0.002002    0.000012
    8.344000   -0.006475    0.007708    0.005847
    9.276000   -0.011009   -0.002173    0.022402
   12.852000    0.030312    0.020431   -0.006493
    6.498000    0.004516    0.008097   -0.013793
   16.698000   -0.003608   -0.040861    0.046310
    3.366000   -0.005925   -0.000452    0.002627
    7.615000   -0.000067    0.012614   -0.007775
   17.564000    0.029731   -0.056188   -0.007588
    4.800000   -0.002362   -0.004642   -0.001734
   19.506000    0.065063    0.050476    0.055126
   19.307000    0.071355    0.047399    0.055962
    2.154000   -0.005360    0.003592   -0.006924
    0.599000   -0.003351    0.000892    0.002173
    6.874000    0.004754    0.008383   -0.000932
    2.459000   -0.006160    0.004511   -0.011973
   19.649000    0.062339    0.052346    0.061953
   14.877000   -0.014599    0.009724    0.049080
   14.878000   -0.014252    0.012611    0.026400
   15.024000   -0.016721    0.007748    0.047903
   11.248000    0.018354   -0.037365    0.002427
    6.210000    0.006681    0.000662    0.000080
    6.944000    0.004355    0.010090   -0.006276
   17.703000    0.036486   -0.058777   -0.010307
    3.281000   -0.005939   -0.000001    0.001775
    9.583000   -0.011416   -0.003260    0.012372
   16.571000   -0.007729   -0.035413    0.049555
   10.157000   -0.009108   -0.008006    0.001816
   12.566000    0.029478    0.012390   -0.015111
   15.814000   -0.018710   -0.005209    0.032390
    7.475000    0.002121    0.009862    0.007422
   14.563000   -0.007942    0.014528    0.038532
    8.929000   -0.010742    0.004792    0.004843
   19.088000    0.073916    0.035245    0.047813
   17.926000    0.041156   -0.046215   -0.024274
   17.325000    0.020225   -0.054889    0.006782
    2.622000   -0.006443    0.004511   -0.012818
    8.659000   -0.009537    0.007734   -0.001234
    4.153000   -0.004528   -0.003856    0.004613
   15.005000   -0.016353    0.007785    0.049781
    9.042000   -0.010522    0.000757    0.021318
   13.970000    0.009093    0.028002    0.007776
    3.123000   -0.006205    0.001362   -0.002910
   16.096000   -0.016517   -0.013956    0.034991
   16.563000   -0.007953   -0.034917    0.048868
    2.743000   -0.006730    0.004733   -0.014483
   11.885000    0.030424   -0.028264   -0.006733
    8.900000   -0.009994    0.002199    0.020884
    5.156000   -0.002076   -0.000716   -0.013488
    5.870000    0.001821    0.003983   -0.019323
   12.559000    0.029796    0.012186   -0.015266
   17.787000    0.036158   -0.050745   -0.019376
   13.163000    0.035934    0.026981    0.029398
    6.613000    0.005069    0.007232   -0.005614
   17.324000    0.016319   -0.047467   -0.003161
   11.845000    0.025465   -0.023560   -0.013005
    7.839000   -0.001459    0.009984    0.003750
   14.193000    0.003270    0.020670    0.030654
    3.703000   -0.005416   -0.002225    0.005583
    5.071000   -0.000845   -0.004433   -0.003964
   16.155000   -0.015927   -0.019282    0.046906
   18.852000    0.067387    0.016885    0.024565
    9.564000   -0.011319   -0.003866    0.015063
   10.861000    0.000848   -0.019846   -0.000974
    1.456000   -0.004576    0.003833   -0.008460
    7.424000    0.002807    0.009636    0.008862
    5.277000   -0.000584   -0.002309   -0.009328
   17.570000    0.027913   -0.052702   -0.011437
   16.784000   -0.001583   -0.042067    0.040634
   13.141000    0.030622    0.026211    0.009867
    7.633000    0.000494    0.009947    0.005404
   17.594000    0.037251   -0.064483   -0.001966
   10.794000    0.001592   -0.025496    0.011117
   16.567000   -0.009561   -0.024958    0.023004
   18.895000    0.066503    0.020105    0.023527
    1.977000   -0.005267    0.004125   -0.009281
   19.087000    0.055338    0.031050    0.002395
   19.055000    0.072130    0.032987    0.042977
   11.245000    0.018246   -0.037428    0.002681
   15.352000   -0.018881    0.004171    0.031137
   19.691000    0.061725    0.052956    0.065202
    5.733000    0.000969    0.003066   -0.019187
   17.786000    0.038315   -0.056025   -0.014566
    1.780000   -0.004855    0.003755   -0.007386
   15.797000   -0.019059   -0.006118    0.038237
   16.743000   -0.005474   -0.030303    0.019713
    9.832000   -0.010321   -0.009637    0.021384
    1.451000   -0.005071    0.005504   -0.016101
   17.017000    0.007208   -0.051941    0.035229
   19.998000    0.028538    0.041422    0.020409
    3.657000   -0.006767    0.002377   -0.012403
    2.687000   -0.006628    0.004808   -0.014622
    6.316000    0.004003    0.006850   -0.016008
   13.207000    0.027267    0.026911    0.000435
   16.777000   -0.002805   -0.038219    0.034262
   10.736000   -0.002876   -0.014922   -0.005541
   16.257000   -0.014480   -0.024985    0.054651
    6.790000    0.006020    0.006598    0.004727
    3.007000   -0.005792    0.000543    0.002178
   12.575000    0.029951    0.012608   -0.014012
   19.907000    0.051513    0.051451    0.069539
    9.239000   -0.011594    0.002072    0.006227
    2.767000   -0.006506    0.004183   -0.012084
    0.377000   -0.003385    0.000630    0.002479
   15.428000   -0.019311   -0.000259    0.049265
    8.331000   -0.007025    0.009866   -0.003474
   14.903000   -0.015139    0.009342    0.047820
    4.877000   -0.003209   -0.001350   -0.011107
    9.402000   -0.011783    0.000718    0.005423
    6.561000    0.006837    0.004428    0.003364
   14.050000    0.006867    0.022590    0.023675
    0.100000   -0.005209    0.004574   -0.016193
    3.447000   -0.005843   -0.000705    0.002744
   13.724000    0.015102    0.028903    0.007569
   19.347000    0.055998    0.041256    0.018760
   16.967000    0.004598   -0.048273    0.034411
   10.703000   -0.002661   -0.016379   -0.000244
    6.221000    0.005708    0.001551   -0.001441
   14.481000   -0.006256    0.016536    0.027089
    9.537000   -0.011587   -0.001146    0.006844
   15.694000   -0.019462   -0.003762    0.039160
    5.702000    0.001704   -0.000475   -0.010493
    3.825000   -0.005419   -0.002361    0.004053
    0.285000   -0.003463    0.000521    0.002506
    4.664000   -0.002506   -0.005461    0.002155
    6.741000    0.005569    0.006844    0.000627
   12.736000    0.034836    0.014728    0.008409
   10.482000   -0.004935   -0.017091    0.010787
    4.536000   -0.004398   -0.001970   -0.006375
   11.935000    0.030889   -0.026423   -0.006725
    6.879000    0.004960    0.007694    0.001735
   16.974000    0.003696   -0.043908    0.025410
    8.557000   -0.008698    0.008118   -0.000840
   15.208000   -0.018437    0.004848    0.046835
   13.097000    0.028701    0.025469   -0.002278
   16.080000   -0.016752   -0.021379    0.059614
    3.089000   -0.005944    0.000691    0.000819
   10.572000   -0.004082   -0.016838    0.006295
    7.799000   -0.001079    0.010111    0.003326
   13.456000    0.026838    0.029174    0.023184
    8.622000   -0.009221    0.007995   -0.001701
   10.056000   -0.009162   -0.011874    0.017297
    3.862000   -0.006478    0.001470   -0.010888
    6.938000    0.004712    0.008543    0.000656
   16.214000   -0.014911   -0.026304    0.061458
    9.607000   -0.011352   -0.003214    0.011173
    2.743000   -0.005536    0.001218    0.001578
    6.257000    0.003885    0.005200   -0.012011
    5.569000    0.001046   -0.001519   -0.009783
    3.093000   -0.006971    0.004007   -0.013879
   19.270000    0.075072    0.046950    0.060685
   13.713000    0.015393    0.028608    0.007847
   16.607000   -0.006921   -0.035441    0.045339
    9.822000   -0.010649   -0.006851    0.013206
   19.377000    0.069909    0.049339    0.056817
    6.051000    0.002799    0.005263   -0.019049
    0.397000   -0.004930    0.004556   -0.015379
    5.341000   -0.001241    0.000509   -0.016327
    5.550000   -0.000039    0.000769   -0.015442
   16.636000   -0.007467   -0.030950    0.032384
   17.285000    0.020390   -0.059335    0.018574
   19.332000    0.073886    0.049307    0.062208
    9.931000   -0.010565   -0.005004    0.002464
    6.046000    0.005506   -0.000633   -0.001909
   12.786000    0.030320    0.018401   -0.007661
   10.233000   -0.007299   -0.016937    0.022073
    7.822000   -0.000970    0.009456    0.007893
    4.757000   -0.003803   -0.001235   -0.010375
    9.930000   -0.010420   -0.005284    0.003421
   17.013000    0.006804   -0.051214    0.034508
   13.320000    0.027263    0.028112    0.010705
   15.350000   -0.018532    0.000948    0.053452
   16.076000   -0.016820   -0.019800    0.055513
    0.613000   -0.004044    0.002120   -0.003782
    6.655000    0.005793    0.005950    0.000592
   10.849000    0.002935   -0.026784    0.010899
    1.209000   -0.003884    0.002279   -0.001534
    4.073000   -0.004913   -0.003299    0.003710
    5.835000    0.005595   -0.003455   -0.000758
    4.910000   -0.000596   -0.006741    0.001958
    7.919000   -0.002932    0.012072   -0.006639
   17.478000    0.027857   -0.058508    0.000055
   11.414000    0.010702   -0.018087   -0.019024
    6.606000    0.004770    0.008760   -0.012342
   11.329000    0.009710   -0.020392   -0.014555
   15.465000   -0.019019   -0.002272    0.053516
    9.554000   -0.011217   -0.004378    0.017040
    2.042000   -0.004877    0.002698   -0.002512
   13.904000    0.010968    0.028889    0.007427
   11.428000    0.022221   -0.037163   -0.002544
    8.404000   -0.007011    0.007234    0.007359
   10.353000   -0.005661   -0.020156    0.023789
    7.425000    0.001628    0.011881   -0.005781
    0.866000   -0.003711    0.001712   -0.000603
    9.831000   -0.010973   -0.003537    0.002125
   14.651000   -0.010080    0.013122    0.042744
   19.426000    0.055568    0.043174    0.024331
   19.375000    0.070024    0.049158    0.057125
    9.697000   -0.011288   -0.002430    0.004715
   16.520000   -0.009591   -0.029668    0.040154
   11.571000    0.025160   -0.035747   -0.005409
    6.450000    0.006913    0.003294    0.002221
    7.326000    0.002214    0.012098   -0.008042
   10.424000   -0.006710   -0.011815    0.000509
   11.734000    0.028578   -0.033237   -0.006839
    0.511000   -0.004900    0.004773   -0.016126
    6.046000    0.002707    0.004783   -0.017027
   13.140000    0.035568    0.026628    0.026596
    2.247000   -0.004902    0.002027    0.000573
    9.487000   -0.011595   -0.001419    0.009763
   13.692000    0.016496    0.028549    0.009242
   17.899000    0.041011   -0.041018   -0.032546
   10.517000   -0.005288   -0.013975    0.002539
   12.539000    0.032031    0.008423   -0.005222
    4.803000   -0.003390   -0.001881   -0.008977
    9.611000   -0.011103   -0.005349    0.017687
   14.415000   -0.004766    0.020119    0.015430
   19.186000    0.072571    0.041910    0.051341
    3.220000   -0.006114    0.000680   -0.000742
   16.576000   -0.009107   -0.027694    0.029656
    7.550000    0.001492    0.009925    0.007400
    8.940000   -0.010796    0.004838    0.004481
    4.593000   -0.004831    0.000404   -0.014557
   12.243000    0.029324   -0.004113   -0.013341
    3.425000   -0.006763    0.002601   -0.010950
    7.228000    0.003333    0.009651    0.003078
    5.723000    0.001015    0.001461   -0.015035
   19.885000    0.040519    0.045554    0.035175
   15.370000   -0.019190    0.003437    0.036069
   14.830000   -0.014410    0.011412    0.036545
   17.373000    0.022413   -0.056049    0.004662
    0.438000   -0.003432    0.000763    0.002116
   17.261000    0.018865   -0.058223    0.019320
   11.217000    0.007659   -0.021123   -0.011311
   17.905000    0.044284   -0.058860   -0.013385
    6.418000    0.007018    0.002898    0.002375
    9.411000   -0.012039    0.001329    0.001727
    8.325000   -0.006477    0.008253    0.003074
   18.643000    0.061939   -0.001817    0.009139
    6.042000    0.004357    0.000761   -0.005565
    1.931000   -0.005242    0.004339   -0.010130
   16.612000   -0.007388   -0.032898    0.039213
   15.751000   -0.019095   -0.009467    0.051743
    4.156000   -0.004581   -0.003887    0.004579
   16.686000   -0.007052   -0.027398    0.018083
    7.421000    0.002299    0.010321    0.003670
   10.281000   -0.006987   -0.016252    0.018137
    4.117000   -0.006127    0.001070   -0.012279
    2.214000   -0.005017    0.002301   -0.000711
   18.522000    0.056954   -0.012011   -0.018025
    7.136000    0.003800    0.009963   -0.000398
   19.179000    0.075667    0.041503    0.056268
    4.166000   -0.005217   -0.002308   -0.001008
   14.431000   -0.005511    0.018616    0.019175
   10.419000   -0.006864   -0.011245   -0.000507
    9.605000   -0.011636   -0.000915    0.002942
   19.096000    0.073685    0.035811    0.047705
   17.772000    0.035265   -0.044108   -0.028356
    0.647000   -0.004541    0.003446   -0.009736
    3.874000   -0.005500   -0.002120    0.002452
   19.311000    0.057147    0.040871    0.021489
   16.222000   -0.015003   -0.022874    0.051167
    8.766000   -0.009629    0.004454    0.011762
   13.822000    0.015712    0.026147    0.031221
    7.596000    0.000932    0.010040    0.006052
    7.286000    0.002500    0.012062   -0.008509
   16.106000   -0.016373   -0.014133    0.034374
   17.740000    0.042168   -0.064643   -0.007452
   12.566000    0.031016    0.010337   -0.007507
   14.989000   -0.016626    0.008611    0.043785
    4.396000   -0.003740   -0.004634    0.003276
   15.268000   -0.018842    0.004673    0.040942
   16.156000   -0.015889   -0.022676    0.057066
    3.779000   -0.005547   -0.002064    0.003660
    3.407000   -0.006451    0.001187   -0.005082
   12.163000    0.032863   -0.016096   -0.003823
   16.319000   -0.013674   -0.019165    0.028882
   17.875000    0.042524   -0.057578   -0.014319
   14.494000   -0.006210    0.015807    0.033824
   18.102000    0.048142   -0.045951   -0.019880
   12.334000    0.032551   -0.005672   -0.002391
    7.372000    0.001755    0.012567   -0.009531
    0.393000   -0.004948    0.004584   -0.015452
   17.289000    0.020323   -0.058884    0.017531
   17.579000    0.036484   -0.064259   -0.001392
   12.265000    0.033016   -0.010119   -0.002843
   17.663000    0.036995   -0.061579   -0.006927
   14.315000   -0.002191    0.020988    0.014846
    0.718000   -0.003948    0.002087   -0.003085
   15.930000   -0.018066   -0.015816    0.055477
   12.045000    0.032032   -0.021837   -0.005269
    9.666000   -0.010965   -0.006336    0.018630
    7.431000    0.001449    0.012975   -0.009760
   18.931000    0.055476    0.021832   -0.004956
    7.116000    0.003543    0.010546   -0.004292
   14.417000   -0.004275    0.017354    0.026835
    3.919000   -0.006510    0.001723   -0.012634
   12.683000    0.033282    0.012809    0.002992
    7.605000    0.000863    0.009931    0.005913
    3.889000   -0.006472    0.001552   -0.011579
   14.070000    0.005574    0.023148    0.016974
    1.864000   -0.005198    0.004564   -0.010967
    3.922000   -0.005566   -0.001943    0.001166
    7.913000   -0.002811    0.012114   -0.006247
   16.617000   -0.006510   -0.036572    0.046956
    9.087000   -0.011483    0.004212    0.002313
    0.326000   -0.003970    0.001397   -0.001319
    3.797000   -0.006605    0.001701   -0.011191
    2.382000   -0.005822    0.003950   -0.009381
    6.041000    0.005192   -0.000149   -0.003044
   13.464000    0.024099    0.028654    0.013459
   15.680000   -0.019514   -0.003173    0.037811
   12.473000    0.030252    0.007376   -0.012239
   11.424000    0.023522   -0.038589   -0.001708
   18.184000    0.049199   -0.029332   -0.038331
   15.585000   -0.019397   -0.005093    0.051790
    1.714000   -0.005262    0.005410   -0.014749
   10.874000    0.001948   -0.022554    0.003359
    7.275000    0.003633    0.009265    0.007604
    0.421000   -0.003615    0.000967    0.000943
   16.894000   -0.000495   -0.036759    0.018876
    2.660000   -0.005572    0.001662    0.000084
    8.003000   -0.003662    0.010352   -0.001307
    6.238000    0.004463    0.003433   -0.007121
   15.213000   -0.017765    0.004082    0.053311
   11.414000    0.012662   -0.022137   -0.014856
   13.149000    0.037294    0.027069    0.030851
    7.372000    0.002001    0.012665   -0.009047
   18.514000    0.057255   -0.014899   -0.013763
    1.999000   -0.004840    0.002774   -0.002827
   18.989000    0.065829    0.026521    0.025560
   12.590000    0.030668    0.012071   -0.010159
    9.197000   -0.011525    0.002048    0.007791
   14.840000   -0.013918    0.012949    0.027014
    1.817000   -0.004737    0.003113   -0.004448
   17.024000    0.003742   -0.039529    0.011725
    8.078000   -0.003600    0.008644    0.007086
    9.960000   -0.009740   -0.010370    0.017480
    9.552000   -0.011408   -0.002384    0.010291
    6.554000    0.004684    0.008771   -0.014388
   14.299000   -0.001001    0.019309    0.023334
    7.385000    0.002516    0.010038    0.004756
    4.825000   -0.002044   -0.004816   -0.001224
    0.992000   -0.004052    0.002438   -0.003817
    1.013000   -0.004097    0.002624   -0.004583
    2.784000   -0.006436    0.003617   -0.010077
    2.750000   -0.005778    0.001776   -0.001528
    0.445000   -0.004779    0.004001   -0.012626
   11.371000    0.017346   -0.032004   -0.005146
   17.769000    0.042176   -0.063439   -0.008897
    3.249000   -0.006595    0.002364   -0.008435
   13.718000    0.019176    0.027454    0.029703
    7.870000   -0.002368    0.011238   -0.004085
   14.292000   -0.001192    0.020074    0.019314
   17.897000    0.042908   -0.056506   -0.015011
    9.598000   -0.011570   -0.001154    0.003902
    7.982000   -0.002648    0.008967    0.007071
    0.646000   -0.004835    0.004847   -0.015990
    2.628000   -0.005879    0.002611   -0.004620
   11.533000    0.013691   -0.016686   -0.022410
   19.409000    0.053631    0.041593    0.015588
   17.548000    0.032357   -0.061012   -0.002022
    7.667000   -0.000526    0.012617   -0.007701
    6.032000    0.004785    0.000139   -0.004096
   12.893000    0.030350    0.021426   -0.005469
   12.035000    0.025119   -0.008019   -0.021521
    3.330000   -0.006786    0.002858   -0.010897
   10.261000   -0.007403   -0.014388    0.014690
    1.355000   -0.003755    0.002025    0.000211
   16.846000    0.000587   -0.044662    0.039235
    2.658000   -0.005501    0.001495    0.000970
    4.839000   -0.003607   -0.000869   -0.012175
   12.744000    0.036254    0.014111    0.012303
   11.925000    0.022444   -0.008599   -0.026226
    5.863000    0.001770    0.003874   -0.019245
   10.196000   -0.007950   -0.014113    0.016679
   15.907000   -0.018300   -0.014045    0.052685
    6.841000    0.004555    0.009538   -0.007247
    0.664000   -0.004205    0.002655   -0.006034
    9.891000   -0.009921   -0.011817    0.025011
   11.430000    0.018633   -0.031933   -0.006651
    7.418000    0.002721    0.009746    0.008383
   16.163000   -0.015709   -0.015498    0.032788
   18.128000    0.048471   -0.041684   -0.022727
   15.027000   -0.016697    0.007612    0.048605
    0.650000   -0.004091    0.002177   -0.003973
   14.006000    0.008075    0.023455    0.020848
    0.766000   -0.004575    0.003749   -0.010800
   17.737000    0.036535   -0.056588   -0.012885
   10.283000   -0.007614   -0.011901    0.007535
    9.988000   -0.009493   -0.012178    0.021169
    6.412000    0.006760    0.002818    0.001710
   10.268000   -0.007514   -0.013621    0.012632
   10.621000   -0.000716   -0.026305    0.021767
    5.829000    0.006131   -0.003888   -0.000357
    4.668000   -0.002787   -0.004984    0.000851
   13.025000    0.036009    0.023940    0.021370
   19.323000    0.058488    0.041810    0.026167
    1.431000   -0.004869    0.005094   -0.013867
    2.766000   -0.005399    0.000685    0.004093
   12.551000    0.032739    0.007573   -0.001974
   19.832000    0.051894    0.050289    0.057764
    4.621000   -0.003627   -0.003342   -0.003206
    3.676000   -0.006126   -0.000123   -0.002653
   12.453000    0.030505    0.006091   -0.011011
   15.326000   -0.018440    0.001598    0.052980
    4.471000   -0.004519   -0.002118   -0.005283
   11.538000    0.016072   -0.022852   -0.015392
    1.370000   -0.004865    0.005162   -0.014493
   16.217000   -0.014915   -0.026330    0.061519
   10.300000   -0.006287   -0.019036    0.024072
    0.517000   -0.003863    0.001539   -0.001266
    0.932000   -0.004661    0.004418   -0.012685
    9.985000   -0.009540   -0.011383    0.019296
    9.515000   -0.011148   -0.005445    0.022978
   14.586000   -0.008732    0.017862    0.018319
   18.805000    0.067095    0.013301    0.022751
   13.501000    0.026743    0.029316    0.031703
    6.887000    0.004281    0.009735   -0.007304
   19.319000    0.055404    0.040007    0.013642
    2.164000   -0.004684    0.001928    0.001668
   11.553000    0.022030   -0.031980   -0.008355
   16.522000   -0.009106   -0.032475    0.047071
   11.459000    0.016315   -0.026501   -0.011468
   18.347000    0.052917   -0.021142   -0.030771
   13.989000    0.007529    0.025440    0.010835
    4.330000   -0.005127   -0.001313   -0.006211
    2.149000   -0.005342    0.003458   -0.006374
    6.914000    0.004266    0.011223   -0.012999
    0.323000   -0.004917    0.004179   -0.013728
   17.541000    0.024089   -0.047722   -0.016005
   14.207000    0.000850    0.022257    0.013915
   12.054000    0.024839   -0.005032   -0.025422
    2.499000   -0.006177    0.004438   -0.012016
    5.127000   -0.001528   -0.002393   -0.009099
    7.393000    0.002535    0.009726    0.005969
    7.416000    0.001949    0.010482    0.001323
   12.357000    0.027944    0.005707   -0.021258
    2.716000   -0.005648    0.001427    0.000462
    7.055000    0.003912    0.009939   -0.002890
   15.322000   -0.019095    0.003128    0.044366
    8.972000   -0.010865    0.003906    0.007893
    5.749000    0.005581   -0.004531   -0.000709
    2.439000   -0.005978    0.004159   -0.010476
    7.759000   -0.000710    0.010036    0.003957
    9.727000   -0.010632   -0.009388    0.026467
    5.279000   -0.000141   -0.003203   -0.007081
    8.871000   -0.010002    0.002678    0.018485
   12.782000    0.034931    0.015894    0.010755
   11.114000    0.012522   -0.034044    0.005561
    5.701000    0.000876    0.002057   -0.016659
    9.369000   -0.011178   -0.003093    0.021233
    8.313000   -0.005608    0.006934    0.015497
    1.077000   -0.004464    0.003695   -0.009225
   10.277000   -0.006427   -0.019277    0.025503
   11.368000    0.012950   -0.024524   -0.011808
   11.435000    0.018549   -0.031527   -0.006959
    9.393000   -0.011131   -0.003865    0.024115
    9.390000   -0.011155   -0.003880    0.023527
   11.354000    0.016049   -0.030630   -0.005984
   17.961000    0.045801   -0.057710   -0.013782
    1.767000   -0.004052    0.002092    0.001472
   17.761000    0.040887   -0.061952   -0.009777
    7.689000    0.000161    0.009824    0.006718
    9.025000   -0.010950    0.002808    0.011007
    0.006000   -0.003942    0.000835    0.000830
    9.160000   -0.011470    0.002797    0.005791
   14.944000   -0.016128    0.009218    0.042773
    7.722000   -0.000756    0.010874   -0.001100
    4.028000   -0.005912   -0.000207   -0.006735
   13.182000    0.027899    0.026860   -0.000624
   14.724000   -0.011550    0.015422    0.021928
   13.086000    0.033738    0.025581    0.017433
    7.179000    0.002998    0.011759   -0.008922
    1.391000   -0.004815    0.004942   -0.013230
    5.940000    0.003505    0.000471   -0.007472
   18.545000    0.058234   -0.011727    0.001751
    3.948000   -0.006453    0.001730   -0.012816
   10.846000    0.002790   -0.026378    0.010144
   17.962000    0.043547   -0.038347   -0.035843
   19.821000    0.055793    0.052452    0.068501
    8.944000   -0.010702    0.003969    0.008383
   13.658000    0.016541    0.030014    0.005789
   15.961000   -0.017848   -0.016017    0.053736
    9.854000   -0.010822   -0.004262    0.003578
    8.855000   -0.010661    0.006417   -0.000813
   10.592000   -0.002775   -0.020943    0.013366
    6.742000    0.004917    0.007644   -0.002797
   16.942000    0.002482   -0.043171    0.027659
    7.462000    0.001315    0.011407   -0.003630
   10.487000   -0.003478   -0.023144    0.022944
    2.406000   -0.006012    0.004520   -0.011780
   10.510000   -0.003256   -0.022696    0.020992
   10.851000   -0.001321   -0.015674   -0.008343
    5.603000    0.000289    0.001650   -0.017294
   10.702000   -0.000230   -0.024849    0.014991
    3.568000   -0.006198    0.000195   -0.002604
   16.066000   -0.016668   -0.011988    0.030471
    3.267000   -0.005861   -0.000208    0.002692
    7.083000    0.004795    0.008706    0.005979
   11.981000    0.028932   -0.020888   -0.010550
    1.123000   -0.003889    0.002328   -0.002417
   10.037000   -0.009146   -0.012087    0.018563
   11.297000    0.019897   -0.037968    0.001251
    4.862000   -0.002787   -0.002734   -0.007204
    4.111000   -0.005550   -0.001324   -0.003843
   19.503000    0.068222    0.051948    0.061569
   16.717000   -0.006107   -0.029505    0.020470
    2.953000   -0.005721    0.000635    0.002291
    9.462000   -0.011320   -0.004329    0.021290
    0.686000   -0.003500    0.001158    0.000979
   14.544000   -0.008168    0.017380    0.020462
    8.312000   -0.005713    0.006900    0.013236
   12.309000    0.032752   -0.006546   -0.002917
    7.355000    0.002988    0.009753    0.006201
    5.980000    0.002582    0.003330   -0.014736
    2.383000   -0.006078    0.004806   -0.012998
   14.015000    0.008882    0.023245    0.029813
    3.190000   -0.006810    0.003333   -0.011827
   11.483000    0.024215   -0.037590   -0.003078
   12.883000    0.037303    0.019475    0.018400
    9.319000   -0.011996    0.002248    0.001810
   11.514000    0.025076   -0.037614   -0.003481
    9.760000   -0.011303   -0.002628    0.001998
    9.979000   -0.009243   -0.013748    0.026964
    5.401000   -0.001085    0.001369   -0.018482
    4.395000   -0.003504   -0.005238    0.004802
    7.250000    0.002829    0.011156   -0.004916
   14.930000   -0.015584    0.010808    0.033647
   10.801000    0.000470   -0.021669    0.004669
   12.309000    0.032907   -0.007006   -0.002200
    3.258000   -0.006592    0.002279   -0.007958
   16.581000   -0.008278   -0.031512    0.039054
    3.682000   -0.006951    0.002751   -0.014315
   15.136000   -0.017946    0.006325    0.045021
   11.407000    0.021079   -0.036211   -0.003139
   18.510000    0.053166   -0.007308   -0.027718
   16.441000   -0.011017   -0.031059    0.053201
   15.234000   -0.018242    0.003862    0.051027
   10.494000   -0.003657   -0.022127    0.020305
    4.963000   -0.003387    0.000628   -0.017403
    6.596000    0.004750    0.009609   -0.016441
    2.436000   -0.005907    0.003779   -0.008849
    3.617000   -0.006081   -0.000266   -0.001290
   12.529000    0.029593    0.010633   -0.014602
    2.995000   -0.006559    0.003045   -0.009026
    7.123000    0.004123    0.009345    0.003008
    6.214000    0.003907    0.004124   -0.010147
   16.363000   -0.012928   -0.022546    0.035591
   14.629000   -0.010077    0.016109    0.022502
   12.987000    0.030486    0.023337    0.000406
    2.563000   -0.005054    0.001039    0.004308
   10.686000   -0.000617   -0.024059    0.014473
   11.412000    0.022489   -0.037858   -0.001652
    3.039000   -0.006853    0.003970   -0.013212
   15.743000   -0.019305   -0.007917    0.048259
   12.745000    0.037178    0.013874    0.014269
   17.665000    0.039011   -0.063727   -0.005659
   13.389000    0.026946    0.028776    0.016331
   16.939000    0.000580   -0.036601    0.014271
   17.813000    0.039768   -0.056946   -0.014267
    8.694000   -0.009702    0.007532   -0.001225
    7.988000   -0.003535    0.011068   -0.003986
    2.714000   -0.005533    0.001234    0.001631
   14.281000   -0.000992    0.022326    0.012468
   16.380000   -0.012835   -0.020878    0.028911
    8.353000   -0.006056    0.006804    0.013126
   10.976000    0.002921   -0.020372   -0.004487
   13.169000    0.029362    0.026412    0.007084
   13.659000    0.016763    0.029963    0.006016
   12.153000    0.026888   -0.004654   -0.019685
    2.817000   -0.005784    0.001389   -0.000113
    5.652000    0.004472   -0.004733   -0.001424
   17.384000    0.023397   -0.057035    0.005309
   10.904000    0.001945   -0.020783   -0.001136
    2.145000   -0.005814    0.005347   -0.014635
   12.675000    0.030437    0.015059   -0.008892
    6.730000    0.004563    0.009970   -0.013037
   17.539000    0.025622   -0.051006   -0.011661
    7.343000    0.003396    0.009548    0.008357
   14.154000    0.003687    0.025577    0.009540
    3.405000   -0.006989    0.003317   -0.013602
   15.959000   -0.018039   -0.011558    0.041620
    5.435000   -0.000364   -0.000494   -0.013372
    8.654000   -0.008776    0.004818    0.013727
   15.442000   -0.019360    0.002364    0.034234
    7.109000    0.004626    0.008667    0.006380
   17.007000    0.005695   -0.048296    0.030768
    1.663000   -0.005206    0.005469   -0.015028
    2.283000   -0.006022    0.005111   -0.014194
    9.451000   -0.011529   -0.002104    0.013836
   16.547000   -0.008881   -0.031320    0.041801
   11.924000    0.029900   -0.025621   -0.007921
    0.945000   -0.003939    0.002376   -0.003334
    2.514000   -0.005418    0.001885   -0.000006
    8.777000   -0.009364    0.003490    0.018075
   13.470000    0.025889    0.028907    0.021908
   10.422000   -0.004864   -0.020655    0.020898
    9.136000   -0.011665    0.003855    0.001594
   17.992000    0.046850   -0.058542   -0.012434
   19.352000    0.066602    0.046988    0.048458
    3.365000   -0.006828    0.002927   -0.011698
    1.556000   -0.004839    0.004316   -0.010271
    1.759000   -0.004374    0.002530   -0.001222
    0.352000   -0.004903    0.004319   -0.014379
    1.013000   -0.004717    0.004838   -0.014378
   18.774000    0.061869    0.008956    0.004315
   18.158000    0.049448   -0.049005   -0.013885
   17.249000    0.016983   -0.055176    0.015880
    1.357000   -0.004745    0.004776   -0.012578
   11.128000    0.004155   -0.017957   -0.013128
   10.552000   -0.003368   -0.020881    0.015099
   18.241000    0.050625   -0.042083   -0.013181
   12.826000    0.031396    0.019014   -0.001610
   16.251000   -0.014549   -0.024255    0.052812
    3.543000   -0.005906   -0.000845    0.002079
   17.496000    0.027321   -0.056459   -0.003540
    1.253000   -0.004416    0.003655   -0.008205
   17.201000    0.015586   -0.057230    0.025132
   18.220000    0.051037   -0.039352   -0.020052
   13.807000    0.013139    0.029297    0.006845
    9.815000   -0.011004   -0.003941    0.004197
    6.679000    0.004578    0.009386   -0.012731
    9.609000   -0.010873   -0.007249    0.025731
   14.998000   -0.015891    0.010510    0.028263
    2.894000   -0.006372    0.002906   -0.007583
    2.879000   -0.006049    0.001795   -0.002555
   12.726000    0.037857    0.012477    0.015235
   10.509000   -0.004132   -0.019793    0.015055
   19.602000    0.049075    0.044655    0.025432
    5.936000    0.004440   -0.000668   -0.004428
   13.582000    0.023576    0.028857    0.026089
   10.111000   -0.008881   -0.010571    0.011038
    8.784000   -0.009591    0.003823    0.014563
   13.783000    0.014181    0.027411    0.011507
   11.090000    0.010211   -0.031305    0.004177
    4.221000   -0.005327   -0.001552   -0.004124
    6.440000    0.006042    0.003766   -0.000373
    5.470000   -0.000628    0.001618   -0.018638
    0.068000   -0.004207    0.001411   -0.001982
   11.671000    0.018507   -0.020147   -0.017956
    5.075000   -0.002136   -0.001530   -0.011470
    3.586000   -0.006684    0.002004   -0.009961
    4.032000   -0.006395    0.001666   -0.013909
   11.874000    0.024134   -0.018884   -0.016705
    5.303000    0.002523   -0.007041    0.000311
    7.371000    0.003276    0.009693    0.008686
    2.852000   -0.005569    0.000681    0.003224
    1.994000   -0.005547    0.005124   -0.013626
    9.233000   -0.011756    0.002817    0.003354
   10.374000   -0.005106   -0.021151    0.024624
    6.742000    0.006151    0.006206    0.003948
    0.605000   -0.004571    0.003626   -0.010682
    8.322000   -0.005694    0.006852    0.014336
   18.424000    0.054278   -0.025364   -0.008700
    4.352000   -0.004242   -0.003906    0.001816
   13.348000    0.024348    0.028208    0.003418
   15.699000   -0.019188   -0.008785    0.053519
   17.613000    0.027532   -0.048330   -0.017769
   13.535000    0.025646    0.028972    0.034215
    5.103000   -0.002767    0.000645   -0.017168
   19.953000    0.030648    0.042250    0.021622
   19.754000    0.041649    0.044836    0.026279
    1.129000   -0.004398    0.003394   -0.007656
   10.350000   -0.006420   -0.016057    0.014228
    5.851000    0.003596   -0.001203   -0.005453
   14.598000   -0.008736    0.018044    0.017177
   15.929000   -0.017845   -0.017772    0.060995
   15.053000   -0.016765    0.009325    0.032168
    1.615000   -0.004403    0.002815   -0.003057
   19.353000    0.075803    0.050382    0.066708
    8.884000   -0.009989    0.002323    0.020357
   12.881000    0.038938    0.018840    0.022026
   16.152000   -0.015921   -0.023609    0.059776
   18.105000    0.048611   -0.049171   -0.016853
    2.510000   -0.005442    0.001961   -0.000477
   19.815000    0.046202    0.047357    0.042006
    0.128000   -0.004043    0.001251   -0.000992
   10.345000   -0.007511   -0.010801    0.001517
    6.002000    0.002532    0.004044   -0.016230
    6.942000    0.004123    0.011261   -0.012062
   15.660000   -0.019403   -0.006607    0.050410
   18.097000    0.047705   -0.033174   -0.037868
    7.892000   -0.001981    0.009646    0.003897
   10.332000   -0.006598   -0.016258    0.015914
    8.285000   -0.005546    0.007279    0.010215
    4.598000   -0.002763   -0.005483    0.002873
   17.804000    0.043153   -0.063280   -0.009438
   10.253000   -0.008552   -0.008837   -0.000523
   11.066000    0.012301   -0.034843    0.008148
    5.395000    0.001506   -0.004450   -0.004349
   11.714000    0.019392   -0.018843   -0.019359
    8.220000   -0.005570    0.009029    0.001897
    9.043000   -0.010767    0.001596    0.015718
    8.291000   -0.006425    0.009551   -0.001317
   19.405000    0.063087    0.046855    0.043657
    6.892000    0.004603    0.009745   -0.005994
   18.757000    0.060083    0.007639   -0.002676
    9.058000   -0.011462    0.004734    0.000513
   19.128000    0.062116    0.034344    0.025061
    1.887000   -0.004056    0.001705    0.003364
   11.298000    0.018096   -0.035895   -0.000052
    9.994000   -0.010233   -0.006028    0.002961
    6.633000    0.004723    0.007283   -0.005983
    1.069000   -0.004161    0.002852   -0.005094
    0.199000   -0.004436    0.002234   -0.005732
    3.436000   -0.006867    0.002876   -0.011924
    4.308000   -0.005687    0.000812   -0.013206
   11.498000    0.017070   -0.026434   -0.011819
    9.094000   -0.011514    0.003929    0.003721
    8.882000   -0.010629    0.005457    0.003762
   19.494000    0.073964    0.053790    0.072263
   16.994000    0.006523   -0.052382    0.037991
   15.513000   -0.019700   -0.000264    0.041289
    0.846000   -0.004553    0.004126   -0.011893
   15.042000   -0.017200    0.008086    0.042820
   11.623000    0.026040   -0.034715   -0.006441
   15.024000   -0.016748    0.009327    0.035178
    3.402000   -0.006487    0.001442   -0.005962
   16.980000    0.004548   -0.046552    0.029863
    6.802000    0.004535    0.009080   -0.006637
    4.759000   -0.001719   -0.006122    0.002531
    9.652000   -0.010823   -0.007967    0.025523
   10.581000   -0.002248   -0.023363    0.018742
   14.187000    0.003497    0.020864    0.031108
   10.583000   -0.002501   -0.022902    0.017526
   13.425000    0.026848    0.028945    0.019553
   19.151000    0.072083    0.039708    0.048473
   10.350000   -0.007546   -0.010397   -0.000683
   11.562000    0.017950   -0.024911   -0.013847
   18.652000    0.058551   -0.000890   -0.011569
   16.538000   -0.009663   -0.027944    0.034020
    4.176000   -0.005859    0.000407   -0.010436
   16.810000    0.000305   -0.045881    0.043486
    0.882000   -0.004513    0.003692   -0.009894
    3.906000   -0.005975   -0.000491   -0.004109
    6.667000    0.004821    0.008028   -0.007015
    6.356000    0.005410    0.003613   -0.003271
   15.159000   -0.018151    0.005956    0.045328
   17.679000    0.031750   -0.051497   -0.016296
    3.537000   -0.005953   -0.000797    0.001775
    0.324000   -0.004359    0.002341   -0.005758
    0.185000   -0.004099    0.001348   -0.001655
   12.426000    0.030296    0.005045   -0.011435
    0.324000   -0.004962    0.004390   -0.014725
    9.439000   -0.011699    0.000272    0.005650
    2.518000   -0.005228    0.001564    0.001833
    6.628000    0.005058    0.007202   -0.005057
    9.102000   -0.011559    0.004091    0.002313
   17.183000    0.013650   -0.053085    0.019551
   11.086000    0.005284   -0.021395   -0.007307
    7.913000   -0.001738    0.009106    0.009047
   15.368000   -0.019257    0.003296    0.037169
    1.390000   -0.004365    0.003221   -0.005649
   17.530000    0.032218   -0.061698   -0.000340
    6.312000    0.005908    0.002442   -0.001308
    2.512000   -0.005094    0.001199    0.003496
   17.347000    0.022647   -0.058483    0.010692
    8.605000   -0.009001    0.007424    0.001454
    2.968000   -0.006852    0.004148   -0.013446
    5.178000   -0.000687   -0.003641   -0.006219
    0.304000   -0.003557    0.000747    0.001757
    1.187000   -0.003626    0.001924    0.000224
   10.310000   -0.006143   -0.019570    0.024889
   18.851000    0.059592    0.015096    0.000552
   11.128000    0.004490   -0.018501   -0.012989
    7.128000    0.003839    0.009777   -0.000160
    9.260000   -0.011731    0.002324    0.004106
   14.636000   -0.010333    0.015669    0.024038
    5.082000   -0.002689   -0.000089   -0.015249
   14.145000    0.004816    0.021438    0.031723
   18.853000    0.059222    0.014945   -0.000969
   13.127000    0.028625    0.026196   -0.001536
    3.971000   -0.005280   -0.002586    0.002764
   11.543000    0.025888   -0.037529   -0.004164
   14.717000   -0.011781    0.012102    0.044067
   19.421000    0.058393    0.044623    0.032933
   19.404000    0.067780    0.049072    0.054043
    3.897000   -0.006405    0.001212   -0.010416
   15.605000   -0.019628   -0.001461    0.037833
   13.733000    0.015115    0.028538    0.008309
    0.333000   -0.004912    0.004150   -0.013549
    2.398000   -0.004966    0.001587    0.002467
   15.328000   -0.018957    0.002058    0.048980
    7.948000   -0.003258    0.011738   -0.005787
   14.905000   -0.015286    0.009447    0.046485
    2.947000   -0.005799    0.000782    0.001550
   13.495000    0.027108    0.029402    0.031627
   17.848000    0.042093   -0.058753   -0.013300
    6.825000    0.005819    0.006802    0.004533
   15.125000   -0.017548    0.007929    0.033931
   19.923000    0.050454    0.050804    0.067187
   15.179000   -0.018131    0.005246    0.047373
    4.766000   -0.002058   -0.005479    0.000888
    6.844000    0.004470    0.010651   -0.012195
   10.472000   -0.006408   -0.011700   -0.002611
    0.261000   -0.004290    0.001938   -0.004399
    3.921000   -0.006697    0.002123   -0.014369
   10.959000    0.004438   -0.024871    0.002756
   19.307000    0.055934    0.040062    0.016095
    9.110000   -0.011183    0.001408    0.013590
   12.723000    0.030412    0.017035   -0.010678
   18.995000    0.055264    0.026934   -0.004065
    1.987000   -0.004178    0.001695    0.003539
   19.689000    0.060788    0.052467    0.063032
    5.213000   -0.000876   -0.002587   -0.008665
   10.254000   -0.007058   -0.017256    0.021783
   19.265000    0.055714    0.038654    0.012838
   15.739000   -0.018810   -0.011412    0.057590
    5.867000    0.003785   -0.001002   -0.005455
    8.183000   -0.005468    0.010156   -0.002360
    3.884000   -0.006457    0.001349   -0.010656
    3.284000   -0.006331    0.001320   -0.004171
    5.822000    0.002080    0.000753   -0.011244
    1.265000   -0.004496    0.003788   -0.008682
   11.552000    0.020950   -0.030424   -0.009333
   19.617000    0.065644    0.053171    0.065573
   18.411000    0.053971   -0.026086   -0.007050
    0.207000   -0.004072    0.001390   -0.001596
   16.149000   -0.015976   -0.017175    0.040603
    5.975000    0.005329   -0.001317   -0.002252
   12.092000    0.030952   -0.017992   -0.006769
    4.138000   -0.006019    0.000693   -0.010966
    2.374000   -0.004845    0.001383    0.003647
   15.413000   -0.019269    0.002893    0.033019
   15.465000   -0.019599    0.000735    0.041784
   18.345000    0.053028   -0.021329   -0.029974
   18.870000    0.056671    0.016661   -0.005390
    4.206000   -0.005393   -0.001350   -0.004685
    8.693000   -0.009668    0.007226    0.000620
    5.322000    0.002879   -0.007048    0.000393
    4.523000   -0.004401   -0.002146   -0.005507
    1.437000   -0.004597    0.003873   -0.008721
   17.385000    0.017691   -0.046359   -0.009267
   10.997000    0.002364   -0.018649   -0.008545
   13.303000    0.025455    0.028146    0.002007
    6.208000    0.003486    0.006028   -0.016593
   13.031000    0.030830    0.024149    0.004132
    6.771000    0.004629    0.010488   -0.014323
    6.654000    0.004836    0.009760   -0.014544
   11.351000    0.020267   -0.037169   -0.000773
   13.013000    0.031549    0.023845    0.006434
    6.695000    0.005338    0.006541   -0.000404
    2.917000   -0.006187    0.002128   -0.004433
   13.091000    0.034540    0.025844    0.020109
   18.767000    0.059096    0.008751   -0.005740
   14.937000   -0.014884    0.011877    0.025692
    1.308000   -0.003410    0.001659    0.002399
    3.634000   -0.006609    0.001816   -0.009646
    5.158000   -0.002227   -0.000056   -0.015370
    7.494000    0.001322    0.013697   -0.009841
   17.769000    0.042018   -0.063155   -0.008977
    6.887000    0.004236    0.010634   -0.011244
   16.837000   -0.003207   -0.031693    0.014024
    1.345000   -0.004311    0.003161   -0.005534
   13.887000    0.010968    0.026722    0.010821
   11.776000    0.026249   -0.028222   -0.010144
    0.545000   -0.004480    0.003266   -0.009246
   19.151000    0.055872    0.034102    0.008125
    9.309000   -0.011273   -0.001834    0.018782
    9.909000   -0.010082   -0.009103    0.015916
    0.867000   -0.004424    0.003372   -0.008620
    9.522000   -0.011176   -0.005419    0.022163
   17.697000    0.040212   -0.064055   -0.006371
    8.410000   -0.006997    0.007211    0.007350
   13.470000    0.023348    0.028703    0.011033
    4.111000   -0.005102   -0.002874    0.001483
    4.836000   -0.003006   -0.002719   -0.006952
   12.501000    0.030101    0.008800   -0.012442
   17.797000    0.038612   -0.055782   -0.014760
    0.314000   -0.003771    0.001020    0.000231
    2.494000   -0.005612    0.002516   -0.003457
   19.350000    0.076664    0.050531    0.067901
   19.482000    0.073941    0.053631    0.071328
    5.804000    0.002688   -0.000574   -0.008190
   19.485000    0.070861    0.052677    0.065436
    2.053000   -0.005746    0.005400   -0.015092
    7.726000   -0.000929    0.012625   -0.007081
    6.935000    0.005579    0.007588    0.005744
   12.977000    0.030143    0.023592   -0.005761
   15.168000   -0.018170    0.005837    0.045658
    2.539000   -0.006306    0.004579   -0.012655
    7.182000    0.003311    0.010880   -0.004047
   13.549000    0.020111    0.029006    0.007659
   12.139000    0.031225   -0.015055   -0.006893
   13.837000    0.012295    0.028082    0.008502
    2.955000   -0.005631    0.000350    0.003786
   11.474000    0.021137   -0.034027   -0.005515
   17.389000    0.024581   -0.058920    0.007395
    9.788000   -0.010848   -0.005005    0.009109
   13.968000    0.009758    0.023919    0.023597
   19.388000    0.075194    0.051601    0.067594
    9.077000   -0.010838    0.001216    0.015996
   18.223000    0.050782   -0.029124   -0.031469
   17.033000    0.003713   -0.038685    0.008962
    8.351000   -0.007029    0.009235   -0.000982
    2.945000   -0.005496    0.000212    0.004596
   19.821000    0.053140    0.050846    0.059736
    8.321000   -0.005738    0.006807    0.014701
   12.295000    0.027650    0.002917   -0.020642
    8.357000   -0.006303    0.006914    0.010928
   12.801000    0.030538    0.018976   -0.006791
   16.236000   -0.014723   -0.026431    0.060473
    0.355000   -0.005039    0.004774   -0.016554
    3.403000   -0.005744   -0.001009    0.004670
    2.597000   -0.006258    0.004234   -0.011468
    9.930000   -0.009909   -0.010462    0.019148
    2.995000   -0.006216    0.001975   -0.004552
    6.964000    0.004089    0.011674   -0.013531
    8.221000   -0.005666    0.009305   -0.000173
    1.318000   -0.004769    0.004933   -0.013466
    2.152000   -0.005801    0.005216   -0.014220
   19.899000    0.051879    0.051365    0.067328
    4.561000   -0.005027    0.000562   -0.014839
   12.117000    0.027886   -0.010363   -0.014436
    9.539000   -0.011843   -0.000194    0.003018
   15.479000   -0.019630    0.000683    0.040547
   12.912000    0.032508    0.021131    0.006536
    1.769000   -0.004163    0.002135    0.000737
    0.976000   -0.004757    0.005136   -0.015746
   12.899000    0.038140    0.019804    0.020854
   17.407000    0.018845   -0.046950   -0.009715
   13.762000    0.017840    0.027049    0.029080
    7.598000    0.001329    0.009765    0.009226
    7.502000    0.001951    0.009825    0.007758
   14.976000   -0.015968    0.008210    0.050447
    9.630000   -0.011405   -0.002437    0.007511
    2.258000   -0.005880    0.004697   -0.012286
   16.487000   -0.009797   -0.034043    0.055818
    1.226000   -0.003847    0.002252   -0.001509
    7.370000    0.001898    0.011425   -0.005118
    6.730000    0.006555    0.006005    0.004636
   14.117000    0.005593    0.021767    0.030582
   14.279000   -0.000392    0.023246    0.011508
   15.735000   -0.019023   -0.010133    0.054756
   18.873000    0.054691    0.019207   -0.009818
    7.903000   -0.002745    0.011079   -0.003729
   16.564000   -0.009594   -0.024756    0.022207
    1.026000   -0.003797    0.002008   -0.001335
   15.903000   -0.018368   -0.008729    0.037472
   18.777000    0.055100    0.012051   -0.013657
    4.612000   -0.004476   -0.000843   -0.010628
   19.266000    0.074190    0.046607    0.059264
   13.007000    0.030357    0.023721    0.000753
    9.931000   -0.009906   -0.011168    0.021242
    7.508000    0.000843    0.011637   -0.004729
   13.104000    0.031295    0.025692    0.010295
    1.551000   -0.004613    0.003609   -0.006944
   19.373000    0.065525    0.046973    0.047337
   14.945000   -0.015962    0.010211    0.036134
    6.540000    0.004725    0.008928   -0.015818
   17.496000    0.027358   -0.056342   -0.003795
   15.110000   -0.017766    0.007060    0.043271
   15.786000   -0.018683   -0.012942    0.058067
   17.707000    0.041070   -0.064512   -0.006430
   14.136000    0.003714    0.025116    0.009958
   14.499000   -0.007138    0.018050    0.019390
    1.864000   -0.005197    0.004686   -0.011341
   16.316000   -0.013341   -0.029122    0.060043
    1.531000   -0.003813    0.002076    0.001005
    5.724000    0.000821    0.002953   -0.019192
    8.524000   -0.007802    0.005980    0.011712
   15.232000   -0.018172    0.003834    0.050735
   15.317000   -0.018882    0.004594    0.034058
   15.061000   -0.017120    0.007190    0.047837
    4.604000   -0.002752   -0.005498    0.002866
   18.007000    0.047071   -0.057250   -0.013245
    6.218000    0.005208    0.002176   -0.003457
   15.544000   -0.019628   -0.001920    0.044870
   17.937000    0.045761   -0.059832   -0.012297
    0.953000   -0.004752    0.005020   -0.015503
    1.472000   -0.004086    0.002464   -0.001602
    2.541000   -0.006200    0.004269   -0.011238
    8.600000   -0.009070    0.007735    0.000153
   14.927000   -0.015533    0.008965    0.047927
   16.762000   -0.003212   -0.038366    0.036365
    1.782000   -0.005271    0.005215   -0.013992
    3.957000   -0.005914   -0.000601   -0.004505
   10.148000   -0.008480   -0.012855    0.015738
   15.991000   -0.017778   -0.013458    0.044604
    0.102000   -0.005088    0.004137   -0.014048
    9.995000   -0.009171   -0.013791    0.025911
    5.006000   -0.000914   -0.005245   -0.002045
    2.893000   -0.006644    0.003990   -0.012094
    4.298000   -0.003989   -0.004637    0.004474
   15.026000   -0.016491    0.009792    0.031263
   16.280000   -0.014077   -0.022578    0.044019
    9.134000   -0.010763   -0.000402    0.022510
   16.280000   -0.014130   -0.026925    0.058042
    0.233000   -0.003941    0.001194   -0.000567
    7.279000    0.003772    0.009384    0.008104
   17.042000    0.008408   -0.053752    0.035759
   11.184000    0.015590   -0.035889    0.003868
    2.910000   -0.006032    0.001680   -0.002370
    2.265000   -0.005691    0.004037   -0.009207
    1.787000   -0.005289    0.005130   -0.013665
    7.553000    0.001575    0.009694    0.008673
    1.755000   -0.004634    0.003128   -0.004339
    8.486000   -0.007279    0.005719    0.016001
   16.295000   -0.013858   -0.026835    0.056378
    0.537000   -0.003714    0.001350   -0.000496
    9.996000   -0.009350   -0.012885    0.023296
    2.383000   -0.006255    0.005186   -0.014998
    7.747000    0.000155    0.009653    0.010722
   12.142000    0.026539   -0.003877   -0.021121
    0.441000   -0.004963    0.004769   -0.016156
    4.991000   -0.003152    0.000085   -0.015587
    4.614000   -0.004852    0.000483   -0.014776
   10.968000    0.008169   -0.032109    0.011169
   13.517000    0.025358    0.029123    0.024819
   11.957000    0.030848   -0.024806   -0.006904
    8.670000   -0.009589    0.007603   -0.000631
   17.379000    0.025972   -0.061488    0.011553
   11.777000    0.020117   -0.016777   -0.020408
    8.833000   -0.010403    0.006107    0.001970
   16.401000   -0.011862   -0.029647    0.053531
    0.348000   -0.004454    0.002685   -0.007280
   13.671000    0.021406    0.028271    0.033206
    6.174000    0.003400    0.005164   -0.014716
   17.357000    0.022821   -0.057977    0.009071
   16.174000   -0.015648   -0.023600    0.058093
    9.629000   -0.011030   -0.006532    0.021314
    7.189000    0.004265    0.009005    0.007393
    3.372000   -0.006665    0.002333   -0.009423
   15.744000   -0.019261   -0.007955    0.048149
    5.323000   -0.000258   -0.002613   -0.008402
   13.799000    0.013423    0.029547    0.006943
    4.969000   -0.002616   -0.001790   -0.010177
   16.330000   -0.013509   -0.018870    0.027030
   13.855000    0.014198    0.025643    0.026819
    3.036000   -0.005658    0.000093    0.004272
   10.940000    0.000291   -0.016570   -0.009820
   15.819000   -0.018538   -0.014099    0.058805
    8.391000   -0.006351    0.006530    0.014509
    2.632000   -0.006457    0.004664   -0.013577
   16.364000   -0.012628   -0.030288    0.059385
   14.276000   -0.000570    0.022846    0.011908
    6.270000    0.003890    0.006600   -0.016465
    7.221000    0.003926    0.009472    0.005769
   16.812000   -0.003372   -0.033020    0.019349
    3.571000   -0.006833    0.002687   -0.012541
   10.880000    0.004103   -0.027816    0.010214
   17.590000    0.035899   -0.063439   -0.002416
   16.113000   -0.016164   -0.013327    0.030201
    9.665000   -0.011574   -0.001399    0.001359
   17.060000    0.006588   -0.044756    0.017696
    5.473000   -0.000668    0.001483   -0.017809
   16.589000   -0.007335   -0.034911    0.045753
    0.182000   -0.005086    0.004436   -0.015388
   18.610000    0.057930   -0.003985   -0.014404
   10.292000   -0.007220   -0.014237    0.012532
    0.546000   -0.004834    0.004422   -0.014336
    4.037000   -0.006278    0.001257   -0.012017
   16.849000   -0.001329   -0.038113    0.026939
    9.564000   -0.011044   -0.006363    0.023694
    1.722000   -0.004149    0.002228    0.000394
   16.498000   -0.010124   -0.028469    0.038775
   19.035000    0.063329    0.028598    0.021248
    2.572000   -0.005119    0.001135    0.003778
   11.279000    0.015714   -0.032920   -0.001921
   11.565000    0.025701   -0.036708   -0.004649
    6.563000    0.004554    0.009235   -0.016523
   13.918000    0.010385    0.025100    0.016221
   17.089000    0.009059   -0.050509    0.026104
    9.338000   -0.011555   -0.000390    0.011909
   10.166000   -0.008819   -0.009483    0.006276
    7.332000    0.002437    0.013233   -0.010550
   17.906000    0.045284   -0.060698   -0.011952
    4.296000   -0.004210   -0.004290    0.003784
   14.318000   -0.002063    0.021674    0.013343
    4.521000   -0.002815   -0.005637    0.004323
   16.473000   -0.010376   -0.031217    0.050026
    9.516000   -0.011248   -0.005097    0.021632
    5.189000    0.001557   -0.006991    0.000593
    6.939000    0.004878    0.008546    0.000738
    1.030000   -0.004030    0.002516   -0.003852
   18.320000    0.053067   -0.033068   -0.017167
    2.478000   -0.005018    0.001211    0.003628
   16.532000   -0.010143   -0.024792    0.025457
    0.296000   -0.003537    0.000656    0.001796
   10.252000   -0.006843   -0.018071    0.023906
    0.741000   -0.004519    0.003736   -0.010752
   15.101000   -0.017049    0.008667    0.029626
   16.234000   -0.014815   -0.025492    0.058144
    1.571000   -0.005021    0.004947   -0.013113
   12.535000    0.036763    0.003366    0.007557
    8.366000   -0.007380    0.009880   -0.003887
    6.824000    0.004516    0.010910   -0.013921
    9.582000   -0.011860   -0.000463    0.001758
    8.231000   -0.005279    0.008276    0.005865
    0.190000   -0.004395    0.002019   -0.004839
   19.970000    0.041203    0.045911    0.045037
    3.268000   -0.005679   -0.000686    0.005101
    2.334000   -0.004989    0.001888    0.001174
    3.322000   -0.006521    0.001708   -0.006249
   19.052000    0.058232    0.028488    0.009674
   10.928000    0.005473   -0.028862    0.009071
   14.764000   -0.012777    0.013833    0.027374
   15.311000   -0.018308    0.001891    0.054503
   15.685000   -0.019497   -0.004550    0.042500
   19.498000    0.069152    0.052229    0.062868
   11.732000    0.018467   -0.014108   -0.024149
   10.667000   -0.000263   -0.026015    0.018622
   13.174000    0.028501    0.026329    0.003734
   11.616000    0.024042   -0.032278   -0.008139
   16.078000   -0.016792   -0.021276    0.059354
   12.086000    0.032460   -0.019624   -0.004773
    3.597000   -0.006862    0.002637   -0.012721
   12.836000    0.038549    0.017221    0.019535
   10.434000   -0.005354   -0.017425    0.013783
   12.147000    0.026234   -0.002404   -0.022954
   16.910000    0.003490   -0.049424    0.040718
   18.577000    0.055570   -0.003905   -0.021932
   18.200000    0.050810   -0.038827   -0.021625
   10.103000   -0.008424   -0.015572    0.025542
   11.957000    0.031786   -0.025926   -0.005799
    3.718000   -0.005564   -0.002013    0.004311
    7.509000    0.000906    0.012918   -0.009056
    1.200000   -0.004305    0.003291   -0.006853
    0.434000   -0.004893    0.004652   -0.015633
   16.851000    0.000734   -0.044837    0.039064
    0.485000   -0.003499    0.000944    0.001299
    9.842000   -0.010887   -0.004192    0.003795
   12.846000    0.035614    0.018357    0.013990
   12.037000    0.026485   -0.012991   -0.016189
    1.076000   -0.003513    0.001671    0.000740
   10.024000   -0.010101   -0.005937    0.000532
   14.427000   -0.003817    0.016927    0.033867
   12.683000    0.033710    0.012854    0.003258
    3.615000   -0.005976   -0.000735    0.000681
   15.797000   -0.018751   -0.012616    0.056738
    3.380000   -0.006415    0.001159   -0.004664
   11.058000    0.005643   -0.023101   -0.003911
    7.825000   -0.001610    0.010252    0.000843
   12.826000    0.035787    0.017686    0.013012
    1.752000   -0.004230    0.002242    0.000270
   18.042000    0.046144   -0.035744   -0.037164
   15.765000   -0.018580   -0.012686    0.059087
    3.954000   -0.005732   -0.001436   -0.001496
   18.228000    0.051228   -0.034849   -0.024274
    4.096000   -0.005600   -0.001344   -0.003554
   11.372000    0.009851   -0.018649   -0.017301
    8.965000   -0.010338    0.001626    0.020538
    0.718000   -0.004707    0.004584   -0.014309
   10.245000   -0.007039   -0.017937    0.024289
    2.015000   -0.004575    0.002211    0.000160
   14.653000   -0.009816    0.017130    0.018138
    7.283000    0.002579    0.012625   -0.010301
    8.142000   -0.005023    0.009956   -0.000933
   17.703000    0.039494   -0.062736   -0.007621
   13.763000    0.014102    0.028372    0.008203
   13.421000    0.027177    0.029049    0.020397
    0.457000   -0.004434    0.002792   -0.007601
    3.122000   -0.006293    0.001677   -0.004359
    0.350000   -0.003993    0.001454   -0.001744
   13.882000    0.011167    0.026137    0.013113
   11.346000    0.020809   -0.037755   -0.000222
    0.449000   -0.003552    0.000964    0.001052
    5.613000    0.000298    0.001435   -0.016290
    2.606000   -0.006222    0.003921   -0.010237
   10.146000   -0.009342   -0.007741    0.000912
    1.244000   -0.004768    0.005055   -0.014173
   18.916000    0.055350    0.020786   -0.005962
   17.336000    0.016186   -0.046394   -0.005524
    3.203000   -0.006280    0.001347   -0.003664
   17.612000    0.034639   -0.060936   -0.005284
    0.653000   -0.004767    0.004765   -0.015230
   16.618000   -0.006779   -0.035437    0.044552
   11.914000    0.028199   -0.023885   -0.010409
    1.691000   -0.005072    0.005001   -0.012974
   10.368000   -0.005123   -0.021126    0.024819
    7.226000    0.004100    0.009248    0.007749
    7.613000    0.000026    0.012716   -0.007994
   11.882000    0.030968   -0.029110   -0.006117
    8.729000   -0.010007    0.007350   -0.001208
    2.606000   -0.005293    0.001195    0.002713
   16.860000    0.001685   -0.046831    0.040727
   17.176000    0.011325   -0.047182    0.009754
    9.532000   -0.011303   -0.003805    0.016012
    6.279000    0.004000    0.005439   -0.011821
   12.808000    0.030536    0.018736   -0.004721
    8.404000   -0.006585    0.006392    0.014951
    6.738000    0.006311    0.006138    0.003883
   14.756000   -0.012553    0.011421    0.045031
    3.745000   -0.006102   -0.000303   -0.002975
    1.924000   -0.004060    0.001689    0.003527
   18.708000    0.063594    0.004178    0.013099
    2.712000   -0.005285    0.000796    0.004303
    6.810000    0.004445    0.009871   -0.010369
   11.170000    0.011613   -0.030294   -0.000498
   10.582000   -0.001705   -0.024905    0.020978
   13.291000    0.032062    0.028647    0.027186
    6.342000    0.006221    0.002568   -0.000402
   18.152000    0.048850   -0.030786   -0.037842
    0.126000   -0.004527    0.002347   -0.006190
    6.761000    0.004929    0.007987   -0.003599
    2.882000   -0.005656    0.000860    0.002065
   10.377000   -0.007249   -0.010696   -0.000290
    7.136000    0.003354    0.011559   -0.008563
   10.241000   -0.007641   -0.014418    0.015754
   17.030000    0.007191   -0.050642    0.031972
   18.749000    0.053549    0.012311   -0.017227
   11.188000    0.014606   -0.034728    0.002907
   13.153000    0.029628    0.026181    0.007903
    2.028000   -0.005569    0.005090   -0.013365
   18.233000    0.051067   -0.041150   -0.016698
   14.797000   -0.013681    0.010984    0.043178
   15.269000   -0.018074    0.002809    0.054000
   12.942000    0.030409    0.022126   -0.001311
   17.930000    0.043535   -0.054773   -0.016287
   10.962000    0.008071   -0.032113    0.011490
    7.552000    0.000853    0.010741    0.000370
   15.542000   -0.019130   -0.004595    0.054102
   13.067000    0.030412    0.024950    0.004297
   15.927000   -0.017780   -0.018016    0.061398
   14.140000    0.004667    0.021326    0.028634
    0.605000   -0.003785    0.001552   -0.001137
    3.521000   -0.006164   -0.000014   -0.001227
    0.123000   -0.004553    0.002266   -0.006112
   17.661000    0.035777   -0.060026   -0.007992
    5.450000   -0.000240   -0.000279   -0.013604
    4.894000   -0.000996   -0.006212    0.001365
    8.149000   -0.005151    0.010099   -0.002290
   19.447000    0.056897    0.044506    0.030297
    4.191000   -0.005092   -0.002367   -0.000960
    1.317000   -0.003830    0.002132   -0.000270
   19.994000    0.028203    0.041392    0.019869
    7.141000    0.003947    0.009537    0.002070
   15.995000   -0.017475   -0.019194    0.060060
    4.976000    0.000240   -0.007328    0.002293
    8.546000   -0.008661    0.008500   -0.001681
   15.658000   -0.019594   -0.004493    0.044652
    7.649000   -0.000277    0.012239   -0.006134
    1.515000   -0.004617    0.003711   -0.007771
    2.643000   -0.005718    0.002027   -0.001783
   10.305000   -0.006755   -0.016366    0.017251
   13.801000    0.015994    0.026560    0.024869
   18.153000    0.049032   -0.031116   -0.036817
   16.989000    0.004995   -0.047204    0.030314
    2.348000   -0.006082    0.005052   -0.013829
   14.336000   -0.000893    0.018642    0.034278
   17.841000    0.037760   -0.046968   -0.023888
   11.185000    0.015094   -0.035399    0.003442
   17.890000    0.041868   -0.054920   -0.016316
   17.326000    0.015259   -0.045197   -0.006519
   12.868000    0.030354    0.020617   -0.004828
   17.888000    0.045003   -0.061388   -0.011615
    3.669000   -0.006831    0.002555   -0.013190
    8.420000   -0.006616    0.006155    0.016372
    3.812000   -0.006813    0.002326   -0.014300
   16.598000   -0.007280   -0.034928    0.045463
   18.851000    0.067712    0.016819    0.024772
    7.718000    0.000013    0.009618    0.008030
    5.367000   -0.001054    0.000082   -0.014958
   11.147000    0.005314   -0.019385   -0.011936
    7.004000    0.004934    0.008147    0.005044
   11.325000    0.014991   -0.029838   -0.006340
    4.166000   -0.004480   -0.003980    0.004652
   12.642000    0.031240    0.012855   -0.005580
   10.052000   -0.008905   -0.013675    0.022217
    6.383000    0.004334    0.007373   -0.015256
   13.291000    0.031055    0.028649    0.023060
    7.415000    0.001714    0.013341   -0.010207
    4.802000   -0.004032    0.000286   -0.015275
    4.466000   -0.004098   -0.003656   -0.000660
    8.216000   -0.005825    0.010437   -0.003878
   19.688000    0.049658    0.046924    0.036633
   18.038000    0.047475   -0.055803   -0.013356
   17.766000    0.042536   -0.064147   -0.008148
   16.514000   -0.009836   -0.028806    0.038267
    3.247000   -0.006591    0.002275   -0.008023
   14.597000   -0.008737    0.014027    0.040522
   19.354000    0.075306    0.050334    0.065660
   15.547000   -0.019551    0.000421    0.034287
    6.687000    0.004838    0.009672   -0.012711
   16.919000    0.004171   -0.050438    0.040821
   14.249000    0.001682    0.019974    0.033242
   12.272000    0.027482    0.002608   -0.022379
   13.354000    0.030611    0.029131    0.027641
   11.796000    0.030001   -0.032370   -0.006158
    1.666000   -0.004956    0.004395   -0.010398
   16.936000    0.003723   -0.047821    0.036101
    3.918000   -0.005853   -0.000914   -0.002623
   17.625000    0.032228   -0.056673   -0.009673
    0.750000   -0.004027    0.002269   -0.003898
    5.628000    0.000348    0.002266   -0.018684
    8.154000   -0.004085    0.008015    0.012263
    9.432000   -0.011536   -0.000836    0.009857
    2.729000   -0.006525    0.004326   -0.012482
   15.956000   -0.017779   -0.018212    0.060089
   16.613000   -0.006069   -0.038362    0.050610
    3.634000   -0.005550   -0.001864    0.005185
    4.066000   -0.005381   -0.002068   -0.000583
    7.119000    0.003356    0.010998   -0.006910
    8.528000   -0.008575    0.008635   -0.002590
   16.261000   -0.014372   -0.023063    0.048037
    4.872000   -0.003790    0.000422   -0.016283
    2.590000   -0.006505    0.004991   -0.014747
    2.483000   -0.005156    0.001516    0.002120
    1.035000   -0.003322    0.001295    0.002400
    7.141000    0.003480    0.010197   -0.002286
    5.712000    0.005035   -0.004416   -0.000997
    3.015000   -0.006210    0.001895   -0.004267
   19.446000    0.054201    0.042876    0.020640
    5.289000   -0.001740    0.001106   -0.018156
    0.677000   -0.004397    0.003054   -0.007992
    5.117000   -0.002551    0.000156   -0.015842
   16.870000    0.001445   -0.045716    0.038867
    8.968000   -0.011048    0.004698    0.004120
    2.377000   -0.005874    0.003959   -0.009518
   17.519000    0.026216   -0.052975   -0.008733
   19.962000    0.045077    0.047758    0.054519
   11.679000    0.028313   -0.035407   -0.005414
   12.408000    0.028498    0.007390   -0.019303
   14.589000   -0.008472    0.018281    0.017041
   11.715000    0.022094   -0.024566   -0.014109
   10.608000   -0.001378   -0.025035    0.020292
   16.021000   -0.017391   -0.018985    0.057780
   11.140000    0.008808   -0.026187   -0.003739
    6.548000    0.004546    0.008791   -0.014683
   19.038000    0.068070    0.030784    0.033138
   11.657000    0.016692   -0.014553   -0.024741
    9.387000   -0.011475   -0.001385    0.013408
   12.393000    0.031508    0.000241   -0.005884
   12.289000    0.031274   -0.005724   -0.006819
    0.123000   -0.004977    0.003892   -0.012879
   15.852000   -0.018396   -0.015001    0.058950
   10.148000   -0.009099   -0.008168    0.003123
    3.576000   -0.006970    0.002872   -0.013804
   10.679000    0.000027   -0.026031    0.018252
   17.247000    0.017253   -0.056115    0.017790
    0.669000   -0.004450    0.003340   -0.009033
   19.058000    0.064472    0.030740    0.026091
    4.605000   -0.004791    0.000464   -0.014627
   16.901000    0.002030   -0.045398    0.035781
    7.621000    0.000042    0.011540   -0.003685
   10.483000   -0.003432   -0.023099    0.023219
   15.006000   -0.016803    0.008899    0.040584
    9.124000   -0.010851    0.000176    0.018570
   13.522000    0.019973    0.029271    0.005110
   13.939000    0.010049    0.028576    0.007508
    9.265000   -0.011084   -0.001906    0.021576
   19.530000    0.068139    0.052505    0.063314
   11.816000    0.023291   -0.020882   -0.016031
   19.532000    0.071847    0.054027    0.070831
    6.136000    0.005703    0.000678   -0.001931
   14.737000   -0.012748    0.012748    0.034127
    0.606000   -0.004301    0.002556   -0.006028
   19.452000    0.069772    0.051339    0.060977
    3.663000   -0.006384    0.000873   -0.006615
   13.763000    0.018034    0.027073    0.033064
    8.771000   -0.009991    0.005706    0.005439
    5.917000    0.003353    0.000181   -0.007312
    3.714000   -0.005971   -0.000701   -0.000909
    8.059000   -0.004222    0.012068   -0.006257
    1.091000   -0.004826    0.005175   -0.015432
   11.813000    0.023177   -0.021448   -0.015606
   16.890000    0.002867   -0.048817    0.041386
    3.177000   -0.006632    0.002786   -0.009227
    5.564000   -0.000231    0.002032   -0.018515
    7.433000    0.002333    0.009897    0.005853
    6.590000    0.004619    0.009168   -0.014846
    4.551000   -0.005005    0.000489   -0.014667
    9.637000   -0.011103   -0.006796    0.021416
    6.958000    0.004399    0.012019   -0.014026
    3.003000   -0.005710    0.000368    0.003414
    3.225000   -0.006891    0.003459   -0.012656
    4.933000   -0.002979   -0.001489   -0.010957
   11.055000    0.009849   -0.032029    0.006901
    6.187000    0.003628    0.004188   -0.011076
   12.716000    0.037939    0.012233    0.014525
   17.970000    0.043328   -0.039082   -0.033489
    4.751000   -0.004249    0.000364   -0.015707
   18.253000    0.051771   -0.029063   -0.029114
   19.199000    0.056924    0.036715    0.013973
   13.520000    0.024527    0.029077    0.021126
   16.336000   -0.013052   -0.029058    0.058286
   16.875000    0.002224   -0.047660    0.040924
   13.954000    0.009695    0.024278    0.020302
   16.472000   -0.010903   -0.026574    0.036457
    1.161000   -0.004849    0.005143   -0.015304
   11.921000    0.030001   -0.025497   -0.007765
    2.254000   -0.005800    0.004468   -0.011176
   11.274000    0.008997   -0.021246   -0.012854
    1.551000   -0.004104    0.002524   -0.001467
    7.755000   -0.000174    0.009588    0.009164
   12.078000    0.024926   -0.003656   -0.025569
   18.304000    0.052863   -0.033958   -0.018428
   13.952000    0.008677    0.025900    0.010305
   11.203000    0.012029   -0.029997   -0.001646
   14.799000   -0.013798    0.012335    0.032718
    7.421000    0.001408    0.012340   -0.008192
    6.712000    0.004461    0.009377   -0.011679
   19.196000    0.057147    0.036539    0.014797
   10.759000   -0.002581   -0.014982   -0.006473
    5.188000   -0.002156    0.000307   -0.016164
   12.270000    0.033462   -0.010165   -0.001645
    1.716000   -0.005117    0.004842   -0.012112
   12.405000    0.035832   -0.003552    0.003361
    2.441000   -0.005508    0.002371   -0.002491
   12.074000    0.025249   -0.004816   -0.024199
    3.266000   -0.006359    0.001298   -0.004110
   13.834000    0.014428    0.025942    0.023572
   15.903000   -0.017918   -0.017153    0.060867
   13.673000    0.017135    0.028202    0.010638
   10.617000   -0.002119   -0.022492    0.014977
   18.480000    0.056458   -0.016675   -0.016927
   14.619000   -0.010020    0.015661    0.024688
   10.126000   -0.008467   -0.014277    0.020303
   18.610000    0.056309   -0.002178   -0.018834
    4.464000   -0.004653   -0.001905   -0.005980
    9.251000   -0.011250   -0.000900    0.017809
    1.286000   -0.004775    0.004864   -0.013199
    3.762000   -0.006809    0.002493   -0.014003
    3.102000   -0.005625   -0.000173    0.004916
   16.379000   -0.012659   -0.022392    0.033523
    3.220000   -0.005999    0.000206    0.001264
    8.028000   -0.002893    0.008732    0.008945
   17.553000    0.027367   -0.053008   -0.010251
    1.657000   -0.003877    0.001872    0.002182
    4.395000   -0.005193   -0.000405   -0.009976
   15.537000   -0.018802   -0.004737    0.055620
    5.329000   -0.000015   -0.002751   -0.008373
    2.482000   -0.005972    0.003685   -0.008615
   19.835000    0.048732    0.048774    0.049239
    1.118000   -0.004350    0.003371   -0.007623
   14.161000    0.003991    0.021029    0.027819
    5.948000    0.006022   -0.002218   -0.000779
    2.266000   -0.005040    0.002173   -0.000257
   15.574000   -0.019554   -0.004026    0.049649
   12.295000    0.027524    0.003200   -0.020948
   19.021000    0.055129    0.027963   -0.002428
    4.477000   -0.004535   -0.001984   -0.005930
    5.163000   -0.001147   -0.002862   -0.007857
    4.447000   -0.003320   -0.005341    0.004305
    1.044000   -0.004548    0.004221   -0.011399
   13.701000    0.018230    0.027644    0.018876
    3.683000   -0.006283    0.000295   -0.004407
   10.555000   -0.004738   -0.014830    0.003038
    3.869000   -0.006528    0.001737   -0.012004
   16.982000    0.001692   -0.036997    0.011290
   13.309000    0.032902    0.029145    0.031805
    1.116000   -0.003276    0.001395    0.002578
   15.178000   -0.018235    0.006539    0.039483
    9.486000   -0.011068   -0.005216    0.024299
   12.970000    0.034353    0.022866    0.014328
   17.016000    0.002869   -0.037959    0.010003
    6.837000    0.005333    0.007246    0.002662
   10.725000   -0.001816   -0.018015    0.001735
   19.836000    0.041826    0.045837    0.033603
    8.184000   -0.004360    0.007814    0.013796
   16.372000   -0.012380   -0.030541    0.058790
   14.949000   -0.015661    0.010808    0.031936
    7.860000   -0.002210    0.010408   -0.000791
    3.368000   -0.006684    0.002219   -0.008872
   15.619000   -0.019531   -0.001127    0.035292
   10.504000   -0.003824   -0.021312    0.018757
   10.985000    0.006472   -0.028421    0.006011
    4.912000   -0.002981   -0.001706   -0.010018
    0.897000   -0.004814    0.005066   -0.015946
   11.224000    0.011353   -0.027499   -0.005469
   16.212000   -0.015193   -0.024118    0.056275
   17.453000    0.027951   -0.060040    0.003092
    1.088000   -0.003485    0.001653    0.001071
   11.774000    0.024378   -0.025457   -0.012418
    2.244000   -0.005066    0.002403   -0.001381
   13.659000    0.019484    0.027976    0.018575
   15.096000   -0.017672    0.007284    0.043253
    3.597000   -0.006955    0.002864   -0.013914
    5.696000    0.000961    0.001222   -0.014637
    8.093000   -0.004505    0.010065   -0.001595
    6.218000    0.003831    0.004845   -0.012131
   12.450000    0.035008   -0.000762    0.003445
    6.297000    0.004085    0.007139   -0.018117
   11.898000    0.026824   -0.022806   -0.012259
    1.631000   -0.004936    0.004701   -0.011626
    7.712000   -0.000496    0.010071    0.002942
    0.912000   -0.003826    0.001931   -0.001672
    2.327000   -0.004991    0.001857    0.001139
    3.949000   -0.005446   -0.002363    0.002030
    2.563000   -0.005777    0.002769   -0.004909
    3.627000   -0.005759   -0.001460    0.003332
    2.212000   -0.005160    0.002619   -0.002593
   14.771000   -0.013449    0.011882    0.037766
    8.580000   -0.008505    0.006377    0.007465
    3.530000   -0.006769    0.002460   -0.011269
    5.800000    0.001489    0.002857   -0.017086
   18.039000    0.045962   -0.036235   -0.035970
   14.079000    0.006604    0.022276    0.029124
    0.112000   -0.004368    0.001865   -0.004107
   14.323000   -0.002021    0.019472    0.020712
    5.619000    0.000406    0.001465   -0.016353
    2.286000   -0.005047    0.002168   -0.000209
   18.006000    0.046946   -0.057242   -0.013139
    2.708000   -0.005825    0.002051   -0.002474
    8.295000   -0.006536    0.009821   -0.002496
   18.199000    0.049941   -0.028929   -0.036061
    4.046000   -0.005808   -0.000662   -0.005054
    5.291000   -0.001360   -0.000496   -0.013689
   13.515000    0.026525    0.029275    0.032591
   19.406000    0.071750    0.050871    0.062247
    9.325000   -0.011293   -0.001743    0.017574
   12.091000    0.028887   -0.014581   -0.011037
   13.538000    0.019426    0.029290    0.005147
   12.496000    0.035501    0.001874    0.005287
   14.305000   -0.001890    0.021268    0.014416
   11.950000    0.031430   -0.025947   -0.006251
    8.104000   -0.004337    0.009181    0.002712
   19.426000    0.054649    0.042625    0.020848
    9.669000   -0.010861   -0.008215    0.025637
   12.411000    0.033539   -0.001920    0.000467
    9.080000   -0.010867    0.000880    0.017240
    4.243000   -0.005394   -0.000995   -0.006205
   17.846000    0.044255   -0.062803   -0.010242
    4.740000   -0.001907   -0.006034    0.002437
   10.469000   -0.006367   -0.012030   -0.001271
    4.834000   -0.003625   -0.000775   -0.012049
   11.577000    0.026296   -0.037019   -0.004451
    8.975000   -0.011066    0.005031    0.002422
    3.128000   -0.005828    0.000264    0.002513
   19.849000    0.052751    0.051025    0.061484
    3.368000   -0.005901   -0.000392    0.002460
    5.778000    0.003885   -0.002475   -0.004155
   10.749000    0.000861   -0.025711    0.014146
   19.020000    0.067043    0.029278    0.029852
   10.676000   -0.003920   -0.013984   -0.005036
