# First column is original location on swiss roll
# Next columns are points in diffusion space
# In gnuplot to plot the first dimensions try:
#   plot 'evects.dat' u 2:3:1 w points palette
# time =     0.000000
# bandwidth =     1.000000
   18.902000   -0.057203    0.055269    0.018369
    8.017000    0.005675    0.000730    0.005152
    6.597000    0.006560    0.002625   -0.000404
    2.638000    0.007273    0.004202   -0.005364
   18.180000   -0.048751    0.018633   -0.029201
   17.040000   -0.035375   -0.022114   -0.041084
    8.364000    0.005125   -0.000430    0.008449
    0.164000    0.007278    0.004214   -0.005402
    8.846000    0.004402   -0.001930    0.012532
    0.566000    0.007279    0.004216   -0.005408
   19.454000   -0.059910    0.067049    0.033774
    4.922000    0.007133    0.003890   -0.004368
    0.669000    0.007277    0.004212   -0.005396
   18.993000   -0.057643    0.057144    0.020711
    7.620000    0.006189    0.001816    0.002071
   17.557000   -0.039123   -0.014213   -0.047864
    8.902000    0.004219   -0.002316    0.013634
    3.577000    0.007259    0.004170   -0.005262
   10.854000    0.001715   -0.007091    0.024258
   15.316000   -0.022843   -0.032267    0.006737
   19.583000   -0.060161    0.068232    0.035606
    1.169000    0.007277    0.004211   -0.005392
   10.467000    0.002220   -0.006219    0.022858
   12.707000   -0.006677   -0.019939    0.035829
   12.918000   -0.006000   -0.018975    0.035392
   12.456000   -0.007646   -0.021287    0.036263
    3.580000    0.007260    0.004175   -0.005275
    6.294000    0.006736    0.003012   -0.001603
    6.154000    0.006689    0.002905   -0.001250
   19.411000   -0.060142    0.068146    0.035496
   17.361000   -0.038773   -0.015668   -0.049335
    4.092000    0.007238    0.004124   -0.005113
    3.301000    0.007259    0.004172   -0.005268
   11.714000   -0.000304   -0.010497    0.029214
    2.694000    0.007272    0.004200   -0.005356
    2.747000    0.007271    0.004198   -0.005352
    5.930000    0.006704    0.002937   -0.001350
    3.682000    0.007256    0.004164   -0.005241
   19.940000   -0.061972    0.076934    0.049842
    5.851000    0.007016    0.003630   -0.003543
   17.306000   -0.037090   -0.018905   -0.045298
   12.189000   -0.002124   -0.013389    0.032365
   17.256000   -0.037000   -0.019080   -0.045089
    9.758000    0.003165   -0.004427    0.018941
   18.094000   -0.048325    0.015914   -0.035337
    6.076000    0.006709    0.002948   -0.001387
    6.937000    0.006411    0.002296    0.000631
    5.196000    0.007121    0.003863   -0.004281
   13.312000   -0.010272   -0.024496    0.035530
   16.027000   -0.027670   -0.030667   -0.012004
   10.264000    0.002303   -0.006085    0.022706
    8.824000    0.004243   -0.002268    0.013514
   16.075000   -0.027797   -0.030594   -0.012507
   15.059000   -0.021339   -0.032452    0.012437
    9.090000    0.004063   -0.002632    0.014448
   16.850000   -0.035032   -0.022588   -0.039899
   17.153000   -0.036619   -0.019811   -0.044207
    9.997000    0.002933   -0.004876    0.019983
   13.689000   -0.013143   -0.027453    0.032234
   14.834000   -0.020833   -0.032321    0.014058
    6.041000    0.006692    0.002911   -0.001267
    3.523000    0.007258    0.004169   -0.005259
    6.941000    0.006621    0.002760   -0.000822
   12.008000   -0.007615   -0.021323    0.036557
    1.794000    0.007276    0.004209   -0.005387
   14.793000   -0.020856   -0.032054    0.013502
   10.909000    0.001899   -0.006775    0.023767
   11.570000   -0.000250   -0.010423    0.029189
    6.584000    0.006505    0.002501    0.000008
    5.583000    0.006973    0.003535   -0.003241
   15.772000   -0.025257   -0.031735   -0.002457
    3.568000    0.007253    0.004157   -0.005218
    6.694000    0.006642    0.002805   -0.000961
   14.542000   -0.019108   -0.031391    0.018696
    3.698000    0.007259    0.004172   -0.005266
    6.811000    0.006635    0.002790   -0.000913
   17.760000   -0.039263   -0.014331   -0.049244
    4.324000    0.007220    0.004085   -0.004987
    1.830000    0.007277    0.004212   -0.005394
    9.373000    0.003555   -0.003652    0.017031
   15.338000   -0.022919   -0.032282    0.006512
   15.048000   -0.021241   -0.032443    0.012775
    4.046000    0.007245    0.004140   -0.005166
   16.936000   -0.035666   -0.021501   -0.041787
    9.126000    0.004023   -0.002711    0.014648
   19.714000   -0.062289    0.078564    0.052917
    6.353000    0.006659    0.002839   -0.001048
    5.456000    0.006977    0.003543   -0.003268
    0.119000    0.007277    0.004211   -0.005393
    0.135000    0.007277    0.004212   -0.005394
   14.514000   -0.019000   -0.031341    0.018995
   17.081000   -0.035781   -0.021298   -0.042075
   18.569000   -0.051958    0.031711   -0.014615
   11.450000    0.000190   -0.009671    0.028048
   15.665000   -0.024266   -0.032123    0.001448
    1.032000    0.007277    0.004211   -0.005392
    6.345000    0.006732    0.003002   -0.001570
   13.630000   -0.012338   -0.026634    0.033219
    7.549000    0.006182    0.001799    0.002117
   18.664000   -0.052788    0.035341   -0.009798
    2.713000    0.007270    0.004195   -0.005341
    6.271000    0.006659    0.002840   -0.001047
    3.922000    0.007250    0.004152   -0.005204
    9.051000    0.004074   -0.002608    0.014386
   12.524000   -0.008392   -0.022331    0.036660
   13.658000   -0.014778   -0.028859    0.029534
   11.039000    0.001191   -0.008016    0.025842
    3.431000    0.007259    0.004171   -0.005263
   13.766000   -0.014997   -0.029011    0.029047
   16.064000   -0.027781   -0.030605   -0.012444
    0.993000    0.007278    0.004214   -0.005402
   10.309000    0.002477   -0.005746    0.021908
    0.923000    0.007277    0.004211   -0.005393
   16.450000   -0.029854   -0.028783   -0.020587
    9.922000    0.002934   -0.004876    0.019985
   16.448000   -0.031178   -0.027564   -0.025942
    0.079000    0.007277    0.004211   -0.005392
   12.749000   -0.006562   -0.019768    0.035728
   16.519000   -0.030851   -0.027857   -0.024542
    0.986000    0.007278    0.004214   -0.005402
    3.429000    0.007262    0.004179   -0.005290
   15.209000   -0.022712   -0.032256    0.007156
    9.754000    0.003128   -0.004499    0.019115
    0.057000    0.007278    0.004214   -0.005403
   12.974000   -0.009585   -0.023691    0.035900
   14.818000   -0.021103   -0.032396    0.013200
   17.359000   -0.037847   -0.017396   -0.046928
   16.232000   -0.027874   -0.030426   -0.012829
   16.489000   -0.029976   -0.028662   -0.021053
    5.471000    0.007072    0.003755   -0.003940
    9.493000    0.003393   -0.003976    0.017850
    7.300000    0.006315    0.002092    0.001211
   18.329000   -0.047578    0.014589   -0.031135
   15.267000   -0.022655   -0.032273    0.007393
    6.180000    0.006756    0.003056   -0.001740
    1.895000    0.007276    0.004209   -0.005386
    4.037000    0.007242    0.004134   -0.005145
   15.201000   -0.022488   -0.032271    0.007994
    4.130000    0.007237    0.004122   -0.005106
    6.835000    0.006570    0.002648   -0.000478
   17.114000   -0.036319   -0.020304   -0.043399
    4.188000    0.007239    0.004128   -0.005125
   12.683000   -0.008648   -0.022623    0.036494
    8.348000    0.005188   -0.000310    0.008184
    2.687000    0.007272    0.004201   -0.005360
    3.838000    0.007249    0.004148   -0.005191
   12.178000   -0.002143   -0.013417    0.032383
    7.563000    0.006145    0.001723    0.002333
    3.539000    0.007261    0.004176   -0.005279
   10.534000    0.002245   -0.006159    0.022663
    2.363000    0.007274    0.004206   -0.005375
    9.588000    0.003355   -0.004053    0.018053
   17.264000   -0.037646   -0.017776   -0.046452
   19.801000   -0.061967    0.076910    0.049803
    6.206000    0.006691    0.002909   -0.001266
   15.912000   -0.025692   -0.031603   -0.004137
    2.493000    0.007275    0.004206   -0.005378
   18.633000   -0.052405    0.033923   -0.010883
   15.401000   -0.023177   -0.032235    0.005524
   13.336000   -0.012030   -0.026273    0.033478
    1.421000    0.007277    0.004210   -0.005390
   14.891000   -0.021360   -0.032405    0.012281
    4.699000    0.007198    0.004035   -0.004828
   13.925000   -0.015092   -0.029108    0.028938
    8.895000    0.004248   -0.002258    0.013487
    2.514000    0.007273    0.004202   -0.005364
    1.715000    0.007276    0.004210   -0.005388
   18.031000   -0.043047   -0.001094   -0.041117
    5.367000    0.007074    0.003760   -0.003952
    2.613000    0.007273    0.004202   -0.005364
   12.151000   -0.007696   -0.021439    0.036622
    8.883000    0.004203   -0.002338    0.013631
   16.345000   -0.030994   -0.027790   -0.025265
   10.410000    0.002346   -0.005978    0.022322
   10.469000    0.002311   -0.006041    0.022444
   14.047000   -0.015917   -0.029612    0.026904
   13.052000   -0.011219   -0.025463    0.034470
    3.619000    0.007260    0.004173   -0.005270
   16.094000   -0.027846   -0.030557   -0.012700
    1.364000    0.007278    0.004214   -0.005401
   17.828000   -0.039270   -0.014299   -0.049210
    4.747000    0.007177    0.003989   -0.004682
    2.967000    0.007269    0.004194   -0.005336
    1.197000    0.007279    0.004216   -0.005407
   11.988000   -0.001509   -0.012425    0.031386
   10.713000    0.001848   -0.006884    0.024056
    5.239000    0.007101    0.003820   -0.004145
    7.920000    0.005685    0.000750    0.005102
   13.563000   -0.011267   -0.025562    0.034570
   10.390000    0.002241   -0.006199    0.022927
    9.161000    0.003878   -0.003002    0.015373
   19.746000   -0.062145    0.077821    0.051505
   10.645000    0.001947   -0.006707    0.023731
    3.722000    0.007258    0.004170   -0.005260
    8.619000    0.004891   -0.000924    0.009845
    1.121000    0.007277    0.004211   -0.005392
    3.708000    0.007256    0.004165   -0.005245
   17.394000   -0.037878   -0.017330   -0.046984
    7.604000    0.006159    0.001751    0.002256
   12.165000   -0.002182   -0.013472    0.032408
   18.931000   -0.056821    0.053019    0.013639
   14.061000   -0.014576   -0.028726    0.029945
   18.248000   -0.047457    0.014129   -0.031555
    4.010000    0.007246    0.004143   -0.005174
    7.581000    0.006092    0.001615    0.002605
    3.006000    0.007271    0.004198   -0.005352
   10.100000    0.002544   -0.005627    0.021702
    5.943000    0.006838    0.003236   -0.002306
    7.008000    0.006407    0.002290    0.000615
    0.292000    0.007278    0.004214   -0.005402
   12.627000   -0.008692   -0.022725    0.036711
   10.867000    0.001867   -0.006830    0.023849
   10.677000    0.001846   -0.006890    0.024079
    0.039000    0.007278    0.004214   -0.005401
    1.612000    0.007278    0.004213   -0.005398
   16.248000   -0.028192   -0.030289   -0.014065
   13.146000   -0.009620   -0.023792    0.036130
   10.230000    0.002497   -0.005709    0.021836
    4.960000    0.007119    0.003859   -0.004267
    0.069000    0.007278    0.004215   -0.005404
   10.162000    0.002675   -0.005368    0.021079
   17.326000   -0.037832   -0.017426   -0.046895
    5.077000    0.007117    0.003855   -0.004256
   17.300000   -0.037095   -0.018889   -0.045293
    2.594000    0.007273    0.004202   -0.005363
   14.479000   -0.018921   -0.031313    0.019237
   11.709000   -0.000583   -0.010954    0.029791
   17.558000   -0.038695   -0.015403   -0.047883
    5.109000    0.007137    0.003898   -0.004395
   14.320000   -0.016989   -0.030624    0.025129
   14.598000   -0.019218   -0.031651    0.018833
   18.420000   -0.051461    0.029387   -0.018140
    9.084000    0.004065   -0.002623    0.014402
   14.002000   -0.015310   -0.029258    0.028459
   14.640000   -0.020194   -0.032091    0.016000
    4.577000    0.007195    0.004028   -0.004806
    0.026000    0.007278    0.004214   -0.005402
   16.021000   -0.026121   -0.031398   -0.005843
   11.598000   -0.000247   -0.010412    0.029145
   14.047000   -0.014574   -0.028723    0.029948
    5.687000    0.006764    0.003071   -0.001773
    7.316000    0.006292    0.002042    0.001356
   18.911000   -0.057528    0.056465    0.019272
   13.184000   -0.009691   -0.023868    0.036065
   16.105000   -0.027802   -0.030591   -0.012526
    5.476000    0.007065    0.003738   -0.003885
    3.350000    0.007262    0.004179   -0.005289
   13.154000   -0.009645   -0.023812    0.036072
    2.962000    0.007268    0.004192   -0.005331
    9.690000    0.003138   -0.004477    0.019044
    8.075000    0.005249   -0.000182    0.007822
    8.813000    0.004353   -0.002041    0.012894
    5.258000    0.007086    0.003785   -0.004031
    0.788000    0.007278    0.004214   -0.005402
    3.107000    0.007267    0.004189   -0.005322
    3.039000    0.007272    0.004199   -0.005355
   16.907000   -0.035522   -0.021711   -0.041262
    2.177000    0.007275    0.004208   -0.005382
   10.296000    0.002295   -0.006100    0.022729
   10.674000    0.002047   -0.006515    0.023315
    1.470000    0.007278    0.004213   -0.005400
    6.673000    0.006639    0.002799   -0.000942
   14.809000   -0.020695   -0.031967    0.013938
   18.614000   -0.051997    0.031876   -0.014419
    1.322000    0.007277    0.004211   -0.005391
   19.395000   -0.060174    0.068292    0.035707
    3.538000    0.007259    0.004172   -0.005266
    3.075000    0.007269    0.004193   -0.005335
   13.529000   -0.012832   -0.027160    0.032677
    7.604000    0.006137    0.001704    0.002389
   13.368000   -0.012149   -0.026387    0.033313
   19.256000   -0.059332    0.064368    0.029750
   10.021000    0.002553   -0.005606    0.021632
    8.281000    0.005337    0.000011    0.007228
   17.498000   -0.038929   -0.015222   -0.049293
    6.548000    0.006571    0.002645   -0.000446
    3.058000    0.007266    0.004187   -0.005314
   17.830000   -0.039443   -0.013861   -0.049294
    3.436000    0.007264    0.004183   -0.005303
    4.764000    0.007153    0.003934   -0.004505
   14.151000   -0.016680   -0.030456    0.025943
   15.589000   -0.024064   -0.032177    0.002227
    5.428000    0.006961    0.003508   -0.003157
   13.717000   -0.014885   -0.028953    0.029359
   13.160000   -0.009311   -0.023315    0.035768
    3.142000    0.007266    0.004186   -0.005312
   14.764000   -0.021012   -0.032188    0.013169
   19.892000   -0.061843    0.076314    0.048836
    9.893000    0.002676   -0.005376    0.021142
    8.901000    0.004285   -0.002179    0.013268
   15.577000   -0.023663   -0.032269    0.003885
   13.586000   -0.011318   -0.025602    0.034475
    9.001000    0.004071   -0.002610    0.014352
   17.714000   -0.039369   -0.014069   -0.049310
   18.902000   -0.053531    0.038526   -0.005787
    4.849000    0.007188    0.004014   -0.004761
   13.868000   -0.015081   -0.029110    0.028995
   19.438000   -0.060146    0.068166    0.035516
   14.866000   -0.021097   -0.032116    0.012736
    2.880000    0.007270    0.004196   -0.005346
    8.337000    0.004856   -0.000995    0.010036
    2.067000    0.007276    0.004208   -0.005383
    6.564000    0.006494    0.002477    0.000083
    8.320000    0.005211   -0.000262    0.008042
    0.355000    0.007279    0.004216   -0.005408
   19.765000   -0.062133    0.077761    0.051399
    2.028000    0.007277    0.004211   -0.005391
   16.831000   -0.034938   -0.022508   -0.039228
    2.159000    0.007275    0.004208   -0.005381
    4.277000    0.007233    0.004113   -0.005079
    4.369000    0.007184    0.004004   -0.004729
    8.346000    0.005349    0.000037    0.007151
   14.839000   -0.020531   -0.031922    0.014460
   14.298000   -0.018141   -0.031238    0.022052
    1.310000    0.007279    0.004215   -0.005407
    9.801000    0.003133   -0.004489    0.019086
   14.780000   -0.021164   -0.032406    0.012994
   12.901000   -0.011097   -0.025343    0.034625
    5.353000    0.007074    0.003759   -0.003951
    0.055000    0.007278    0.004213   -0.005399
   13.809000   -0.013424   -0.027700    0.031775
    3.119000    0.007266    0.004187   -0.005316
    1.064000    0.007279    0.004215   -0.005407
    1.677000    0.007277    0.004211   -0.005391
   16.959000   -0.035630   -0.021534   -0.041588
   12.670000   -0.008717   -0.022756    0.036704
   18.267000   -0.048917    0.019197   -0.028915
   17.482000   -0.038306   -0.016410   -0.047698
    8.272000    0.005367    0.000076    0.007034
    6.186000    0.006863    0.003292   -0.002482
   18.708000   -0.052339    0.033355   -0.012500
   12.713000   -0.008701   -0.022697    0.036520
    1.859000    0.007276    0.004209   -0.005386
   19.005000   -0.057661    0.057221    0.020808
   11.013000    0.001294   -0.007811    0.025365
    4.391000    0.007181    0.003997   -0.004708
   13.778000   -0.014962   -0.029018    0.029225
    3.841000    0.007258    0.004169   -0.005258
    4.698000    0.007161    0.003952   -0.004562
    4.406000    0.007216    0.004076   -0.004959
   15.551000   -0.023972   -0.032198    0.002579
    0.801000    0.007278    0.004214   -0.005402
   13.856000   -0.015079   -0.029109    0.029001
   14.097000   -0.016666   -0.030445    0.025970
   19.904000   -0.061972    0.076935    0.049843
   11.632000   -0.000338   -0.010582    0.029476
    2.258000    0.007275    0.004207   -0.005381
   18.218000   -0.047462    0.014097   -0.031748
   15.074000   -0.021258   -0.032445    0.012718
   18.477000   -0.052095    0.032486   -0.013027
   12.128000   -0.002324   -0.013577    0.031866
    7.488000    0.006149    0.001737    0.002253
   17.791000   -0.047852    0.014255   -0.036417
    6.525000    0.006584    0.002674   -0.000536
    4.732000    0.007162    0.003954   -0.004572
   16.948000   -0.035705   -0.021424   -0.041854
   18.740000   -0.056851    0.053776    0.016526
    2.092000    0.007275    0.004208   -0.005381
    4.294000    0.007219    0.004083   -0.004981
    4.131000    0.007227    0.004100   -0.005037
   10.213000    0.002331   -0.006035    0.022606
   14.160000   -0.017521   -0.030591    0.022989
    3.919000    0.007256    0.004164   -0.005241
   15.452000   -0.022913   -0.032446    0.006791
    1.979000    0.007276    0.004209   -0.005384
    0.908000    0.007279    0.004216   -0.005408
   11.595000   -0.001512   -0.012222    0.029954
    2.900000    0.007270    0.004196   -0.005344
    6.422000    0.006568    0.002640   -0.000441
   15.285000   -0.022940   -0.032267    0.006354
   19.343000   -0.059470    0.064995    0.030643
   14.260000   -0.018117   -0.031223    0.022107
    9.947000    0.002620   -0.005483    0.021387
    0.975000    0.007277    0.004211   -0.005392
    2.880000    0.007269    0.004193   -0.005335
   18.481000   -0.051441    0.029932   -0.015494
   16.026000   -0.028432   -0.030230   -0.015176
   17.788000   -0.039273   -0.014306   -0.049249
    8.330000    0.005342    0.000022    0.007192
    8.978000    0.004139   -0.002472    0.014004
   18.440000   -0.049392    0.021150   -0.026673
    7.650000    0.006101    0.001632    0.002569
   14.742000   -0.020506   -0.031909    0.014525
   12.325000   -0.002906   -0.014527    0.033038
   12.548000   -0.003702   -0.015695    0.033784
    1.899000    0.007276    0.004209   -0.005386
    7.190000    0.006270    0.001999    0.001469
   17.427000   -0.037950   -0.017167   -0.047079
   18.731000   -0.056806    0.053610    0.016394
    8.418000    0.005250   -0.000171    0.007729
   15.431000   -0.023416   -0.032339    0.004847
   18.314000   -0.049007    0.019593   -0.028371
    5.450000    0.007081    0.003774   -0.003999
    0.657000    0.007278    0.004215   -0.005405
   18.756000   -0.056594    0.051850    0.011526
   14.383000   -0.018445   -0.031071    0.020517
   17.387000   -0.038031   -0.016921   -0.047010
    2.728000    0.007272    0.004200   -0.005356
   10.484000    0.002207   -0.006262    0.023060
   15.818000   -0.025273   -0.031772   -0.002489
    2.993000    0.007272    0.004199   -0.005355
   13.867000   -0.013535   -0.027800    0.031590
   15.442000   -0.023357   -0.032203    0.004837
    5.238000    0.007102    0.003821   -0.004148
   18.409000   -0.051470    0.029405   -0.018173
    6.483000    0.006673    0.002873   -0.001172
   15.552000   -0.024552   -0.031933    0.000268
   17.001000   -0.035733   -0.021382   -0.041941
   19.861000   -0.062344    0.078827    0.053350
    3.746000    0.007251    0.004153   -0.005205
    3.224000    0.007264    0.004183   -0.005302
    2.858000    0.007273    0.004202   -0.005364
    3.265000    0.007263    0.004180   -0.005292
    3.445000    0.007262    0.004179   -0.005288
   15.246000   -0.022583   -0.032272    0.007652
    3.464000    0.007259    0.004172   -0.005266
   12.267000   -0.008017   -0.021873    0.036749
   19.977000   -0.061976    0.076954    0.049875
    2.153000    0.007276    0.004210   -0.005390
   17.770000   -0.039263   -0.014330   -0.049242
    5.098000    0.007139    0.003904   -0.004412
    1.887000    0.007277    0.004212   -0.005396
    8.699000    0.004627   -0.001464    0.011271
    9.411000    0.003499   -0.003765    0.017327
   10.742000    0.001836   -0.006883    0.023930
    6.767000    0.006469    0.002424    0.000218
    4.188000    0.007239    0.004127   -0.005123
   11.654000   -0.000277   -0.010451    0.029142
   13.571000   -0.012731   -0.027054    0.032785
   18.410000   -0.049286    0.020716   -0.027161
   10.105000    0.002816   -0.005097    0.020469
    4.676000    0.007162    0.003954   -0.004569
    7.273000    0.006288    0.002035    0.001376
   15.906000   -0.025403   -0.031728   -0.002996
   12.326000   -0.008064   -0.021933    0.036746
    4.890000    0.007140    0.003905   -0.004415
   18.029000   -0.039686   -0.013097   -0.048976
    3.609000    0.007255    0.004163   -0.005238
   13.157000   -0.009654   -0.023828    0.036100
    3.799000    0.007249    0.004149   -0.005195
    7.556000    0.006099    0.001631    0.002558
   19.658000   -0.062144    0.077817    0.051502
    4.244000    0.007221    0.004086   -0.004991
    2.580000    0.007273    0.004202   -0.005364
   15.810000   -0.026513   -0.031297   -0.007390
    0.675000    0.007277    0.004211   -0.005394
   14.516000   -0.019133   -0.031405    0.018627
   12.675000   -0.006676   -0.019939    0.035835
   15.032000   -0.021539   -0.032215    0.011307
   18.185000   -0.047453    0.014052   -0.031812
   14.234000   -0.016800   -0.030527    0.025642
   11.373000   -0.000210   -0.010409    0.029470
   10.736000    0.001814   -0.006945    0.024166
    4.320000    0.007219    0.004083   -0.004981
   17.116000   -0.036466   -0.020096   -0.043833
    6.492000    0.006725    0.002988   -0.001529
   14.447000   -0.017755   -0.030989    0.022980
    3.416000    0.007267    0.004188   -0.005319
    4.796000    0.007141    0.003909   -0.004427
    6.883000    0.006455    0.002393    0.000327
    8.832000    0.004531   -0.001673    0.011901
    4.349000    0.007226    0.004097   -0.005028
   14.118000   -0.016326   -0.029861    0.025899
   10.324000    0.002472   -0.005755    0.021927
   14.358000   -0.018019   -0.030863    0.021690
    4.819000    0.007172    0.003977   -0.004646
   11.049000   -0.000062   -0.010174    0.029214
    5.111000    0.007127    0.003877   -0.004325
   12.469000   -0.008320   -0.022239    0.036657
    0.868000    0.007278    0.004214   -0.005402
   17.009000   -0.035706   -0.021438   -0.041906
   15.447000   -0.023738   -0.032232    0.003451
    1.646000    0.007276    0.004210   -0.005388
    6.263000    0.006736    0.003013   -0.001605
    1.228000    0.007278    0.004214   -0.005402
    8.344000    0.005279   -0.000109    0.007559
    9.276000    0.003630   -0.003502    0.016659
   12.852000   -0.009024   -0.023072    0.036349
    6.498000    0.006664    0.002854   -0.001111
   16.698000   -0.033040   -0.024853   -0.032264
    3.366000    0.007268    0.004191   -0.005328
    7.615000    0.006076    0.001582    0.002702
   17.564000   -0.038677   -0.015458   -0.047893
    4.800000    0.007173    0.003980   -0.004654
   19.506000   -0.060200    0.068412    0.035879
   19.307000   -0.060157    0.068214    0.035588
    2.154000    0.007276    0.004209   -0.005387
    0.599000    0.007279    0.004216   -0.005408
    6.874000    0.006442    0.002366    0.000405
    2.459000    0.007273    0.004204   -0.005369
   19.649000   -0.060488    0.069783    0.038082
   14.877000   -0.020940   -0.032359    0.013730
   14.878000   -0.020887   -0.032020    0.013333
   15.024000   -0.021351   -0.032441    0.012374
   11.248000   -0.000253   -0.010488    0.029620
    6.210000    0.006651    0.002821   -0.000989
    6.944000    0.006428    0.002336    0.000481
   17.703000   -0.039118   -0.014650   -0.049024
    3.281000    0.007269    0.004194   -0.005336
    9.583000    0.003354   -0.004058    0.018082
   16.571000   -0.030301   -0.028327   -0.022307
   10.157000    0.002758   -0.005207    0.020709
   12.566000   -0.008431   -0.022377    0.036644
   15.814000   -0.025318   -0.031868   -0.002623
    7.475000    0.006209    0.001857    0.001950
   14.563000   -0.019973   -0.031999    0.016647
    8.929000    0.004246   -0.002261    0.013493
   19.088000   -0.057713    0.057445    0.021093
   17.926000   -0.042025   -0.004599   -0.043149
   17.325000   -0.038021   -0.016991   -0.047130
    2.622000    0.007272    0.004201   -0.005360
    8.659000    0.004639   -0.001449    0.011297
    4.153000    0.007224    0.004093   -0.005013
   15.005000   -0.021225   -0.032438    0.012827
    9.042000    0.004090   -0.002577    0.014299
   13.970000   -0.015204   -0.029193    0.028715
    3.123000    0.007265    0.004185   -0.005308
   16.096000   -0.028366   -0.030209   -0.014896
   16.563000   -0.030306   -0.028340   -0.022342
    2.743000    0.007271    0.004199   -0.005354
   11.885000   -0.001619   -0.012624    0.031740
    8.900000    0.004125   -0.002505    0.014112
    5.156000    0.007113    0.003847   -0.004229
    5.870000    0.007013    0.003623   -0.003519
   12.559000   -0.008423   -0.022368    0.036646
   17.787000   -0.040825   -0.008645   -0.045322
   13.163000   -0.009812   -0.023778    0.034928
    6.613000    0.006491    0.002472    0.000074
   17.324000   -0.038692   -0.015831   -0.049161
   11.845000   -0.000802   -0.011301    0.030165
    7.839000    0.006064    0.001550    0.002831
   14.193000   -0.016698   -0.030468    0.025900
    3.703000    0.007257    0.004166   -0.005247
    5.071000    0.007132    0.003889   -0.004365
   16.155000   -0.027580   -0.030624   -0.011657
   18.852000   -0.057052    0.054616    0.017536
    9.564000    0.003312   -0.004141    0.018278
   10.861000    0.001493   -0.007480    0.024910
    1.456000    0.007278    0.004213   -0.005399
    7.424000    0.006277    0.002003    0.001523
    5.277000    0.007098    0.003813   -0.004123
   17.570000   -0.039109   -0.014242   -0.047828
   16.784000   -0.035416   -0.021824   -0.040868
   13.141000   -0.009648   -0.023818    0.036085
    7.633000    0.006158    0.001749    0.002263
   17.594000   -0.039194   -0.014484   -0.049134
   10.794000    0.001708   -0.007130    0.024474
   16.567000   -0.032207   -0.026351   -0.029819
   18.895000   -0.057497    0.056341    0.019149
    1.977000    0.007276    0.004210   -0.005388
   19.087000   -0.057777    0.057328    0.019712
   19.055000   -0.057718    0.057467    0.021127
   11.245000   -0.000252   -0.010488    0.029621
   15.352000   -0.023668   -0.032245    0.003716
   19.691000   -0.060517    0.069921    0.038307
    5.733000    0.007033    0.003667   -0.003659
   17.786000   -0.039230   -0.014392   -0.049166
    1.780000    0.007277    0.004212   -0.005397
   15.797000   -0.025074   -0.031850   -0.001705
   16.743000   -0.034242   -0.023702   -0.037183
    9.832000    0.002768   -0.005196    0.020723
    1.451000    0.007276    0.004210   -0.005389
   17.017000   -0.035838   -0.021193   -0.042223
   19.998000   -0.062787    0.081038    0.057266
    3.657000    0.007256    0.004164   -0.005240
    2.687000    0.007272    0.004200   -0.005357
    6.316000    0.006721    0.002978   -0.001499
   13.207000   -0.011562   -0.025811    0.034070
   16.777000   -0.034716   -0.022816   -0.038458
   10.736000    0.001976   -0.006640    0.023534
   16.257000   -0.028049   -0.030404   -0.013503
    6.790000    0.006447    0.002373    0.000403
    3.007000    0.007272    0.004199   -0.005355
   12.575000   -0.008441   -0.022386    0.036622
   19.907000   -0.061976    0.076951    0.049870
    9.239000    0.003908   -0.002946    0.015260
    2.767000    0.007272    0.004200   -0.005355
    0.377000    0.007279    0.004216   -0.005408
   15.428000   -0.023282   -0.032215    0.005133
    8.331000    0.004934   -0.000832    0.009575
   14.903000   -0.021128   -0.032410    0.013130
    4.877000    0.007147    0.003922   -0.004468
    9.402000    0.003628   -0.003507    0.016683
    6.561000    0.006485    0.002456    0.000149
   14.050000   -0.014587   -0.028736    0.029926
    0.100000    0.007277    0.004211   -0.005393
    3.447000    0.007267    0.004188   -0.005319
   13.724000   -0.014909   -0.028973    0.029317
   19.347000   -0.059474    0.065011    0.030671
   16.967000   -0.035709   -0.021419   -0.041873
   10.703000    0.001932   -0.006716    0.023647
    6.221000    0.006663    0.002848   -0.001074
   14.481000   -0.018644   -0.031453    0.020596
    9.537000    0.003450   -0.003865    0.017586
   15.694000   -0.024626   -0.032004    0.000046
    5.702000    0.006978    0.003546   -0.003277
    3.825000    0.007252    0.004155   -0.005213
    0.285000    0.007279    0.004216   -0.005408
    4.664000    0.007198    0.004036   -0.004832
    6.741000    0.006502    0.002494    0.000017
   12.736000   -0.006683   -0.019944    0.035820
   10.482000    0.002200   -0.006256    0.022927
    4.536000    0.007215    0.004073   -0.004951
   11.935000   -0.001670   -0.012702    0.031809
    6.879000    0.006462    0.002407    0.000284
   16.974000   -0.035626   -0.021542   -0.041576
    8.557000    0.004689   -0.001344    0.010993
   15.208000   -0.022146   -0.032397    0.009433
   13.097000   -0.011294   -0.025540    0.034383
   16.080000   -0.027801   -0.030582   -0.012517
    3.089000    0.007271    0.004198   -0.005349
   10.572000    0.002093   -0.006439    0.023209
    7.799000    0.006076    0.001575    0.002762
   13.456000   -0.011221   -0.025513    0.034609
    8.622000    0.004652   -0.001422    0.011222
   10.056000    0.002535   -0.005644    0.021736
    3.862000    0.007253    0.004158   -0.005223
    6.938000    0.006432    0.002343    0.000477
   16.214000   -0.028936   -0.029779   -0.017015
    9.607000    0.003355   -0.004057    0.018077
    2.743000    0.007273    0.004204   -0.005369
    6.257000    0.006744    0.003028   -0.001653
    5.569000    0.007031    0.003663   -0.003648
    3.093000    0.007265    0.004184   -0.005306
   19.270000   -0.060057    0.067771    0.034974
   13.713000   -0.014903   -0.028967    0.029322
   16.607000   -0.030430   -0.028228   -0.022833
    9.822000    0.002898   -0.004943    0.020132
   19.377000   -0.060173    0.068284    0.035681
    6.051000    0.006966    0.003520   -0.003197
    0.397000    0.007277    0.004211   -0.005393
    5.341000    0.007087    0.003788   -0.004042
    5.550000    0.007055    0.003718   -0.003822
   16.636000   -0.031077   -0.027671   -0.025477
   17.285000   -0.037479   -0.018120   -0.046137
   19.332000   -0.060120    0.068048    0.035360
    9.931000    0.002998   -0.004750    0.019697
    6.046000    0.006689    0.002904   -0.001247
   12.786000   -0.008886   -0.022911    0.036419
   10.233000    0.002336   -0.006023    0.022567
    7.822000    0.006091    0.001606    0.002675
    4.757000    0.007158    0.003946   -0.004546
    9.930000    0.002998   -0.004750    0.019699
   17.013000   -0.035782   -0.021296   -0.042077
   13.320000   -0.010236   -0.024457    0.035561
   15.350000   -0.022644   -0.032485    0.007800
   16.076000   -0.027771   -0.030611   -0.012402
    0.613000    0.007278    0.004214   -0.005402
    6.655000    0.006536    0.002569   -0.000211
   10.849000    0.001628   -0.007268    0.024695
    1.209000    0.007278    0.004214   -0.005401
    4.073000    0.007238    0.004124   -0.005113
    5.835000    0.006791    0.003132   -0.001963
    4.910000    0.007180    0.003994   -0.004700
    7.919000    0.005767    0.000925    0.004594
   17.478000   -0.038228   -0.016553   -0.047496
   11.414000   -0.000402   -0.010522    0.028451
    6.606000    0.006642    0.002804   -0.000957
   11.329000    0.000412   -0.009287    0.027445
   15.465000   -0.023449   -0.032333    0.004723
    9.554000    0.003277   -0.004209    0.018433
    2.042000    0.007276    0.004210   -0.005388
   13.904000   -0.015118   -0.029136    0.028917
   11.428000   -0.000293   -0.010548    0.029661
    8.404000    0.005249   -0.000173    0.007736
   10.353000    0.002281   -0.006129    0.022807
    7.425000    0.006256    0.001966    0.001580
    0.866000    0.007278    0.004214   -0.005403
    9.831000    0.003078   -0.004596    0.019343
   14.651000   -0.020262   -0.032119    0.015797
   19.426000   -0.059550    0.065366    0.031209
   19.375000   -0.060175    0.068292    0.035695
    9.697000    0.003196   -0.004365    0.018796
   16.520000   -0.031024   -0.027708   -0.025246
   11.571000   -0.000436   -0.010775    0.029907
    6.450000    0.006506    0.002502    0.000005
    7.326000    0.006239    0.001930    0.001679
   10.424000    0.002373   -0.005929    0.022231
   11.734000   -0.000918   -0.011531    0.030675
    0.511000    0.007277    0.004211   -0.005393
    6.046000    0.006818    0.003192   -0.002170
   13.140000   -0.009438   -0.023344    0.035150
    2.247000    0.007276    0.004209   -0.005386
    9.487000    0.003395   -0.003978    0.017883
   13.692000   -0.014883   -0.028941    0.029327
   17.899000   -0.048190    0.015423   -0.035709
   10.517000    0.002195   -0.006250    0.022835
   12.539000   -0.007073   -0.020486    0.035974
    4.803000    0.007162    0.003954   -0.004572
    9.611000    0.003247   -0.004268    0.018570
   14.415000   -0.018417   -0.031060    0.020604
   19.186000   -0.059757    0.066431    0.033121
    3.220000    0.007266    0.004188   -0.005318
   16.576000   -0.031126   -0.027622   -0.025683
    7.550000    0.006192    0.001821    0.002056
    8.940000    0.004249   -0.002255    0.013474
    4.593000    0.007165    0.003961   -0.004593
   12.243000   -0.002918   -0.014444    0.032389
    3.425000    0.007261    0.004175   -0.005278
    7.228000    0.006305    0.002067    0.001312
    5.723000    0.007019    0.003639   -0.003572
   19.885000   -0.062191    0.078049    0.051911
   15.370000   -0.023032   -0.032266    0.006032
   14.830000   -0.021058   -0.032195    0.013015
   17.373000   -0.038057   -0.016915   -0.047190
    0.438000    0.007279    0.004216   -0.005408
   17.261000   -0.037500   -0.018084   -0.046195
   11.217000    0.000646   -0.008901    0.026931
   17.905000   -0.039443   -0.013798   -0.049118
    6.418000    0.006504    0.002498    0.000017
    9.411000    0.003497   -0.003769    0.017343
    8.325000    0.005342    0.000023    0.007191
   18.643000   -0.056558    0.052598    0.015270
    6.042000    0.006717    0.002966   -0.001444
    1.931000    0.007276    0.004209   -0.005387
   16.612000   -0.031120   -0.027570   -0.025576
   15.751000   -0.025271   -0.031728   -0.002517
    4.156000    0.007224    0.004094   -0.005017
   16.686000   -0.032959   -0.025402   -0.032581
    7.421000    0.006199    0.001838    0.001996
   10.281000    0.002384   -0.005925    0.022316
    4.117000    0.007241    0.004132   -0.005138
    2.214000    0.007276    0.004208   -0.005384
   18.522000   -0.052253    0.033123   -0.012349
    7.136000    0.006374    0.002217    0.000852
   19.179000   -0.057784    0.057754    0.021499
    4.166000    0.007244    0.004139   -0.005161
   14.431000   -0.018851   -0.031277    0.019419
   10.419000    0.002372   -0.005930    0.022233
    9.605000    0.003312   -0.004137    0.018248
   19.096000   -0.057715    0.057456    0.021108
   17.772000   -0.047838    0.014203   -0.036459
    0.647000    0.007278    0.004213   -0.005399
    3.874000    0.007257    0.004166   -0.005250
   19.311000   -0.059405    0.064701    0.030235
   16.222000   -0.027899   -0.030492   -0.012916
    8.766000    0.004524   -0.001678    0.011852
   13.822000   -0.013456   -0.027731    0.031725
    7.596000    0.006169    0.001772    0.002196
    7.286000    0.006248    0.001950    0.001622
   16.106000   -0.028389   -0.030197   -0.014986
   17.740000   -0.039384   -0.014033   -0.049326
   12.566000   -0.007537   -0.021133    0.036202
   14.989000   -0.021747   -0.032400    0.010870
    4.396000    0.007213    0.004069   -0.004939
   15.268000   -0.022690   -0.032273    0.007286
   16.156000   -0.027921   -0.030504   -0.012997
    3.779000    0.007257    0.004166   -0.005248
    3.407000    0.007260    0.004174   -0.005273
   12.163000   -0.002085   -0.013331    0.032322
   16.319000   -0.030971   -0.027816   -0.025178
   17.875000   -0.039307   -0.014203   -0.049224
   14.494000   -0.018924   -0.031548    0.019706
   18.102000   -0.047363    0.013734   -0.032029
   12.334000   -0.002642   -0.014150    0.032857
    7.372000    0.006163    0.001766    0.002162
    0.393000    0.007277    0.004211   -0.005393
   17.289000   -0.037527   -0.018031   -0.046255
   17.579000   -0.039160   -0.014557   -0.049080
   12.265000   -0.002395   -0.013788    0.032626
   17.663000   -0.039030   -0.014857   -0.048921
   14.315000   -0.018139   -0.030914    0.021334
    0.718000    0.007278    0.004214   -0.005402
   15.930000   -0.027523   -0.030741   -0.011421
   12.045000   -0.001846   -0.012971    0.032042
    9.666000    0.003196   -0.004365    0.018794
    7.431000    0.006144    0.001726    0.002281
   18.931000   -0.056140    0.049988    0.009472
    7.116000    0.006371    0.002213    0.000852
   14.417000   -0.018538   -0.031412    0.020911
    3.919000    0.007248    0.004147   -0.005186
   12.683000   -0.006674   -0.019937    0.035835
    7.605000    0.006169    0.001773    0.002194
    3.889000    0.007252    0.004156   -0.005214
   14.070000   -0.015358   -0.029257    0.028198
    1.864000    0.007276    0.004209   -0.005387
    3.922000    0.007256    0.004164   -0.005240
    7.913000    0.005786    0.000964    0.004482
   16.617000   -0.030414   -0.028222   -0.022751
    9.087000    0.004058   -0.002641    0.014474
    0.326000    0.007278    0.004214   -0.005403
    3.797000    0.007254    0.004161   -0.005231
    2.382000    0.007274    0.004206   -0.005376
    6.041000    0.006691    0.002910   -0.001264
   13.464000   -0.010943   -0.025205    0.034849
   15.680000   -0.024521   -0.032042    0.000459
   12.473000   -0.007626   -0.021258    0.036251
   11.424000   -0.000362   -0.010664    0.029828
   18.184000   -0.048339    0.015969   -0.035276
   15.585000   -0.024720   -0.031890   -0.000378
    1.714000    0.007276    0.004210   -0.005388
   10.874000    0.001556   -0.007381    0.024812
    7.275000    0.006293    0.002039    0.001416
    0.421000    0.007279    0.004215   -0.005405
   16.894000   -0.035078   -0.022526   -0.040058
    2.660000    0.007274    0.004204   -0.005370
    8.003000    0.005526    0.000413    0.006075
    6.238000    0.006673    0.002871   -0.001153
   15.213000   -0.022271   -0.032515    0.009180
   11.414000    0.000235   -0.009595    0.027940
   13.149000   -0.009761   -0.023715    0.034940
    7.372000    0.006172    0.001787    0.002100
   18.514000   -0.052049    0.032310   -0.013194
    1.999000    0.007276    0.004210   -0.005389
   18.989000   -0.057698    0.057178    0.020129
   12.590000   -0.007910   -0.021640    0.036332
    9.197000    0.003921   -0.002919    0.015191
   14.840000   -0.020838   -0.032013    0.013500
    1.817000    0.007277    0.004212   -0.005394
   17.024000   -0.035463   -0.021937   -0.041278
    8.078000    0.005742    0.000868    0.004786
    9.960000    0.002584   -0.005551    0.021538
    9.552000    0.003373   -0.004022    0.017994
    6.554000    0.006657    0.002837   -0.001060
   14.299000   -0.018223   -0.031274    0.021816
    7.385000    0.006212    0.001866    0.001917
    4.825000    0.007171    0.003976   -0.004641
    0.992000    0.007278    0.004214   -0.005402
    1.013000    0.007278    0.004214   -0.005402
    2.784000    0.007271    0.004198   -0.005352
    2.750000    0.007272    0.004200   -0.005356
    0.445000    0.007277    0.004211   -0.005393
   11.371000    0.000087   -0.009880    0.028547
   17.769000   -0.039384   -0.014024   -0.049303
    3.249000    0.007265    0.004184   -0.005305
   13.718000   -0.013207   -0.027492    0.032083
    7.870000    0.005645    0.000665    0.005347
   14.292000   -0.018130   -0.031231    0.022075
   17.897000   -0.039312   -0.014187   -0.049217
    9.598000    0.003289   -0.004182    0.018356
    7.982000    0.005880    0.001159    0.003957
    0.646000    0.007277    0.004211   -0.005393
    2.628000    0.007270    0.004196   -0.005345
   11.533000   -0.001030   -0.011487    0.029318
   19.409000   -0.059481    0.065039    0.030692
   17.548000   -0.038655   -0.015674   -0.048327
    7.667000    0.006052    0.001529    0.002854
    6.032000    0.006701    0.002932   -0.001336
   12.893000   -0.009113   -0.023173    0.036289
   12.035000   -0.007539   -0.021217    0.036523
    3.330000    0.007263    0.004180   -0.005292
   10.261000    0.002380   -0.005932    0.022326
    1.355000    0.007278    0.004214   -0.005401
   16.846000   -0.035602   -0.021580   -0.041532
    2.658000    0.007274    0.004204   -0.005371
    4.839000    0.007146    0.003919   -0.004460
   12.744000   -0.006545   -0.019745    0.035719
   11.925000   -0.007370   -0.020961    0.036308
    5.863000    0.007015    0.003628   -0.003535
   10.196000    0.002422   -0.005854    0.022171
   15.907000   -0.027271   -0.030857   -0.010426
    6.841000    0.006451    0.002387    0.000326
    0.664000    0.007278    0.004214   -0.005403
    9.891000    0.002722   -0.005287    0.020934
   11.430000    0.000027   -0.009978    0.028678
    7.418000    0.006260    0.001968    0.001626
   16.163000   -0.028478   -0.030127   -0.015342
   18.128000   -0.047449    0.014030   -0.031860
   15.027000   -0.021318   -0.032441    0.012495
    0.650000    0.007278    0.004214   -0.005402
   14.006000   -0.014576   -0.028721    0.029935
    0.766000    0.007277    0.004212   -0.005396
   17.737000   -0.039191   -0.014475   -0.049099
   10.283000    0.002480   -0.005740    0.021902
    9.988000    0.002605   -0.005511    0.021451
    6.412000    0.006521    0.002535   -0.000098
   10.268000    0.002381   -0.005930    0.022318
   10.621000    0.002235   -0.006218    0.023009
    5.829000    0.006795    0.003140   -0.001991
    4.668000    0.007190    0.004018   -0.004775
   13.025000   -0.008277   -0.021949    0.035601
   19.323000   -0.059454    0.064929    0.030575
    1.431000    0.007277    0.004211   -0.005391
    2.766000    0.007273    0.004204   -0.005369
   12.551000   -0.006517   -0.019707    0.035685
   19.832000   -0.061712    0.075687    0.047823
    4.621000    0.007202    0.004045   -0.004862
    3.676000    0.007255    0.004161   -0.005233
   12.453000   -0.007526   -0.021118    0.036194
   15.326000   -0.022621   -0.032486    0.007881
    4.471000    0.007221    0.004087   -0.004996
   11.538000   -0.000110   -0.010179    0.028802
    1.370000    0.007277    0.004211   -0.005391
   16.217000   -0.028937   -0.029779   -0.017017
   10.300000    0.002298   -0.006098    0.022744
    0.517000    0.007278    0.004214   -0.005403
    0.932000    0.007277    0.004211   -0.005392
    9.985000    0.002592   -0.005538    0.021510
    9.515000    0.003452   -0.003858    0.017552
   14.586000   -0.019269   -0.031464    0.018242
   18.805000   -0.056966    0.054269    0.017152
   13.501000   -0.012628   -0.026950    0.032901
    6.887000    0.006444    0.002372    0.000372
   19.319000   -0.059465    0.064969    0.030599
    2.164000    0.007276    0.004210   -0.005389
   11.553000   -0.000181   -0.010322    0.029130
   16.522000   -0.030396   -0.028271   -0.022714
   11.459000   -0.000149   -0.010253    0.028952
   18.347000   -0.049019    0.019618   -0.028419
   13.989000   -0.015508   -0.029362    0.027907
    4.330000    0.007228    0.004101   -0.005040
    2.149000    0.007276    0.004209   -0.005386
    6.914000    0.006619    0.002754   -0.000804
    0.323000    0.007277    0.004211   -0.005392
   17.541000   -0.038959   -0.015120   -0.049244
   14.207000   -0.017341   -0.030458    0.023362
   12.054000   -0.007638   -0.021357    0.036579
    2.499000    0.007273    0.004203   -0.005368
    5.127000    0.007119    0.003859   -0.004270
    7.393000    0.006213    0.001867    0.001920
    7.416000    0.006186    0.001811    0.002068
   12.357000   -0.008068   -0.021938    0.036752
    2.716000    0.007273    0.004203   -0.005367
    7.055000    0.006388    0.002250    0.000746
   15.322000   -0.022947   -0.032264    0.006371
    8.972000    0.004217   -0.002320    0.013650
    5.749000    0.006807    0.003167   -0.002074
    2.439000    0.007274    0.004205   -0.005374
    7.759000    0.006091    0.001608    0.002667
    9.727000    0.003191   -0.004376    0.018820
    5.279000    0.007092    0.003800   -0.004082
    8.871000    0.004230   -0.002287    0.013511
   12.782000   -0.006684   -0.019942    0.035802
   11.114000    0.000066   -0.009949    0.028836
    5.701000    0.007019    0.003637   -0.003568
    9.369000    0.003558   -0.003646    0.017017
    8.313000    0.005190   -0.000306    0.008178
    1.077000    0.007278    0.004213   -0.005399
   10.277000    0.002291   -0.006111    0.022781
   11.368000    0.000089   -0.009847    0.028343
   11.435000    0.000021   -0.009987    0.028688
    9.393000    0.003509   -0.003746    0.017275
    9.390000    0.003514   -0.003736    0.017249
   11.354000    0.000141   -0.009788    0.028412
   17.961000   -0.039649   -0.013163   -0.048895
    1.767000    0.007278    0.004213   -0.005398
   17.761000   -0.039266   -0.014324   -0.049247
    7.689000    0.006153    0.001739    0.002293
    9.025000    0.004168   -0.002418    0.013893
    0.006000    0.007278    0.004215   -0.005404
    9.160000    0.003991   -0.002777    0.014826
   14.944000   -0.021675   -0.032394    0.011117
    7.722000    0.006062    0.001548    0.002814
    4.028000    0.007238    0.004125   -0.005117
   13.182000   -0.011454   -0.025704    0.034207
   14.724000   -0.020447   -0.031889    0.014704
   13.086000   -0.009062   -0.022998    0.035781
    7.179000    0.006286    0.002032    0.001376
    1.391000    0.007277    0.004211   -0.005391
    5.940000    0.006770    0.003084   -0.001817
   18.545000   -0.055926    0.050033    0.012454
    3.948000    0.007246    0.004143   -0.005173
   10.846000    0.001635   -0.007256    0.024675
   17.962000   -0.048259    0.015663   -0.035557
   19.821000   -0.061964    0.076894    0.049776
    8.944000    0.004217   -0.002320    0.013649
   13.658000   -0.014797   -0.028877    0.029509
   15.961000   -0.027521   -0.030742   -0.011414
    9.854000    0.003046   -0.004659    0.019491
    8.855000    0.004494   -0.001749    0.012105
   10.592000    0.001934   -0.006733    0.023806
    6.742000    0.006472    0.002432    0.000201
   16.942000   -0.035593   -0.021596   -0.041474
    7.462000    0.006247    0.001947    0.001640
   10.487000    0.002236   -0.006212    0.022981
    2.406000    0.007274    0.004205   -0.005372
   10.510000    0.002199   -0.006278    0.023090
   10.851000    0.001929   -0.006724    0.023683
    5.603000    0.007044    0.003693   -0.003744
   10.702000    0.001820   -0.006936    0.024164
    3.568000    0.007257    0.004168   -0.005253
   16.066000   -0.028443   -0.030223   -0.015219
    3.267000    0.007269    0.004194   -0.005337
    7.083000    0.006346    0.002154    0.001066
   11.981000   -0.001341   -0.012151    0.031055
    1.123000    0.007278    0.004214   -0.005402
   10.037000    0.002562   -0.005593    0.021629
   11.297000   -0.000279   -0.010531    0.029675
    4.862000    0.007162    0.003956   -0.004578
    4.111000    0.007240    0.004129   -0.005129
   19.503000   -0.060229    0.068546    0.036092
   16.717000   -0.034197   -0.023762   -0.037021
    2.953000    0.007272    0.004200   -0.005358
    9.462000    0.003482   -0.003798    0.017395
    0.686000    0.007279    0.004215   -0.005406
   14.544000   -0.019141   -0.031404    0.018595
    8.312000    0.005196   -0.000292    0.008133
   12.309000   -0.002632   -0.014136    0.032845
    7.355000    0.006223    0.001888    0.001855
    5.980000    0.006851    0.003267   -0.002402
    2.383000    0.007274    0.004205   -0.005372
   14.015000   -0.016453   -0.030271    0.026369
    3.190000    0.007265    0.004185   -0.005307
   11.483000   -0.000398   -0.010721    0.029886
   12.883000   -0.006613   -0.019823    0.035674
    9.319000    0.003634   -0.003494    0.016645
   11.514000   -0.000422   -0.010759    0.029930
    9.760000    0.003180   -0.004397    0.018874
    9.979000    0.002920   -0.004903    0.020048
    5.401000    0.007071    0.003753   -0.003931
    4.395000    0.007218    0.004080   -0.004972
    7.250000    0.006322    0.002108    0.001161
   14.930000   -0.021286   -0.032166    0.012139
   10.801000    0.001624   -0.007265    0.024625
   12.309000   -0.002582   -0.014064    0.032806
    3.258000    0.007265    0.004184   -0.005306
   16.581000   -0.031048   -0.027673   -0.025327
    3.682000    0.007251    0.004154   -0.005208
   15.136000   -0.022034   -0.032406    0.009844
   11.407000   -0.000210   -0.010405    0.029446
   18.510000   -0.051527    0.029679   -0.017736
   16.441000   -0.029784   -0.028849   -0.020313
   15.234000   -0.022364   -0.032487    0.008800
   10.494000    0.002168   -0.006329    0.023166
    4.963000    0.007116    0.003852   -0.004246
    6.596000    0.006710    0.002955   -0.001427
    2.436000    0.007274    0.004205   -0.005372
    3.617000    0.007258    0.004169   -0.005257
   12.529000   -0.008345   -0.022260    0.036610
    2.995000    0.007268    0.004192   -0.005330
    7.123000    0.006358    0.002182    0.000965
    6.214000    0.006743    0.003027   -0.001647
   16.363000   -0.030746   -0.027989   -0.024238
   14.629000   -0.019390   -0.031506    0.017870
   12.987000   -0.009393   -0.023525    0.036240
    2.563000    0.007275    0.004207   -0.005379
   10.686000    0.001826   -0.006925    0.024144
   11.412000   -0.000344   -0.010635    0.029788
    3.039000    0.007267    0.004188   -0.005319
   15.743000   -0.025142   -0.031783   -0.002005
   12.745000   -0.006216   -0.019281    0.035522
   17.665000   -0.039300   -0.014232   -0.049239
   13.389000   -0.010908   -0.025181    0.034928
   16.939000   -0.035297   -0.022215   -0.040799
   17.813000   -0.039250   -0.014346   -0.049195
    8.694000    0.004629   -0.001470    0.011353
    7.988000    0.005569    0.000503    0.005812
    2.714000    0.007273    0.004204   -0.005369
   14.281000   -0.017937   -0.030821    0.021908
   16.380000   -0.031028   -0.027751   -0.025396
    8.353000    0.005202   -0.000281    0.008097
   10.976000    0.001325   -0.007767    0.025344
   13.169000   -0.009674   -0.023850    0.036079
   13.659000   -0.014779   -0.028860    0.029535
   12.153000   -0.007533   -0.021209    0.036524
    2.817000    0.007272    0.004201   -0.005361
    5.652000    0.006843    0.003246   -0.002326
   17.384000   -0.038035   -0.016971   -0.047185
   10.904000    0.001437   -0.007578    0.025071
    2.145000    0.007275    0.004208   -0.005381
   12.675000   -0.008483   -0.022396    0.036427
    6.730000    0.006633    0.002786   -0.000902
   17.539000   -0.039118   -0.014232   -0.047872
    7.343000    0.006286    0.002022    0.001465
   14.154000   -0.017077   -0.030326    0.024095
    3.405000    0.007258    0.004168   -0.005254
   15.959000   -0.025709   -0.031596   -0.004205
    5.435000    0.007083    0.003780   -0.004018
    8.654000    0.004619   -0.001481    0.011312
   15.442000   -0.023645   -0.032236    0.003791
    7.109000    0.006336    0.002131    0.001137
   17.007000   -0.035774   -0.021300   -0.042025
    1.663000    0.007276    0.004210   -0.005389
    2.283000    0.007275    0.004207   -0.005378
    9.451000    0.003355   -0.004057    0.018077
   16.547000   -0.030994   -0.027724   -0.025114
   11.924000   -0.001646   -0.012657    0.031731
    0.945000    0.007278    0.004214   -0.005402
    2.514000    0.007274    0.004206   -0.005375
    8.777000    0.004392   -0.001954    0.012622
   13.470000   -0.011219   -0.025514    0.034620
   10.422000    0.002203   -0.006266    0.023044
    9.136000    0.004010   -0.002738    0.014720
   17.992000   -0.039663   -0.013176   -0.049027
   19.352000   -0.060130    0.068078    0.035356
    3.365000    0.007262    0.004177   -0.005284
    1.556000    0.007277    0.004211   -0.005392
    1.759000    0.007277    0.004212   -0.005396
    0.352000    0.007277    0.004211   -0.005393
    1.013000    0.007277    0.004211   -0.005392
   18.774000   -0.053238    0.037291   -0.007279
   18.158000   -0.040506   -0.010117   -0.046647
   17.249000   -0.037611   -0.017847   -0.046380
    1.357000    0.007277    0.004211   -0.005391
   11.128000    0.001330   -0.007743    0.025220
   10.552000    0.001961   -0.006687    0.023728
   18.241000   -0.041056   -0.008081   -0.044960
   12.826000   -0.008928   -0.022950    0.036344
   16.251000   -0.027972   -0.030458   -0.013200
    3.543000    0.007265    0.004184   -0.005305
   17.496000   -0.038544   -0.015773   -0.047754
    1.253000    0.007278    0.004213   -0.005400
   17.201000   -0.037102   -0.018837   -0.045268
   18.220000   -0.047462    0.014091   -0.031762
   13.807000   -0.015015   -0.029060    0.029127
    9.815000    0.003070   -0.004611    0.019379
    6.679000    0.006635    0.002790   -0.000914
    9.609000    0.003266   -0.004229    0.018467
   14.998000   -0.021501   -0.032146    0.011327
    2.894000    0.007269    0.004193   -0.005336
    2.879000    0.007269    0.004193   -0.005335
   12.726000   -0.005651   -0.018483    0.035176
   10.509000    0.002034   -0.006555    0.023486
   19.602000   -0.061475    0.074620    0.046356
    5.936000    0.006712    0.002955   -0.001407
   13.582000   -0.011685   -0.025984    0.034052
   10.111000    0.002494   -0.005717    0.021871
    8.784000    0.004396   -0.001940    0.012557
   13.783000   -0.015019   -0.029028    0.029003
   11.090000    0.000972   -0.008392    0.026421
    4.221000    0.007237    0.004121   -0.005105
    6.440000    0.006618    0.002748   -0.000764
    5.470000    0.007066    0.003741   -0.003893
    0.068000    0.007278    0.004214   -0.005402
   11.671000   -0.000274   -0.010449    0.029154
    5.075000    0.007132    0.003888   -0.004359
    3.586000    0.007259    0.004172   -0.005267
    4.032000    0.007234    0.004116   -0.005086
   11.874000   -0.000824   -0.011320    0.030089
    5.303000    0.007067    0.003744   -0.003903
    7.371000    0.006283    0.002015    0.001486
    2.852000    0.007273    0.004202   -0.005365
    1.994000    0.007276    0.004208   -0.005384
    9.233000    0.003952   -0.002856    0.015026
   10.374000    0.002271   -0.006150    0.022864
    6.742000    0.006457    0.002394    0.000337
    0.605000    0.007277    0.004212   -0.005397
    8.322000    0.005190   -0.000307    0.008176
   18.424000   -0.053075    0.038456   -0.000293
    4.352000    0.007223    0.004092   -0.005010
   13.348000   -0.012072   -0.026313    0.033422
   15.699000   -0.025348   -0.031702   -0.002821
   17.613000   -0.039367   -0.013668   -0.048319
   13.535000   -0.012859   -0.027188    0.032646
    5.103000    0.007106    0.003831   -0.004179
   19.953000   -0.062782    0.081010    0.057217
   19.754000   -0.062276    0.078498    0.052801
    1.129000    0.007278    0.004214   -0.005401
   10.350000    0.002325   -0.006032    0.022516
    5.851000    0.006736    0.003008   -0.001575
   14.598000   -0.019216   -0.031465    0.018442
   15.929000   -0.026842   -0.031162   -0.008693
   15.053000   -0.021696   -0.032199    0.010715
    1.615000    0.007277    0.004212   -0.005397
   19.353000   -0.060126    0.068075    0.035393
    8.884000    0.004156   -0.002440    0.013936
   12.881000   -0.005965   -0.018928    0.035382
   16.152000   -0.027993   -0.030446   -0.013280
   18.105000   -0.046762    0.011656   -0.033266
    2.510000    0.007274    0.004205   -0.005374
   19.815000   -0.062138    0.077787    0.051446
    0.128000    0.007278    0.004214   -0.005403
   10.345000    0.002418   -0.005845    0.022058
    6.002000    0.006862    0.003291   -0.002478
    6.942000    0.006588    0.002687   -0.000603
   15.660000   -0.024984   -0.031818   -0.001400
   18.097000   -0.048327    0.015917   -0.035337
    7.892000    0.006045    0.001510    0.002949
   10.332000    0.002345   -0.005997    0.022451
    8.285000    0.005312   -0.000042    0.007389
    4.598000    0.007203    0.004046   -0.004865
   17.804000   -0.039420   -0.013926   -0.049302
   10.253000    0.002522   -0.005650    0.021646
   11.066000   -0.000084   -0.010210    0.029263
    5.395000    0.006993    0.003579   -0.003382
   11.714000   -0.000289   -0.010473    0.029181
    8.220000    0.005378    0.000098    0.006977
    9.043000    0.004049   -0.002654    0.014471
    8.291000    0.005318   -0.000026    0.007318
   19.405000   -0.060024    0.067580    0.034588
    6.892000    0.006439    0.002361    0.000407
   18.757000   -0.053119    0.036752   -0.008037
    9.058000    0.004120   -0.002514    0.014131
   19.128000   -0.057558    0.056524    0.019138
    1.887000    0.007278    0.004213   -0.005400
   11.298000   -0.000136   -0.010287    0.029308
    9.994000    0.002948   -0.004846    0.019913
    6.633000    0.006488    0.002467    0.000091
    1.069000    0.007278    0.004214   -0.005402
    0.199000    0.007278    0.004214   -0.005402
    3.436000    0.007261    0.004175   -0.005277
    4.308000    0.007205    0.004051   -0.004879
   11.498000   -0.000175   -0.010297    0.029010
    9.094000    0.004094   -0.002569    0.014288
    8.882000    0.004277   -0.002197    0.013317
   19.494000   -0.060154    0.068201    0.035564
   16.994000   -0.035700   -0.021447   -0.041887
   15.513000   -0.023738   -0.032170    0.003413
    0.846000    0.007277    0.004211   -0.005394
   15.042000   -0.021912   -0.032397    0.010268
   11.623000   -0.000480   -0.010841    0.029956
   15.024000   -0.021503   -0.032200    0.011412
    3.402000    0.007261    0.004176   -0.005281
   16.980000   -0.035727   -0.021375   -0.041881
    6.802000    0.006456    0.002396    0.000300
    4.759000    0.007194    0.004027   -0.004803
    9.652000    0.003246   -0.004267    0.018559
   10.581000    0.002124   -0.006408    0.023305
   14.187000   -0.016704   -0.030472    0.025885
   10.583000    0.001978   -0.006661    0.023713
   13.425000   -0.011140   -0.025431    0.034704
   19.151000   -0.059672    0.066050    0.032595
   10.350000    0.002387   -0.005902    0.022172
   11.562000   -0.000208   -0.010349    0.029066
   18.652000   -0.052752    0.035184   -0.009992
   16.538000   -0.031043   -0.027708   -0.025350
    4.176000    0.007241    0.004131   -0.005135
   16.810000   -0.035450   -0.021788   -0.041022
    0.882000    0.007278    0.004213   -0.005398
    3.906000    0.007246    0.004141   -0.005169
    6.667000    0.006480    0.002450    0.000139
    6.356000    0.006657    0.002835   -0.001035
   15.159000   -0.022053   -0.032405    0.009775
   17.679000   -0.039618   -0.012594   -0.047124
    3.537000    0.007264    0.004183   -0.005302
    0.324000    0.007278    0.004214   -0.005402
    0.185000    0.007278    0.004214   -0.005403
   12.426000   -0.007479   -0.021051    0.036159
    0.324000    0.007277    0.004211   -0.005393
    9.439000    0.003578   -0.003609    0.016941
    2.518000    0.007275    0.004206   -0.005377
    6.628000    0.006490    0.002471    0.000078
    9.102000    0.004045   -0.002668    0.014544
   17.183000   -0.037356   -0.018330   -0.045791
   11.086000    0.001133   -0.008088    0.025802
    7.913000    0.006020    0.001457    0.003106
   15.368000   -0.023020   -0.032263    0.006073
    1.390000    0.007278    0.004214   -0.005401
   17.530000   -0.038601   -0.015790   -0.048238
    6.312000    0.006651    0.002822   -0.000991
    2.512000    0.007275    0.004207   -0.005378
   17.347000   -0.037875   -0.017333   -0.046969
    8.605000    0.004612   -0.001502    0.011420
    2.968000    0.007267    0.004190   -0.005325
    5.178000    0.007105    0.003829   -0.004174
    0.304000    0.007279    0.004216   -0.005408
    1.187000    0.007278    0.004214   -0.005402
   10.310000    0.002290   -0.006114    0.022785
   18.851000   -0.053462    0.038223   -0.006186
   11.128000    0.001313   -0.007770    0.025261
    7.128000    0.006377    0.002225    0.000829
    9.260000    0.003881   -0.002999    0.015393
   14.636000   -0.019470   -0.031538    0.017637
    5.082000    0.007120    0.003862   -0.004279
   14.145000   -0.016708   -0.030474    0.025876
   18.853000   -0.053480    0.038303   -0.006081
   13.127000   -0.011364   -0.025613    0.034311
    3.971000    0.007253    0.004158   -0.005224
   11.543000   -0.000443   -0.010792    0.029963
   14.717000   -0.020452   -0.032189    0.015225
   19.421000   -0.059725    0.066183    0.032456
   19.404000   -0.060160    0.068223    0.035584
    3.897000    0.007252    0.004156   -0.005215
   15.605000   -0.024415   -0.032073    0.000869
   13.733000   -0.014910   -0.028972    0.029307
    0.333000    0.007277    0.004211   -0.005392
    2.398000    0.007275    0.004208   -0.005382
   15.328000   -0.022834   -0.032300    0.006844
    7.948000    0.005750    0.000889    0.004698
   14.905000   -0.021196   -0.032419    0.012902
    2.947000    0.007272    0.004200   -0.005358
   13.495000   -0.012609   -0.026929    0.032919
   17.848000   -0.039304   -0.014214   -0.049230
    6.825000    0.006441    0.002360    0.000442
   15.125000   -0.021952   -0.032225    0.009839
   19.923000   -0.061971    0.076930    0.049836
   15.179000   -0.022099   -0.032406    0.009614
    4.766000    0.007188    0.004012   -0.004756
    6.844000    0.006616    0.002747   -0.000783
   10.472000    0.002302   -0.006058    0.022475
    0.261000    0.007278    0.004214   -0.005402
    3.921000    0.007248    0.004146   -0.005183
   10.959000    0.001437   -0.007587    0.025139
   19.307000   -0.059459    0.064941    0.030565
    9.110000    0.004066   -0.002624    0.014410
   12.723000   -0.008725   -0.022724    0.036508
   18.995000   -0.057191    0.054682    0.015958
    1.987000    0.007278    0.004213   -0.005398
   19.689000   -0.060527    0.069971    0.038390
    5.213000    0.007104    0.003826   -0.004164
   10.254000    0.002324   -0.006045    0.022614
   19.265000   -0.059443    0.064870    0.030460
   15.739000   -0.026397   -0.031341   -0.006934
    5.867000    0.006732    0.003001   -0.001552
    8.183000    0.005371    0.000085    0.007004
    3.884000    0.007253    0.004157   -0.005220
    3.284000    0.007262    0.004179   -0.005288
    5.822000    0.006927    0.003434   -0.002927
    1.265000    0.007278    0.004213   -0.005399
   11.552000   -0.000163   -0.010288    0.029063
   19.617000   -0.060431    0.069509    0.037640
   18.411000   -0.053314    0.039460    0.000920
    0.207000    0.007278    0.004214   -0.005403
   16.149000   -0.027674   -0.030554   -0.012045
    5.975000    0.006696    0.002920   -0.001297
   12.092000   -0.001974   -0.013151    0.032113
    4.138000    0.007245    0.004141   -0.005167
    2.374000    0.007276    0.004208   -0.005384
   15.413000   -0.023692   -0.032237    0.003623
   15.465000   -0.023675   -0.032179    0.003650
   18.345000   -0.049030    0.019668   -0.028351
   18.870000   -0.054461    0.042605   -0.000375
    4.206000    0.007236    0.004119   -0.005098
    8.693000    0.004533   -0.001668    0.011882
    5.322000    0.007060    0.003728   -0.003854
    4.523000    0.007219    0.004081   -0.004976
    1.437000    0.007278    0.004213   -0.005398
   17.385000   -0.038822   -0.015551   -0.049391
   10.997000    0.001386   -0.007652    0.025117
   13.303000   -0.011921   -0.026167    0.033621
    6.208000    0.006753    0.003049   -0.001720
   13.031000   -0.009531   -0.023686    0.036169
    6.771000    0.006640    0.002799   -0.000943
    6.654000    0.006648    0.002818   -0.001000
   11.351000   -0.000232   -0.010449    0.029537
   13.013000   -0.009550   -0.023703    0.036137
    6.695000    0.006511    0.002514   -0.000044
    2.917000    0.007267    0.004188   -0.005320
   13.091000   -0.008985   -0.022890    0.035745
   18.767000   -0.053248    0.037302   -0.007357
   14.937000   -0.021224   -0.032090    0.012234
    1.308000    0.007279    0.004215   -0.005407
    3.634000    0.007259    0.004171   -0.005264
    5.158000    0.007112    0.003843   -0.004216
    7.494000    0.006150    0.001739    0.002248
   17.769000   -0.039378   -0.014039   -0.049300
    6.887000    0.006590    0.002691   -0.000612
   16.837000   -0.033761   -0.024379   -0.035520
    1.345000    0.007278    0.004214   -0.005401
   13.887000   -0.015257   -0.029197    0.028488
   11.776000   -0.000763   -0.011247    0.030148
    0.545000    0.007278    0.004213   -0.005400
   19.151000   -0.058853    0.062197    0.026644
    9.309000    0.003728   -0.003304    0.016147
    9.909000    0.002619   -0.005485    0.021383
    0.867000    0.007278    0.004213   -0.005400
    9.522000    0.003443   -0.003876    0.017592
   17.697000   -0.039352   -0.014110   -0.049296
    8.410000    0.005248   -0.000174    0.007738
   13.470000   -0.011064   -0.025314    0.034662
    4.111000    0.007249    0.004149   -0.005193
    4.836000    0.007172    0.003978   -0.004647
   12.501000   -0.007707   -0.021369    0.036286
   17.797000   -0.039235   -0.014381   -0.049175
    0.314000    0.007278    0.004215   -0.005404
    2.494000    0.007272    0.004201   -0.005361
   19.350000   -0.060126    0.068077    0.035395
   19.482000   -0.060153    0.068197    0.035559
    5.804000    0.006843    0.003248   -0.002333
   19.485000   -0.060220    0.068504    0.036028
    2.053000    0.007275    0.004208   -0.005381
    7.726000    0.006015    0.001451    0.003081
    6.935000    0.006413    0.002298    0.000629
   12.977000   -0.011141   -0.025388    0.034572
   15.168000   -0.022061   -0.032405    0.009747
    2.539000    0.007273    0.004202   -0.005365
    7.182000    0.006350    0.002168    0.000984
   13.549000   -0.014423   -0.028522    0.030031
   12.139000   -0.002102   -0.013340    0.032236
   13.837000   -0.014978   -0.029024    0.029174
    2.955000    0.007272    0.004201   -0.005359
   11.474000   -0.000158   -0.010296    0.029163
   17.389000   -0.037950   -0.017175   -0.047101
    9.788000    0.003204   -0.004350    0.018758
   13.968000   -0.014465   -0.028629    0.030129
   19.388000   -0.060132    0.068102    0.035431
    9.077000    0.004023   -0.002707    0.014611
   18.223000   -0.048866    0.019030   -0.028975
   17.033000   -0.035380   -0.022101   -0.041090
    8.351000    0.005251   -0.000167    0.007713
    2.945000    0.007272    0.004201   -0.005360
   19.821000   -0.061695    0.075605    0.047685
    8.321000    0.005189   -0.000309    0.008183
   12.295000   -0.008031   -0.021891    0.036748
    8.357000    0.005255   -0.000162    0.007720
   12.801000   -0.008922   -0.022954    0.036404
   16.236000   -0.028877   -0.029817   -0.016780
    0.355000    0.007277    0.004211   -0.005393
    3.403000    0.007265    0.004185   -0.005308
    2.597000    0.007273    0.004203   -0.005365
    9.930000    0.002608   -0.005506    0.021438
    2.995000    0.007266    0.004186   -0.005312
    6.964000    0.006621    0.002759   -0.000820
    8.221000    0.005401    0.000148    0.006832
    1.318000    0.007277    0.004211   -0.005391
    2.152000    0.007275    0.004208   -0.005382
   19.899000   -0.061965    0.076902    0.049789
    4.561000    0.007168    0.003968   -0.004613
   12.117000   -0.002329   -0.013583    0.031862
    9.539000    0.003364   -0.004035    0.017999
   15.479000   -0.023669   -0.032182    0.003672
   12.912000   -0.009250   -0.023310    0.036105
    1.769000    0.007277    0.004213   -0.005397
    0.976000    0.007277    0.004211   -0.005393
   12.899000   -0.006240   -0.019308    0.035506
   17.407000   -0.038820   -0.015551   -0.049376
   13.762000   -0.013295   -0.027574    0.031955
    7.598000    0.006218    0.001877    0.001893
    7.502000    0.006210    0.001860    0.001942
   14.976000   -0.021188   -0.032429    0.012944
    9.630000    0.003373   -0.004019    0.017967
    2.258000    0.007274    0.004206   -0.005376
   16.487000   -0.029408   -0.029250   -0.018797
    1.226000    0.007278    0.004214   -0.005401
    7.370000    0.006280    0.002018    0.001429
    6.730000    0.006460    0.002400    0.000319
   14.117000   -0.016668   -0.030447    0.025968
   14.279000   -0.017783   -0.030737    0.022312
   15.735000   -0.025622   -0.031611   -0.003894
   18.873000   -0.056465    0.051427    0.011429
    7.903000    0.005607    0.000583    0.005584
   16.564000   -0.032266   -0.026281   -0.030041
    1.026000    0.007278    0.004214   -0.005402
   15.903000   -0.025388   -0.031734   -0.002936
   18.777000   -0.055588    0.047558    0.006221
    4.612000    0.007174    0.003982   -0.004660
   19.266000   -0.060044    0.067708    0.034888
   13.007000   -0.009421   -0.023557    0.036229
    9.931000    0.002635   -0.005454    0.021321
    7.508000    0.006231    0.001912    0.001741
   13.104000   -0.009617   -0.023780    0.036092
    1.551000    0.007278    0.004213   -0.005399
   19.373000   -0.060116    0.068016    0.035260
   14.945000   -0.021378   -0.032202    0.011866
    6.540000    0.006674    0.002874   -0.001175
   17.496000   -0.038555   -0.015747   -0.047764
   15.110000   -0.021989   -0.032402    0.009999
   15.786000   -0.026448   -0.031321   -0.007137
   17.707000   -0.039368   -0.014073   -0.049317
   14.136000   -0.017424   -0.030534    0.023232
   14.499000   -0.019024   -0.031352    0.018928
    1.864000    0.007276    0.004209   -0.005387
   16.316000   -0.028996   -0.029717   -0.017245
    1.531000    0.007278    0.004214   -0.005401
    5.724000    0.007035    0.003673   -0.003676
    8.524000    0.004965   -0.000764    0.009359
   15.232000   -0.022364   -0.032487    0.008800
   15.317000   -0.023007   -0.032267    0.006115
   15.061000   -0.021425   -0.032442    0.012107
    4.604000    0.007203    0.004046   -0.004864
   18.007000   -0.039663   -0.013173   -0.049019
    6.218000    0.006678    0.002880   -0.001173
   15.544000   -0.023965   -0.032103    0.002536
   17.937000   -0.039594   -0.013393   -0.049121
    0.953000    0.007277    0.004211   -0.005393
    1.472000    0.007278    0.004213   -0.005399
    2.541000    0.007273    0.004203   -0.005368
    8.600000    0.004622   -0.001483    0.011374
   14.927000   -0.021178   -0.032422    0.012971
   16.762000   -0.034646   -0.022909   -0.038207
    1.782000    0.007276    0.004210   -0.005388
    3.957000    0.007243    0.004136   -0.005150
   10.148000    0.002445   -0.005811    0.022081
   15.991000   -0.025913   -0.031501   -0.005014
    0.102000    0.007277    0.004211   -0.005392
    9.995000    0.002735   -0.005260    0.020864
    5.006000    0.007156    0.003942   -0.004534
    2.893000    0.007270    0.004196   -0.005345
    4.298000    0.007219    0.004082   -0.004981
   15.026000   -0.021648   -0.032189    0.010872
   16.280000   -0.027895   -0.030434   -0.012909
    9.134000    0.004042   -0.002675    0.014556
   16.280000   -0.028330   -0.030180   -0.014611
    0.233000    0.007278    0.004214   -0.005403
    7.279000    0.006293    0.002037    0.001420
   17.042000   -0.035735   -0.021387   -0.041982
   11.184000   -0.000098   -0.010228    0.029251
    2.910000    0.007269    0.004193   -0.005334
    2.265000    0.007275    0.004207   -0.005379
    1.787000    0.007276    0.004210   -0.005387
    7.553000    0.006221    0.001884    0.001871
    1.755000    0.007277    0.004212   -0.005396
    8.486000    0.005141   -0.000408    0.008451
   16.295000   -0.028354   -0.030148   -0.014704
    0.537000    0.007278    0.004214   -0.005403
    9.996000    0.002612   -0.005499    0.021421
    2.383000    0.007273    0.004203   -0.005367
    7.747000    0.006176    0.001788    0.002151
   12.142000   -0.007619   -0.021331    0.036581
    0.441000    0.007277    0.004211   -0.005393
    4.991000    0.007132    0.003888   -0.004361
    4.614000    0.007165    0.003962   -0.004594
   10.968000   -0.000024   -0.010110    0.029123
   13.517000   -0.011365   -0.025662    0.034445
   11.957000   -0.001691   -0.012732    0.031828
    8.670000    0.004631   -0.001467    0.011344
   17.379000   -0.037831   -0.017414   -0.046856
   11.777000   -0.000312   -0.010508    0.029210
    8.833000    0.004344   -0.002059    0.012942
   16.401000   -0.029593   -0.029025   -0.019564
    0.348000    0.007278    0.004214   -0.005402
   13.671000   -0.013097   -0.027409    0.032295
    6.174000    0.006766    0.003078   -0.001809
   17.357000   -0.037904   -0.017269   -0.047008
   16.174000   -0.028000   -0.030443   -0.013308
    9.629000    0.003281   -0.004196    0.018369
    7.189000    0.006307    0.002069    0.001326
    3.372000    0.007263    0.004180   -0.005291
   15.744000   -0.025146   -0.031781   -0.002020
    5.323000    0.007091    0.003798   -0.004075
   13.799000   -0.015012   -0.029058    0.029131
    4.969000    0.007142    0.003911   -0.004435
   16.330000   -0.030978   -0.027814   -0.025210
   13.855000   -0.013698   -0.027943    0.031348
    3.036000    0.007271    0.004199   -0.005353
   10.940000    0.001882   -0.006805    0.023814
   15.819000   -0.026505   -0.031297   -0.007360
    8.391000    0.005183   -0.000321    0.008214
    2.632000    0.007273    0.004201   -0.005362
   16.364000   -0.029026   -0.029686   -0.017357
   14.276000   -0.017832   -0.030765    0.022185
    6.270000    0.006735    0.003009   -0.001595
    7.221000    0.006270    0.001989    0.001557
   16.812000   -0.034731   -0.023020   -0.038876
    3.571000    0.007257    0.004168   -0.005254
   10.880000    0.001562   -0.007382    0.024875
   17.590000   -0.039056   -0.014777   -0.048897
   16.113000   -0.028453   -0.030209   -0.015258
    9.665000    0.003316   -0.004131    0.018241
   17.060000   -0.036233   -0.020494   -0.043207
    5.473000    0.007067    0.003744   -0.003902
   16.589000   -0.030419   -0.028242   -0.022791
    0.182000    0.007277    0.004211   -0.005393
   18.610000   -0.052662    0.034808   -0.010444
   10.292000    0.002366   -0.005957    0.022370
    0.546000    0.007277    0.004211   -0.005393
    4.037000    0.007247    0.004144   -0.005179
   16.849000   -0.035405   -0.021905   -0.040915
    9.564000    0.003411   -0.003941    0.017759
    1.722000    0.007278    0.004213   -0.005398
   16.498000   -0.031026   -0.027715   -0.025268
   19.035000   -0.057604    0.056741    0.019470
    2.572000    0.007275    0.004206   -0.005377
   11.279000    0.000236   -0.009633    0.028216
   11.565000   -0.000447   -0.010798    0.029962
    6.563000    0.006712    0.002958   -0.001436
   13.918000   -0.014984   -0.028992    0.029020
   17.089000   -0.036101   -0.020691   -0.042815
    9.338000    0.003407   -0.003954    0.017822
   10.166000    0.002576   -0.005559    0.021507
    7.332000    0.006162    0.001766    0.002166
   17.906000   -0.039562   -0.013495   -0.049161
    4.296000    0.007220    0.004085   -0.004989
   14.318000   -0.018037   -0.030872    0.021638
    4.521000    0.007215    0.004072   -0.004948
   16.473000   -0.030093   -0.028559   -0.021525
    9.516000    0.003439   -0.003884    0.017611
    5.189000    0.007101    0.003819   -0.004144
    6.939000    0.006435    0.002350    0.000457
    1.030000    0.007278    0.004214   -0.005402
   18.320000   -0.047560    0.014507   -0.031253
    2.478000    0.007275    0.004207   -0.005380
   16.532000   -0.031972   -0.026633   -0.028937
    0.296000    0.007279    0.004216   -0.005408
   10.252000    0.002312   -0.006071    0.022685
    0.741000    0.007277    0.004212   -0.005396
   15.101000   -0.022033   -0.032205    0.009509
   16.234000   -0.028182   -0.030299   -0.014025
    1.571000    0.007276    0.004210   -0.005389
   12.535000   -0.003657   -0.015630    0.033750
    8.366000    0.004838   -0.001034    0.010146
    6.824000    0.006633    0.002785   -0.000898
    9.582000    0.003358   -0.004048    0.018040
    8.231000    0.005336    0.000011    0.007221
    0.190000    0.007278    0.004214   -0.005402
   19.970000   -0.061949    0.076848    0.049798
    3.268000    0.007268    0.004191   -0.005329
    2.334000    0.007276    0.004208   -0.005383
    3.322000    0.007263    0.004179   -0.005291
   19.052000   -0.056792    0.053044    0.014149
   10.928000    0.001466   -0.007546    0.025129
   14.764000   -0.020486   -0.031912    0.014599
   15.311000   -0.022404   -0.032515    0.008701
   15.685000   -0.024702   -0.031950   -0.000273
   19.498000   -0.060228    0.068542    0.036085
   11.732000   -0.002212   -0.013269    0.030730
   10.667000    0.002160   -0.006346    0.023216
   13.174000   -0.009639   -0.023813    0.036118
   11.616000   -0.000318   -0.010548    0.029435
   16.078000   -0.027816   -0.030575   -0.012578
   12.086000   -0.001950   -0.013128    0.032167
    3.597000    0.007256    0.004166   -0.005246
   12.836000   -0.005945   -0.018898    0.035366
   10.434000    0.002230   -0.006202    0.022834
   12.147000   -0.007825   -0.021615    0.036680
   16.910000   -0.035634   -0.021547   -0.041676
   18.577000   -0.051970    0.031761   -0.014556
   18.200000   -0.047464    0.014090   -0.031794
   10.103000    0.002483   -0.005744    0.021956
   11.957000   -0.001710   -0.012764    0.031871
    3.718000    0.007256    0.004164   -0.005242
    7.509000    0.006122    0.001678    0.002421
    1.200000    0.007278    0.004214   -0.005401
    0.434000    0.007277    0.004211   -0.005393
   16.851000   -0.035606   -0.021574   -0.041547
    0.485000    0.007279    0.004215   -0.005407
    9.842000    0.003052   -0.004647    0.019463
   12.846000   -0.006733   -0.020001    0.035786
   12.037000   -0.002077   -0.013205    0.031569
    1.076000    0.007278    0.004215   -0.005404
   10.024000    0.002753   -0.005217    0.020729
   14.427000   -0.018500   -0.031341    0.020882
   12.683000   -0.006673   -0.019935    0.035834
    3.615000    0.007261    0.004176   -0.005281
   15.797000   -0.026169   -0.031419   -0.006039
    3.380000    0.007260    0.004175   -0.005275
   11.058000    0.001172   -0.008032    0.025769
    7.825000    0.006027    0.001472    0.003045
   12.826000   -0.006708   -0.019970    0.035793
    1.752000    0.007277    0.004212   -0.005397
   18.042000   -0.048307    0.015839   -0.035415
   15.765000   -0.026531   -0.031295   -0.007460
    3.954000    0.007249    0.004149   -0.005193
   18.228000   -0.047551    0.014393   -0.031639
    4.096000    0.007241    0.004131   -0.005137
   11.372000   -0.000151   -0.010135    0.028101
    8.965000    0.004143   -0.002468    0.014008
    0.718000    0.007277    0.004211   -0.005393
   10.245000    0.002317   -0.006060    0.022661
    2.015000    0.007277    0.004211   -0.005392
   14.653000   -0.019254   -0.031481    0.018332
    7.283000    0.006195    0.001835    0.001957
    8.142000    0.005426    0.000201    0.006680
   17.703000   -0.039262   -0.014331   -0.049232
   13.763000   -0.014925   -0.028985    0.029282
   13.421000   -0.011154   -0.025445    0.034687
    0.457000    0.007278    0.004214   -0.005402
    3.122000    0.007264    0.004183   -0.005301
    0.350000    0.007278    0.004214   -0.005403
   13.882000   -0.015186   -0.029144    0.028628
   11.346000   -0.000297   -0.010558    0.029697
    0.449000    0.007279    0.004215   -0.005406
    5.613000    0.007039    0.003681   -0.003705
    2.606000    0.007273    0.004203   -0.005365
   10.146000    0.002697   -0.005322    0.020952
    1.244000    0.007277    0.004211   -0.005392
   18.916000   -0.056128    0.049935    0.009402
   17.336000   -0.038776   -0.015661   -0.049343
    3.203000    0.007263    0.004181   -0.005296
   17.612000   -0.038880   -0.015187   -0.048695
    0.653000    0.007277    0.004211   -0.005393
   16.618000   -0.030446   -0.028213   -0.022896
   11.914000   -0.001228   -0.011977    0.030899
    1.691000    0.007276    0.004210   -0.005389
   10.368000    0.002270   -0.006151    0.022866
    7.226000    0.006300    0.002052    0.001376
    7.613000    0.006079    0.001587    0.002685
   11.882000   -0.001606   -0.012604    0.031727
    8.729000    0.004592   -0.001547    0.011563
    2.606000    0.007274    0.004205   -0.005374
   16.860000   -0.035561   -0.021642   -0.041412
   17.176000   -0.036718   -0.019622   -0.044441
    9.532000    0.003299   -0.004167    0.018338
    6.279000    0.006740    0.003021   -0.001630
   12.808000   -0.008926   -0.022955    0.036382
    8.404000    0.005177   -0.000333    0.008247
    6.738000    0.006459    0.002400    0.000320
   14.756000   -0.020580   -0.032235    0.014836
    3.745000    0.007252    0.004155   -0.005214
    1.924000    0.007278    0.004213   -0.005400
   18.708000   -0.056777    0.053488    0.016248
    2.712000    0.007274    0.004205   -0.005372
    6.810000    0.006579    0.002666   -0.000534
   11.170000    0.000581   -0.009050    0.027361
   10.582000    0.002199   -0.006279    0.023102
   13.291000   -0.010550   -0.024702    0.034821
    6.342000    0.006640    0.002796   -0.000911
   18.152000   -0.048338    0.015966   -0.035273
    0.126000    0.007278    0.004214   -0.005402
    6.761000    0.006474    0.002435    0.000190
    2.882000    0.007273    0.004202   -0.005363
   10.377000    0.002385   -0.005907    0.022186
    7.136000    0.006318    0.002101    0.001173
   10.241000    0.002395   -0.005905    0.022273
   17.030000   -0.035747   -0.021358   -0.041984
   18.749000   -0.056593    0.051845    0.011521
   11.188000    0.000041   -0.009990    0.028885
   13.153000   -0.009667   -0.023841    0.036081
    2.028000    0.007276    0.004208   -0.005383
   18.233000   -0.047435    0.014047   -0.031618
   14.797000   -0.021163   -0.032407    0.012998
   15.269000   -0.022361   -0.032518    0.008861
   12.942000   -0.009283   -0.023392    0.036281
   17.930000   -0.039332   -0.014117   -0.049172
   10.962000   -0.000031   -0.010122    0.029142
    7.552000    0.006132    0.001696    0.002401
   15.542000   -0.023563   -0.032302    0.004281
   13.067000   -0.009557   -0.023717    0.036158
   15.927000   -0.026829   -0.031174   -0.008641
   14.140000   -0.016633   -0.030424    0.026047
    0.605000    0.007278    0.004214   -0.005403
    3.521000    0.007260    0.004173   -0.005270
    0.123000    0.007278    0.004214   -0.005402
   17.661000   -0.039009   -0.014900   -0.048889
    5.450000    0.007079    0.003770   -0.003985
    4.894000    0.007186    0.004009   -0.004745
    8.149000    0.005408    0.000163    0.006786
   19.447000   -0.059671    0.065930    0.032069
    4.191000    0.007243    0.004136   -0.005153
    1.317000    0.007278    0.004214   -0.005401
   19.994000   -0.062788    0.081041    0.057272
    7.141000    0.006362    0.002191    0.000935
   15.995000   -0.027375   -0.030835   -0.010820
    4.976000    0.007155    0.003939   -0.004524
    8.546000    0.004691   -0.001340    0.010993
   15.658000   -0.024680   -0.031939   -0.000198
    7.649000    0.006047    0.001521    0.002877
    1.515000    0.007278    0.004213   -0.005399
    2.643000    0.007272    0.004201   -0.005360
   10.305000    0.002363   -0.005963    0.022387
   13.801000   -0.013808   -0.028040    0.031173
   18.153000   -0.048346    0.016006   -0.035197
   16.989000   -0.035759   -0.021323   -0.041976
    2.348000    0.007274    0.004206   -0.005376
   14.336000   -0.017007   -0.030633    0.025083
   17.841000   -0.041185   -0.007448   -0.044738
   11.185000   -0.000020   -0.010095    0.029049
   17.890000   -0.039287   -0.014253   -0.049213
   17.326000   -0.038809   -0.015587   -0.049393
   12.868000   -0.009040   -0.023095    0.036358
   17.888000   -0.039537   -0.013572   -0.049192
    3.669000    0.007254    0.004160   -0.005227
    8.420000    0.005180   -0.000327    0.008235
    3.812000    0.007249    0.004149   -0.005194
   16.598000   -0.030425   -0.028236   -0.022819
   18.851000   -0.057047    0.054601    0.017521
    7.718000    0.006153    0.001738    0.002296
    5.367000    0.007085    0.003785   -0.004033
   11.147000    0.001127   -0.008086    0.025731
    7.004000    0.006377    0.002220    0.000865
   11.325000    0.000210   -0.009670    0.028236
    4.166000    0.007223    0.004091   -0.005008
   12.642000   -0.007608   -0.021227    0.036219
   10.052000    0.002566   -0.005586    0.021616
    6.383000    0.006697    0.002926   -0.001335
   13.291000   -0.010529   -0.024706    0.034968
    7.415000    0.006151    0.001741    0.002240
    4.802000    0.007152    0.003933   -0.004503
    4.466000    0.007213    0.004068   -0.004936
    8.216000    0.005234   -0.000202    0.007805
   19.688000   -0.062147    0.077831    0.051525
   18.038000   -0.039693   -0.013072   -0.048954
   17.766000   -0.039395   -0.014000   -0.049322
   16.514000   -0.031029   -0.027712   -0.025278
    3.247000    0.007265    0.004184   -0.005305
   14.597000   -0.020119   -0.032060    0.016219
   19.354000   -0.060121    0.068053    0.035364
   15.547000   -0.023999   -0.032187    0.002469
    6.687000    0.006634    0.002788   -0.000907
   16.919000   -0.035662   -0.021509   -0.041775
   14.249000   -0.016834   -0.030546    0.025553
   12.272000   -0.008012   -0.021867    0.036747
   13.354000   -0.010663   -0.024835    0.034762
   11.796000   -0.001365   -0.012231    0.031373
    1.666000    0.007276    0.004210   -0.005390
   16.936000   -0.035686   -0.021457   -0.041803
    3.918000    0.007248    0.004147   -0.005187
   17.625000   -0.038740   -0.015337   -0.048038
    0.750000    0.007278    0.004214   -0.005402
    5.628000    0.007053    0.003712   -0.003801
    8.154000    0.005249   -0.000181    0.007815
    9.432000    0.003407   -0.003954    0.017824
    2.729000    0.007272    0.004200   -0.005356
   15.956000   -0.027181   -0.030944   -0.010048
   16.613000   -0.030853   -0.027539   -0.024189
    3.634000    0.007259    0.004172   -0.005267
    4.066000    0.007248    0.004146   -0.005186
    7.119000    0.006354    0.002177    0.000954
    8.528000    0.004698   -0.001328    0.010961
   16.261000   -0.027875   -0.030490   -0.012824
    4.872000    0.007143    0.003913   -0.004438
    2.590000    0.007272    0.004201   -0.005361
    2.483000    0.007275    0.004207   -0.005379
    1.035000    0.007279    0.004216   -0.005408
    7.141000    0.006372    0.002214    0.000854
    5.712000    0.006815    0.003183   -0.002127
    3.015000    0.007266    0.004186   -0.005312
   19.446000   -0.059521    0.065231    0.031004
    5.289000    0.007079    0.003771   -0.003987
    0.677000    0.007278    0.004214   -0.005401
    5.117000    0.007118    0.003857   -0.004260
   16.870000   -0.035621   -0.021554   -0.041598
    8.968000    0.004238   -0.002276    0.013526
    2.377000    0.007274    0.004206   -0.005375
   17.519000   -0.039057   -0.014394   -0.047855
   19.962000   -0.061796    0.076096    0.048506
   11.679000   -0.000781   -0.011321    0.030490
   12.408000   -0.008162   -0.022054    0.036729
   14.589000   -0.019208   -0.031461    0.018465
   11.715000   -0.000585   -0.010952    0.029758
   10.608000    0.002190   -0.006294    0.023129
   16.021000   -0.027756   -0.030618   -0.012345
   11.140000    0.000775   -0.008712    0.026821
    6.548000    0.006658    0.002840   -0.001068
   19.038000   -0.057742    0.057377    0.020405
   11.657000   -0.001281   -0.011869    0.029639
    9.387000    0.003372   -0.004023    0.017994
   12.393000   -0.004290   -0.016511    0.034035
   12.289000   -0.003223   -0.014978    0.033238
    0.123000    0.007277    0.004211   -0.005392
   15.852000   -0.026558   -0.031270   -0.007573
   10.148000    0.002756   -0.005213    0.020731
    3.576000    0.007253    0.004158   -0.005222
   10.679000    0.002163   -0.006343    0.023211
   17.247000   -0.037689   -0.017699   -0.046568
    0.669000    0.007278    0.004213   -0.005400
   19.058000   -0.057631    0.056862    0.019642
    4.605000    0.007164    0.003960   -0.004588
   16.901000   -0.035659   -0.021493   -0.041707
    7.621000    0.006166    0.001773    0.002147
   10.483000    0.002248   -0.006192    0.022948
   15.006000   -0.021815   -0.032366    0.010564
    9.124000    0.003938   -0.002879    0.015055
   13.522000   -0.014075   -0.028208    0.030578
   13.939000   -0.015155   -0.029161    0.028833
    9.265000    0.003655   -0.003452    0.016528
   19.530000   -0.060247    0.068631    0.036227
   11.816000   -0.000730   -0.011176    0.029970
   19.532000   -0.060160    0.068228    0.035603
    6.136000    0.006675    0.002875   -0.001156
   14.737000   -0.021000   -0.032186    0.013209
    0.606000    0.007278    0.004214   -0.005402
   19.452000   -0.060206    0.068441    0.035926
    3.663000    0.007256    0.004165   -0.005244
   13.763000   -0.013278   -0.027576    0.032024
    8.771000    0.004255   -0.002243    0.013448
    5.917000    0.006772    0.003090   -0.001834
    3.714000    0.007256    0.004165   -0.005245
    8.059000    0.005487    0.000332    0.006285
    1.091000    0.007277    0.004211   -0.005393
   11.813000   -0.000717   -0.011158    0.029957
   16.890000   -0.035619   -0.021568   -0.041627
    3.177000    0.007266    0.004187   -0.005314
    5.564000    0.007060    0.003728   -0.003850
    7.433000    0.006205    0.001849    0.001970
    6.590000    0.006655    0.002833   -0.001046
    4.551000    0.007167    0.003967   -0.004611
    9.637000    0.003234   -0.004289    0.018594
    6.958000    0.006628    0.002773   -0.000863
    3.003000    0.007272    0.004200   -0.005358
    3.225000    0.007264    0.004182   -0.005298
    4.933000    0.007145    0.003917   -0.004454
   11.055000    0.000342   -0.009476    0.028109
    6.187000    0.006751    0.003045   -0.001703
   12.716000   -0.005660   -0.018495    0.035178
   17.970000   -0.048250    0.015637   -0.035556
    4.751000    0.007155    0.003940   -0.004525
   18.253000   -0.048886    0.019125   -0.028813
   19.199000   -0.059232    0.063914    0.029096
   13.520000   -0.011235   -0.025531    0.034608
   16.336000   -0.028919   -0.029761   -0.016940
   16.875000   -0.035575   -0.021625   -0.041471
   13.954000   -0.014571   -0.028711    0.029928
   16.472000   -0.031008   -0.027741   -0.025213
    1.161000    0.007277    0.004211   -0.005392
   11.921000   -0.001654   -0.012671    0.031749
    2.254000    0.007275    0.004207   -0.005378
   11.274000    0.000507   -0.009132    0.027253
    1.551000    0.007278    0.004213   -0.005399
    7.755000    0.006153    0.001738    0.002294
   12.078000   -0.007648   -0.021372    0.036589
   18.304000   -0.047532    0.014391   -0.031395
   13.952000   -0.015410   -0.029300    0.028141
   11.203000    0.000492   -0.009198    0.027575
   14.799000   -0.020986   -0.032132    0.013164
    7.421000    0.006166    0.001775    0.002136
    6.712000    0.006620    0.002757   -0.000814
   19.196000   -0.059248    0.063989    0.029204
   10.759000    0.001976   -0.006640    0.023536
    5.188000    0.007109    0.003836   -0.004196
   12.270000   -0.002288   -0.013631    0.032527
    1.716000    0.007276    0.004210   -0.005388
   12.405000   -0.003349   -0.015185    0.033499
    2.441000    0.007273    0.004203   -0.005368
   12.074000   -0.007716   -0.021465    0.036628
    3.266000    0.007262    0.004178   -0.005288
   13.834000   -0.013936   -0.028156    0.030974
   15.903000   -0.026818   -0.031178   -0.008597
   13.673000   -0.014835   -0.028882    0.029352
   10.617000    0.001894   -0.006807    0.023942
   18.480000   -0.052107    0.032534   -0.012977
   14.619000   -0.019429   -0.031524    0.017762
   10.126000    0.002525   -0.005663    0.021780
   18.610000   -0.052034    0.032040   -0.014193
    4.464000    0.007221    0.004087   -0.004995
    9.251000    0.003825   -0.003108    0.015645
    1.286000    0.007277    0.004211   -0.005391
    3.762000    0.007250    0.004151   -0.005200
    3.102000    0.007271    0.004197   -0.005348
   16.379000   -0.030835   -0.027910   -0.024594
    3.220000    0.007269    0.004194   -0.005337
    8.028000    0.005862    0.001121    0.004069
   17.553000   -0.039080   -0.014328   -0.047846
    1.657000    0.007278    0.004214   -0.005402
    4.395000    0.007211    0.004065   -0.004925
   15.537000   -0.023281   -0.032370    0.005377
    5.329000    0.007088    0.003791   -0.004053
    2.482000    0.007274    0.004204   -0.005369
   19.835000   -0.062080    0.077496    0.050941
    1.118000    0.007278    0.004214   -0.005401
   14.161000   -0.016595   -0.030394    0.026124
    5.948000    0.006759    0.003059   -0.001736
    2.266000    0.007276    0.004208   -0.005383
   15.574000   -0.024613   -0.031919    0.000033
   12.295000   -0.008035   -0.021896    0.036750
   19.021000   -0.057250    0.054944    0.016330
    4.477000    0.007219    0.004083   -0.004982
    5.163000    0.007109    0.003837   -0.004198
    4.447000    0.007216    0.004075   -0.004955
    1.044000    0.007277    0.004211   -0.005394
   13.701000   -0.011417   -0.025713    0.034392
    3.683000    0.007253    0.004158   -0.005223
   10.555000    0.002140   -0.006349    0.023015
    3.869000    0.007252    0.004155   -0.005214
   16.982000   -0.035364   -0.022123   -0.041035
   13.309000   -0.010677   -0.024773    0.034400
    1.116000    0.007279    0.004216   -0.005408
   15.178000   -0.022435   -0.032272    0.008189
    9.486000    0.003423   -0.003917    0.017700
   12.970000   -0.008787   -0.022652    0.035818
   17.016000   -0.035377   -0.022105   -0.041076
    6.837000    0.006460    0.002403    0.000299
   10.725000    0.001799   -0.006949    0.024043
   19.836000   -0.062198    0.078086    0.051978
    8.184000    0.005209   -0.000265    0.008060
   16.372000   -0.029031   -0.029678   -0.017376
   14.949000   -0.021332   -0.032164    0.011968
    7.860000    0.005921    0.001250    0.003676
    3.368000    0.007263    0.004181   -0.005295
   15.619000   -0.024199   -0.032141    0.001707
   10.504000    0.002101   -0.006446    0.023354
   10.985000    0.001345   -0.007754    0.025445
    4.912000    0.007148    0.003924   -0.004476
    0.897000    0.007277    0.004211   -0.005393
   11.224000    0.000558   -0.009080    0.027370
   16.212000   -0.028010   -0.030436   -0.013350
   17.453000   -0.038156   -0.016737   -0.047460
    1.088000    0.007278    0.004215   -0.005404
   11.774000   -0.000715   -0.011165    0.030023
    2.244000    0.007275    0.004208   -0.005383
   13.659000   -0.011364   -0.025660    0.034461
   15.096000   -0.021977   -0.032402    0.010043
    3.597000    0.007253    0.004157   -0.005219
    5.696000    0.007024    0.003649   -0.003604
    8.093000    0.005456    0.000263    0.006503
    6.218000    0.006748    0.003038   -0.001682
   12.450000   -0.003309   -0.015126    0.033462
    6.297000    0.006825    0.003208   -0.002217
   11.898000   -0.000965   -0.011559    0.030440
    1.631000    0.007276    0.004210   -0.005389
    7.712000    0.006097    0.001619    0.002633
    0.912000    0.007278    0.004214   -0.005402
    2.327000    0.007276    0.004208   -0.005383
    3.949000    0.007255    0.004163   -0.005237
    2.563000    0.007271    0.004199   -0.005353
    3.627000    0.007262    0.004178   -0.005288
    2.212000    0.007275    0.004207   -0.005380
   14.771000   -0.021012   -0.032202    0.013195
    8.580000    0.005078   -0.000528    0.008711
    3.530000    0.007259    0.004172   -0.005266
    5.800000    0.006983    0.003558   -0.003318
   18.039000   -0.048304    0.015829   -0.035420
   14.079000   -0.016619   -0.030411    0.026071
    0.112000    0.007278    0.004214   -0.005402
   14.323000   -0.018147   -0.031241    0.022034
    5.619000    0.007037    0.003677   -0.003692
    2.286000    0.007275    0.004208   -0.005383
   18.006000   -0.039662   -0.013176   -0.049021
    2.708000    0.007271    0.004198   -0.005351
    8.295000    0.005213   -0.000246    0.007933
   18.199000   -0.048377    0.016176   -0.034877
    4.046000    0.007240    0.004129   -0.005130
    5.291000    0.007098    0.003813   -0.004122
   13.515000   -0.012674   -0.026997    0.032852
   19.406000   -0.060184    0.068337    0.035771
    9.325000    0.003743   -0.003273    0.016069
   12.091000   -0.001788   -0.012808    0.031479
   13.538000   -0.014194   -0.028320    0.030405
   12.496000   -0.003457   -0.015341    0.033589
   14.305000   -0.018111   -0.030900    0.021412
   11.950000   -0.001700   -0.012749    0.031855
    8.104000    0.005463    0.000278    0.006463
   19.426000   -0.059515    0.065204    0.030961
    9.669000    0.003248   -0.004263    0.018549
   12.411000   -0.002729   -0.014279    0.032944
    9.080000    0.004000   -0.002754    0.014731
    4.243000    0.007231    0.004109   -0.005067
   17.846000   -0.039457   -0.013819   -0.049281
    4.740000    0.007196    0.004030   -0.004814
   10.469000    0.002343   -0.005983    0.022335
    4.834000    0.007147    0.003921   -0.004465
   11.577000   -0.000470   -0.010834    0.030007
    8.975000    0.004206   -0.002342    0.013693
    3.128000    0.007271    0.004198   -0.005350
   19.849000   -0.061719    0.075721    0.047874
    3.368000    0.007268    0.004191   -0.005329
    5.778000    0.006731    0.002999   -0.001544
   10.749000    0.001768   -0.007027    0.024311
   19.020000   -0.057713    0.057246    0.020220
   10.676000    0.002046   -0.006517    0.023318
