# First column is original location on swiss roll
# Next columns are points in diffusion space
# In gnuplot to plot the first dimensions try:
#   plot 'evects.dat' u 2:3:1 w points palette
# time =     0.000000
# bandwidth =   100.000000
   18.902000   -0.048998    0.031764   -0.039862
    8.017000   -0.008450   -0.021970    0.027624
    6.597000   -0.015991    0.001666    0.008201
    2.638000    0.002810   -0.009953    0.016670
   18.180000   -0.014490    0.052652    0.020194
   17.040000    0.029335    0.029147    0.036771
    8.364000   -0.001920   -0.023919    0.018477
    0.164000    0.000187   -0.002880    0.002076
    8.846000    0.008580   -0.022195   -0.010289
    0.566000    0.000100   -0.000668   -0.030807
   19.454000   -0.059709    0.000167   -0.003996
    4.922000    0.004585    0.007923    0.019888
    0.669000   -0.001352   -0.003892    0.010985
   18.993000   -0.052318    0.026602   -0.036643
    7.620000   -0.013440   -0.013893   -0.028309
   17.557000    0.014236    0.048440    0.026800
    8.902000    0.009314   -0.022426   -0.000339
    3.577000    0.008298   -0.005697    0.018554
   10.854000    0.017323    0.018007    0.029192
   15.316000    0.018809   -0.033573   -0.000666
   19.583000   -0.060168   -0.004184   -0.045778
    1.169000   -0.002502   -0.006264    0.026690
   10.467000    0.022722    0.009871    0.005337
   12.707000   -0.031810    0.015107   -0.011246
   12.918000   -0.035787    0.009783   -0.037238
   12.456000   -0.026150    0.020675    0.014131
    3.580000    0.009885   -0.002312   -0.029785
    6.294000   -0.013426    0.005771    0.013839
    6.154000   -0.011055    0.009398   -0.011303
   19.411000   -0.060289    0.004005   -0.035519
   17.361000    0.020967    0.041835    0.034678
    4.092000    0.009709    0.000596    0.003430
    3.301000    0.006287   -0.008720    0.033846
   11.714000   -0.003071    0.031549    0.015996
    2.694000    0.002568   -0.011067    0.035734
    2.747000    0.003824   -0.009342    0.007927
    5.930000   -0.007645    0.011765   -0.015021
    3.682000    0.008371   -0.005246    0.024848
   19.940000   -0.052015   -0.020908   -0.044132
    5.851000   -0.008084    0.008089    0.038505
   17.306000    0.023332    0.041687    0.019330
   12.189000   -0.017094    0.030965   -0.029295
   17.256000    0.024891    0.040272    0.016360
    9.758000    0.023026   -0.006452   -0.033531
   18.094000   -0.010833    0.051537    0.038410
    6.076000   -0.009435    0.011630   -0.025954
    6.937000   -0.017220   -0.001823   -0.025613
    5.196000    0.002146    0.010366    0.011616
   13.312000   -0.037298   -0.006390    0.002176
   16.027000    0.034507   -0.012433   -0.009606
   10.264000    0.024396    0.006167   -0.018698
    8.824000    0.007430   -0.023132    0.004687
   16.075000    0.035443   -0.009978   -0.014800
   15.059000    0.012280   -0.035095   -0.042106
    9.090000    0.013709   -0.018763   -0.037662
   16.850000    0.033503    0.022335    0.020077
   17.153000    0.027631    0.035515    0.018721
    9.997000    0.022165   -0.004618    0.022581
   13.689000   -0.032369   -0.016419   -0.041693
   14.834000    0.004644   -0.036309   -0.038032
    6.041000   -0.009185    0.011110   -0.016085
    3.523000    0.008794   -0.004639   -0.004164
    6.941000   -0.018099   -0.005343    0.030141
   12.008000   -0.013359    0.027550    0.035743
    1.794000   -0.001853   -0.009140    0.032484
   14.793000    0.002392   -0.037641    0.001604
   10.909000    0.015879    0.018172    0.040455
   11.570000    0.001829    0.032540    0.002066
    6.584000   -0.015355    0.004638   -0.027105
    5.583000   -0.002925    0.012186   -0.001269
   15.772000    0.029862   -0.021722   -0.005214
    3.568000    0.007497   -0.006872    0.037059
    6.694000   -0.017123   -0.000690    0.024603
   14.542000   -0.006677   -0.036862    0.018630
    3.698000    0.009723   -0.002148   -0.013290
    6.811000   -0.017939   -0.002980    0.029513
   17.760000    0.007440    0.057498   -0.011656
    4.324000    0.008842    0.002404    0.012988
    1.830000   -0.000923   -0.007576    0.005184
    9.373000    0.017966   -0.015588   -0.019873
   15.338000    0.019604   -0.032607   -0.011839
   15.048000    0.011607   -0.035489   -0.035342
    4.046000    0.009345   -0.000785    0.014805
   16.936000    0.034706    0.032003   -0.031670
    9.126000    0.012043   -0.021960    0.031018
   19.714000   -0.056889   -0.014089    0.027027
    6.353000   -0.013253    0.006957   -0.011036
    5.456000   -0.000475    0.013816   -0.018073
    0.119000   -0.000830   -0.005203    0.036209
    0.135000    0.000007   -0.003688    0.013345
   14.514000   -0.007606   -0.036291    0.012259
   17.081000    0.031021    0.036752   -0.016008
   18.569000   -0.034449    0.041534    0.020829
   11.450000    0.004602    0.029384    0.021673
   15.665000    0.026564   -0.026536    0.022385
    1.032000   -0.002053   -0.005339    0.019382
    6.345000   -0.013829    0.005416    0.011492
   13.630000   -0.033468   -0.015573   -0.023694
    7.549000   -0.014459   -0.013041   -0.021849
   18.664000   -0.038450    0.039531    0.001313
    2.713000    0.003790   -0.008885    0.001983
    6.271000   -0.012257    0.008571   -0.017703
    3.922000    0.009079   -0.002074    0.015289
    9.051000    0.013067   -0.019389   -0.037148
   12.524000   -0.028487    0.017391    0.030135
   13.658000   -0.033173   -0.018895    0.028277
   11.039000    0.015686    0.026193   -0.006539
    3.431000    0.007212   -0.007487    0.028603
   13.766000   -0.030451   -0.020855    0.006525
   16.064000    0.035315   -0.010444   -0.013853
    0.993000   -0.001484   -0.004037   -0.000221
   10.309000    0.022766    0.004652    0.015296
    0.923000   -0.002512   -0.005903    0.033364
   16.450000    0.038175    0.006932   -0.018340
    9.922000    0.024043   -0.002666   -0.029769
   16.448000    0.035824    0.003347    0.023209
    0.079000   -0.000271   -0.004417    0.023072
   12.749000   -0.032748    0.014359   -0.021194
   16.519000    0.037287    0.008921   -0.004334
    0.986000   -0.001320   -0.003202   -0.012282
    3.429000    0.008457   -0.004916   -0.010012
   15.209000    0.014949   -0.036019    0.020101
    9.754000    0.020607   -0.010623    0.022224
    0.057000    0.001115   -0.001373   -0.020322
   12.974000   -0.036538    0.003781    0.025730
   14.818000    0.003941   -0.036531   -0.030361
   17.359000    0.023187    0.047824   -0.015274
   16.232000    0.035745   -0.005051    0.007626
   16.489000    0.038376    0.009413   -0.025182
    5.471000   -0.001385    0.011450    0.008606
    9.493000    0.017782   -0.016077    0.024163
    7.300000   -0.016852   -0.010143    0.001560
   18.329000   -0.021065    0.053328   -0.013077
   15.267000    0.017098   -0.034781    0.009457
    6.180000   -0.011810    0.007279    0.014257
    1.895000   -0.001325   -0.009067    0.024000
    4.037000    0.009816    0.000116   -0.000056
   15.201000    0.015106   -0.035488    0.004818
    4.130000    0.009697    0.001074    0.003035
    6.835000   -0.017545   -0.002698    0.013936
   17.114000    0.030832    0.039554   -0.025497
    4.188000    0.009705    0.002065   -0.002073
   12.683000   -0.031725    0.013447    0.021552
    8.348000   -0.000888   -0.021472   -0.030577
    2.687000    0.003182   -0.010167    0.018884
    3.838000    0.008229   -0.004442    0.036048
   12.178000   -0.016983    0.031055   -0.027376
    7.563000   -0.014353   -0.013656   -0.012094
    3.539000    0.008446   -0.005308    0.008617
   10.534000    0.020539    0.009027    0.036694
    2.363000    0.000799   -0.010574    0.027706
    9.588000    0.018490   -0.014956    0.035168
   17.264000    0.025786    0.042987   -0.003988
   19.801000   -0.056438   -0.014579   -0.043757
    6.206000   -0.011504    0.008537   -0.006663
   15.912000    0.031797   -0.017839    0.007437
    2.493000    0.003073   -0.007588   -0.022326
   18.633000   -0.036820    0.042548   -0.013866
   15.401000    0.021304   -0.031721   -0.007913
   13.336000   -0.037146   -0.008435    0.023749
    1.421000   -0.002249   -0.006990    0.019397
   14.891000    0.006200   -0.036652   -0.021058
    4.699000    0.007360    0.007493    0.001368
   13.925000   -0.026704   -0.025799    0.020369
    8.895000    0.008795   -0.023043    0.009109
    2.514000    0.001570   -0.011181    0.034837
    1.715000   -0.001501   -0.007800    0.013184
   18.031000   -0.006768    0.054038    0.018680
    5.367000   -0.000964    0.009003    0.036047
    2.613000    0.002890   -0.009673    0.010693
   12.151000   -0.017977    0.025183    0.040885
    8.883000    0.009413   -0.021398   -0.019912
   16.345000    0.035453   -0.001555    0.026158
   10.410000    0.021489    0.005636    0.037045
   10.469000    0.021599    0.008289    0.023807
   14.047000   -0.023125   -0.028051    0.004409
   13.052000   -0.037180    0.000859    0.032349
    3.619000    0.008721   -0.004662    0.009285
   16.094000    0.035909   -0.008806   -0.019119
    1.364000   -0.001152   -0.003851   -0.021272
   17.828000    0.003740    0.056613    0.000845
    4.747000    0.007409    0.009313   -0.013280
    2.967000    0.004767   -0.009693    0.023501
    1.197000   -0.001009   -0.002424   -0.032486
   11.988000   -0.010736    0.032843   -0.013672
   10.713000    0.020706    0.017269    0.000154
    5.239000    0.001139    0.009579    0.021774
    7.920000   -0.009791   -0.020117    0.016571
   13.563000   -0.034607   -0.014201   -0.006395
   10.390000    0.024202    0.009809   -0.018421
    9.161000    0.014489   -0.018756   -0.022453
   19.746000   -0.056434   -0.014181   -0.001464
   10.645000    0.021213    0.014907    0.003809
    3.722000    0.009764   -0.002425   -0.011438
    8.619000    0.004579   -0.021959   -0.030639
    1.121000   -0.002294   -0.005708    0.021798
    3.708000    0.008557   -0.004460    0.018718
   17.394000    0.022108    0.049690   -0.017278
    7.604000   -0.013727   -0.014016   -0.016842
   12.165000   -0.016682    0.031019   -0.023717
   18.931000   -0.050016    0.024517    0.033747
   14.061000   -0.022238   -0.027378   -0.016782
   18.248000   -0.016702    0.055341   -0.013366
    4.010000    0.009938    0.000099   -0.004000
    7.581000   -0.014424   -0.015572    0.017826
    3.006000    0.006251   -0.006969   -0.014990
   10.100000    0.023925    0.000312   -0.007842
    5.943000   -0.008446    0.009711    0.011072
    7.008000   -0.017691   -0.005327    0.007154
    0.292000    0.000196   -0.002335   -0.007174
   12.627000   -0.030994    0.014083    0.038114
   10.867000    0.016999    0.017816    0.034782
   10.677000    0.021183    0.016894   -0.005468
    0.039000    0.000950   -0.002472   -0.008752
    1.612000   -0.001126   -0.005638   -0.010821
   16.248000    0.037529   -0.002072   -0.020392
   13.146000   -0.037329   -0.001414    0.014624
   10.230000    0.023060    0.002489    0.013562
    4.960000    0.003789    0.006909    0.038498
    0.069000    0.001309   -0.001303   -0.023513
   10.162000    0.022746   -0.000023    0.020744
   17.326000    0.024297    0.046841   -0.014281
    5.077000    0.003941    0.010792   -0.002077
   17.300000    0.023680    0.041943    0.016136
    2.594000    0.003280   -0.008394   -0.009326
   14.479000   -0.009066   -0.036567    0.025052
   11.709000   -0.002181    0.033080   -0.000448
   17.558000    0.014910    0.050483    0.012105
    5.109000    0.003930    0.012562   -0.016370
   14.320000   -0.013433   -0.031778   -0.038998
   14.598000   -0.003926   -0.035889   -0.017408
   18.420000   -0.027637    0.045300    0.035354
    9.084000    0.012736   -0.020440   -0.008331
   14.002000   -0.024710   -0.028244    0.029033
   14.640000   -0.002268   -0.035588   -0.035103
    4.577000    0.008699    0.007591   -0.016189
    0.026000    0.000888   -0.002411   -0.009636
   16.021000    0.033777   -0.013485    0.002910
   11.598000    0.000930    0.031871    0.008810
   14.047000   -0.022651   -0.027100   -0.015829
    5.687000   -0.004168    0.012862   -0.009538
    7.316000   -0.016650   -0.010768    0.006127
   18.911000   -0.049189    0.029537   -0.018956
   13.184000   -0.037407   -0.002191    0.007165
   16.105000    0.035642   -0.008866   -0.012163
    5.476000   -0.002446    0.009758    0.029446
    3.350000    0.007274   -0.007160    0.016246
   13.154000   -0.037378   -0.000773   -0.000014
    2.962000    0.005280   -0.008677    0.008418
    9.690000    0.021681   -0.009693   -0.012497
    8.075000   -0.006104   -0.019348   -0.034948
    8.813000    0.007019   -0.023886    0.017923
    5.258000    0.000471    0.008724    0.033884
    0.788000   -0.001276   -0.003277   -0.002166
    3.107000    0.006642   -0.007173   -0.008212
    3.039000    0.006721   -0.006302   -0.024014
   16.907000    0.033215    0.025973    0.008065
    2.177000    0.000668   -0.008219   -0.005237
   10.296000    0.024271    0.006765   -0.016174
   10.674000    0.019235    0.012376    0.039636
    1.470000   -0.001622   -0.005478   -0.004407
    6.673000   -0.017046   -0.000289    0.021763
   14.809000    0.002538   -0.038358    0.018079
   18.614000   -0.036693    0.039948    0.022220
    1.322000   -0.002452   -0.006666    0.021052
   19.395000   -0.059845    0.004594   -0.028301
    3.538000    0.007838   -0.006226    0.020926
    3.075000    0.006668   -0.007012   -0.011218
   13.529000   -0.035431   -0.011447   -0.040772
    7.604000   -0.013567   -0.014315   -0.012968
   13.368000   -0.036873   -0.009767    0.030388
   19.256000   -0.057901    0.009282    0.012509
   10.021000    0.023113   -0.002660    0.005875
    8.281000   -0.002586   -0.021892   -0.016765
   17.498000    0.015609    0.045041    0.043807
    6.548000   -0.015352    0.004276   -0.015792
    3.058000    0.006077   -0.008159    0.005132
   17.830000    0.004700    0.060279   -0.026217
    3.436000    0.009309   -0.003548   -0.030279
    4.764000    0.005773    0.005907    0.027321
   14.151000   -0.019249   -0.028618   -0.035728
   15.589000    0.024645   -0.028769    0.025980
    5.428000    0.000038    0.014142   -0.023307
   13.717000   -0.032072   -0.020487    0.025429
   13.160000   -0.037172   -0.000632   -0.008937
    3.142000    0.006266   -0.008572    0.016836
   14.764000    0.001573   -0.037198   -0.009278
   19.892000   -0.053434   -0.019221   -0.033976
    9.893000    0.023361   -0.004642   -0.013759
    8.901000    0.008584   -0.023385    0.017207
   15.577000    0.026615   -0.026193   -0.028202
   13.586000   -0.034134   -0.015105   -0.001094
    9.001000    0.011438   -0.020803   -0.017572
   17.714000    0.009909    0.058762   -0.024685
   18.902000   -0.048835    0.028293    0.004673
    4.849000    0.007012    0.011198   -0.025985
   13.868000   -0.028600   -0.024781    0.028732
   19.438000   -0.060506    0.003332   -0.044973
   14.866000    0.004785   -0.037879    0.003575
    2.880000    0.004344   -0.009750    0.020607
    8.337000   -0.002584   -0.024432    0.030076
    2.067000   -0.000366   -0.008963    0.014317
    6.564000   -0.015074    0.005084   -0.029471
    8.320000   -0.001453   -0.021547   -0.026225
    0.355000    0.000605   -0.000433   -0.031403
   19.765000   -0.056317   -0.014778   -0.007312
    2.028000   -0.000159   -0.008148    0.001617
   16.831000    0.034926    0.023593   -0.003371
    2.159000    0.000184   -0.009367    0.013412
    4.277000    0.008010   -0.000083    0.038975
    4.369000    0.008032    0.001602    0.031255
    8.346000   -0.001721   -0.022896    0.001209
   14.839000    0.003024   -0.038873    0.029379
   14.298000   -0.014669   -0.032436   -0.007709
    1.310000   -0.000917   -0.003145   -0.032022
    9.801000    0.023193   -0.005706   -0.031808
   14.780000    0.002602   -0.036532   -0.025220
   12.901000   -0.035979    0.005450    0.037057
    5.353000   -0.000996    0.009020    0.036067
    0.055000    0.000370   -0.003447    0.006773
   13.809000   -0.029374   -0.020266   -0.034451
    3.119000    0.005640   -0.009167    0.025047
    1.064000   -0.001025   -0.002161   -0.028995
    1.677000   -0.001610   -0.007443    0.009849
   16.959000    0.032699    0.029391    0.000601
   12.670000   -0.031949    0.012802    0.039351
   18.267000   -0.019251    0.050347    0.025465
   17.482000    0.019162    0.052932   -0.022118
    8.272000   -0.003328   -0.022955    0.009430
    6.186000   -0.012465    0.005572    0.034660
   18.708000   -0.040945    0.036236    0.016038
   12.713000   -0.032507    0.012084    0.027400
    1.859000   -0.001370   -0.008873    0.020195
   19.005000   -0.052733    0.025982   -0.035803
   11.013000    0.014634    0.022084    0.025429
    4.391000    0.008018    0.001953    0.030316
   13.778000   -0.030384   -0.022157    0.025264
    3.841000    0.010257   -0.000720   -0.017853
    4.698000    0.006382    0.005091    0.031145
    4.406000    0.008649    0.003598    0.008805
   15.551000    0.023503   -0.030092    0.029825
    0.801000   -0.001171   -0.003372   -0.002074
   13.856000   -0.029024   -0.024622    0.030756
   14.097000   -0.021174   -0.027405   -0.038987
   19.904000   -0.053285   -0.019211   -0.045424
   11.632000    0.000477    0.034305   -0.010773
    2.258000    0.001351   -0.008012   -0.011613
   18.218000   -0.015548    0.054798   -0.004319
   15.074000    0.012480   -0.035276   -0.035455
   18.477000   -0.029191    0.047417   -0.001205
   12.128000   -0.015915    0.028875    0.002791
    7.488000   -0.015974   -0.014707    0.031813
   17.791000    0.003737    0.051195    0.040799
    6.525000   -0.014975    0.004843   -0.019076
    4.732000    0.006708    0.007112    0.011314
   16.948000    0.033521    0.030293   -0.011956
   18.740000   -0.041981    0.038610   -0.025732
    2.092000   -0.000793   -0.010200    0.033487
    4.294000    0.010288    0.005495   -0.028107
    4.131000    0.008408   -0.001141    0.033882
   10.213000    0.024713    0.004811   -0.022907
   14.160000   -0.019812   -0.031215    0.021713
    3.919000    0.010372    0.000375   -0.017351
   15.452000    0.023828   -0.028908   -0.039689
    1.979000   -0.000878   -0.008908    0.016854
    0.908000   -0.000693   -0.001414   -0.032318
   11.595000   -0.000154    0.029424    0.032461
    2.900000    0.003795   -0.010734    0.036407
    6.422000   -0.014332    0.005231   -0.003326
   15.285000    0.017055   -0.034898    0.018832
   19.343000   -0.058962    0.004524    0.023559
   14.260000   -0.015761   -0.031920   -0.006318
    9.947000    0.023397   -0.003786   -0.009379
    0.975000   -0.002240   -0.005511    0.025515
    2.880000    0.005315   -0.008111   -0.006723
   18.481000   -0.029228    0.048497   -0.012380
   16.026000    0.032562   -0.014921    0.029099
   17.788000    0.006211    0.057542   -0.011330
    8.330000   -0.001953   -0.022879   -0.000282
    8.978000    0.011489   -0.020414   -0.026418
   18.440000   -0.027957    0.046670    0.016952
    7.650000   -0.013309   -0.015735    0.000154
   14.742000    0.000068   -0.038219    0.018588
   12.325000   -0.021776    0.026296   -0.012614
   12.548000   -0.027807    0.021972   -0.032929
    1.899000   -0.000848   -0.008412    0.013696
    7.190000   -0.017815   -0.009166    0.020735
   17.427000    0.021419    0.052057   -0.027501
   18.731000   -0.041460    0.040008   -0.035398
    8.418000   -0.000082   -0.022828   -0.007002
   15.431000    0.022767   -0.030031   -0.024852
   18.314000   -0.021460    0.050176    0.016834
    5.450000   -0.001452    0.010866    0.014274
    0.657000   -0.000295   -0.001316   -0.024354
   18.756000   -0.043555    0.032313    0.040103
   14.383000   -0.012071   -0.034507    0.008121
   17.387000    0.020973    0.045366    0.010897
    2.728000    0.003448   -0.010209    0.021228
   10.484000    0.023723    0.012912   -0.021533
   15.818000    0.030021   -0.021121    0.010431
    2.993000    0.006301   -0.007062   -0.017211
   13.867000   -0.028136   -0.021652   -0.039922
   15.442000    0.022276   -0.030878   -0.004405
    5.238000    0.001211    0.009895    0.018802
   18.409000   -0.027351    0.045062    0.042453
    6.483000   -0.015433    0.003046    0.016407
   15.552000    0.025299   -0.027805   -0.010612
   17.001000    0.032669    0.033131   -0.014489
   19.861000   -0.053622   -0.020061    0.015149
    3.746000    0.008238   -0.005221    0.033013
    3.224000    0.006580   -0.008217    0.018934
    2.858000    0.005527   -0.007253   -0.022259
    3.265000    0.007530   -0.006429   -0.004583
    3.445000    0.007944   -0.006164    0.011912
   15.246000    0.016330   -0.035056    0.008745
    3.464000    0.008663   -0.004989   -0.004676
   12.267000   -0.021286    0.023520    0.032262
   19.977000   -0.050896   -0.022349   -0.049508
    2.153000    0.001223   -0.006681   -0.028142
   17.770000    0.006834    0.057258   -0.009983
    5.098000    0.004027    0.012361   -0.016603
    1.887000    0.000035   -0.005982   -0.023681
    8.699000    0.005598   -0.022924   -0.009083
    9.411000    0.016507   -0.018020    0.028974
   10.742000    0.018770    0.015258    0.029516
    6.767000   -0.016996   -0.000369    0.000249
    4.188000    0.009038    0.000782    0.016715
   11.654000   -0.001558    0.030637    0.022137
   13.571000   -0.034686   -0.013120   -0.034595
   18.410000   -0.026076    0.047666    0.015174
   10.105000    0.022165   -0.002333    0.029604
    4.676000    0.006499    0.004886    0.030343
    7.273000   -0.017016   -0.010165    0.010108
   15.906000    0.031212   -0.018522    0.016202
   12.326000   -0.023064    0.022520    0.028022
    4.890000    0.004865    0.007063    0.026050
   18.029000   -0.004886    0.060288   -0.026853
    3.609000    0.009055   -0.004064   -0.001246
   13.157000   -0.037547   -0.001908    0.017182
    3.799000    0.009534   -0.002364   -0.000097
    7.556000   -0.014785   -0.015338    0.018236
   19.658000   -0.057944   -0.010229    0.004541
    4.244000    0.010718    0.005221   -0.032122
    2.580000    0.002437   -0.010164    0.020934
   15.810000    0.031733   -0.019179   -0.027892
    0.675000   -0.001321   -0.004177    0.014452
   14.516000   -0.007047   -0.035997    0.000324
   12.675000   -0.031256    0.015682   -0.006022
   15.032000    0.010321   -0.037071    0.001018
   18.185000   -0.013850    0.054875   -0.001221
   14.234000   -0.016640   -0.030126   -0.040470
   11.373000    0.008144    0.033360   -0.018203
   10.736000    0.020361    0.018201   -0.002300
    4.320000    0.010372    0.006006   -0.031500
   17.116000    0.028349    0.033933    0.021617
    6.492000   -0.016029    0.001663    0.035633
   14.447000   -0.008895   -0.033568   -0.043540
    3.416000    0.008921   -0.004014   -0.022869
    4.796000    0.005779    0.006757    0.021742
    6.883000   -0.017090   -0.001503   -0.016425
    8.832000    0.006822   -0.024583    0.031465
    4.349000    0.009175    0.003346    0.005702
   14.118000   -0.020654   -0.029488    0.004043
   10.324000    0.022657    0.004852    0.014506
   14.358000   -0.013315   -0.034978    0.028024
    4.819000    0.006856    0.009598   -0.010708
   11.049000    0.016237    0.028572   -0.026732
    5.111000    0.003164    0.010392    0.007876
   12.469000   -0.026856    0.019253    0.025444
    0.868000   -0.001429   -0.003520   -0.000703
   17.009000    0.033416    0.035392   -0.032432
   15.447000    0.021132   -0.032252    0.025573
    1.646000   -0.002312   -0.008826    0.035024
    6.263000   -0.012949    0.005684    0.019135
    1.228000   -0.001345   -0.003457   -0.020847
    8.344000   -0.001540   -0.022585   -0.006763
    9.276000    0.016681   -0.016535   -0.030863
   12.852000   -0.034962    0.007788    0.023889
    6.498000   -0.015495    0.002586    0.020029
   16.698000    0.037531    0.019650   -0.025129
    3.366000    0.008683   -0.004743   -0.020736
    7.615000   -0.014220   -0.016300    0.021193
   17.564000    0.014605    0.050729    0.010739
    4.800000    0.007048    0.009573   -0.010766
   19.506000   -0.059896   -0.001868   -0.016157
   19.307000   -0.059145    0.008792   -0.022646
    2.154000    0.000418   -0.008659    0.002624
    0.599000    0.000007   -0.000857   -0.032492
    6.874000   -0.017200   -0.001883   -0.010392
    2.459000    0.001725   -0.010289    0.019851
   19.649000   -0.058855   -0.008414   -0.024654
   14.877000    0.006198   -0.036110   -0.042398
   14.878000    0.004703   -0.038319    0.016157
   15.024000    0.010577   -0.036086   -0.025359
   11.248000    0.011713    0.032795   -0.028759
    6.210000   -0.011297    0.010251   -0.027298
    6.944000   -0.017710   -0.003910    0.004263
   17.703000    0.009452    0.054620    0.001240
    3.281000    0.007971   -0.005454   -0.018336
    9.583000    0.019692   -0.013264    0.003815
   16.571000    0.038125    0.012914   -0.021426
   10.157000    0.022215   -0.000740    0.028343
   12.566000   -0.029322    0.016263    0.029124
   15.814000    0.029240   -0.022385    0.029893
    7.475000   -0.014953   -0.011550   -0.027451
   14.563000   -0.004806   -0.035000   -0.034814
    8.929000    0.009331   -0.022701    0.010873
   19.088000   -0.055177    0.021800   -0.040947
   17.926000   -0.001511    0.054396    0.019437
   17.325000    0.023417    0.044357    0.004367
    2.622000    0.002641   -0.010544    0.024561
    8.659000    0.003718   -0.024845    0.027260
    4.153000    0.010572    0.003871   -0.029493
   15.005000    0.010360   -0.035774   -0.033806
    9.042000    0.012644   -0.019562   -0.033571
   13.970000   -0.025735   -0.027278    0.028337
    3.123000    0.006666   -0.007199   -0.004741
   16.096000    0.033797   -0.011458    0.019934
   16.563000    0.038084    0.012414   -0.018128
    2.743000    0.002930   -0.011201    0.036482
   11.885000   -0.007155    0.035334   -0.026530
    8.900000    0.010096   -0.020653   -0.036377
    5.156000    0.002369    0.009645    0.017934
    5.870000   -0.008384    0.007868    0.038728
   12.559000   -0.029328    0.016664    0.029086
   17.787000    0.004891    0.053603    0.019924
   13.163000   -0.037367    0.000674   -0.033271
    6.613000   -0.016181    0.002207   -0.001669
   17.324000    0.022363    0.041076    0.029661
   11.845000   -0.006502    0.032736   -0.000974
    7.839000   -0.010671   -0.017887   -0.010690
   14.193000   -0.017965   -0.029406   -0.035336
    3.703000    0.010346   -0.000861   -0.034455
    5.071000    0.004001    0.011438   -0.007997
   16.155000    0.035378   -0.007961    0.001888
   18.852000   -0.046595    0.033477   -0.031078
    9.564000    0.019634   -0.013224   -0.002132
   10.861000    0.017763    0.019600    0.015621
    1.456000   -0.001830   -0.005933    0.005052
    7.424000   -0.015378   -0.010010   -0.036394
    5.277000    0.001071    0.011322    0.004498
   17.570000    0.013887    0.049577    0.021749
   16.784000    0.036104    0.022581   -0.013633
   13.141000   -0.037322   -0.000491    0.002037
    7.633000   -0.013194   -0.014523   -0.018239
   17.594000    0.015160    0.057085   -0.030783
   10.794000    0.019788    0.020240   -0.006181
   16.567000    0.035062    0.007943    0.032322
   18.895000   -0.048350    0.030428   -0.022034
    1.977000   -0.000458   -0.008347    0.008667
   19.087000   -0.054415    0.017084    0.029560
   19.055000   -0.054153    0.022961   -0.033474
   11.245000    0.011926    0.032793   -0.029475
   15.352000    0.018461   -0.034284    0.028630
   19.691000   -0.058477   -0.010148   -0.030106
    5.733000   -0.006371    0.008618    0.037707
   17.786000    0.005427    0.055301    0.006437
    1.780000   -0.001148   -0.007299    0.002821
   15.797000    0.029490   -0.022219    0.016295
   16.743000    0.034207    0.016336    0.029983
    9.832000    0.022689   -0.006259   -0.012975
    1.451000   -0.002617   -0.008054    0.037243
   17.017000    0.032735    0.034982   -0.025330
   19.998000   -0.049202   -0.026213    0.023299
    3.657000    0.008237   -0.005289    0.025452
    2.687000    0.002498   -0.011077    0.036506
    6.316000   -0.013669    0.004781    0.025753
   13.207000   -0.037450   -0.004223    0.027089
   16.777000    0.035197    0.020677    0.001637
   10.736000    0.018682    0.014427    0.035711
   16.257000    0.037012   -0.002362   -0.014075
    6.790000   -0.016652    0.001199   -0.033900
    3.007000    0.006546   -0.006657   -0.021146
   12.575000   -0.029689    0.016321    0.025654
   19.907000   -0.053431   -0.019240   -0.050578
    9.239000    0.014504   -0.019617    0.012845
    2.767000    0.003438   -0.010159    0.021533
    0.377000    0.000552   -0.000422   -0.034470
   15.428000    0.022231   -0.030794   -0.013310
    8.331000   -0.002546   -0.024129    0.025220
   14.903000    0.006918   -0.036278   -0.033494
    4.877000    0.005371    0.008255    0.013587
    9.402000    0.016800   -0.017422    0.017638
    6.561000   -0.015166    0.005419   -0.034765
   14.050000   -0.022448   -0.027054   -0.019689
    0.100000   -0.000468   -0.005219    0.035262
    3.447000    0.008910   -0.003963   -0.021299
   13.724000   -0.031689   -0.020438    0.019900
   19.347000   -0.059059    0.004470    0.018586
   16.967000    0.033283    0.031208   -0.014187
   10.703000    0.019765    0.014830    0.020409
    6.221000   -0.011540    0.009091   -0.019742
   14.481000   -0.008095   -0.034850   -0.013423
    9.537000    0.018650   -0.014714    0.014612
   15.694000    0.027417   -0.025308    0.013589
    5.702000   -0.004669    0.011451    0.005059
    3.825000    0.010454   -0.000143   -0.025339
    0.285000    0.000906   -0.000345   -0.034459
    4.664000    0.008394    0.009162   -0.023109
    6.741000   -0.016654    0.001251   -0.017368
   12.736000   -0.032693    0.014144   -0.012993
   10.482000    0.022434    0.010395    0.004642
    4.536000    0.008299    0.005520    0.004051
   11.935000   -0.008712    0.034933   -0.026101
    6.879000   -0.016933   -0.001248   -0.018714
   16.974000    0.032080    0.029525    0.005089
    8.557000    0.001907   -0.024325    0.019434
   15.208000    0.016147   -0.034583   -0.014103
   13.097000   -0.037208   -0.000750    0.030091
   16.080000    0.035848   -0.009282   -0.022520
    3.089000    0.006761   -0.006785   -0.015872
   10.572000    0.021562    0.012256    0.011319
    7.799000   -0.011320   -0.017302   -0.010231
   13.456000   -0.036018   -0.010297   -0.013716
    8.622000    0.002888   -0.024763    0.027040
   10.056000    0.023612   -0.001230   -0.002653
    3.862000    0.008999   -0.003055    0.019324
    6.938000   -0.017319   -0.002753   -0.013885
   16.214000    0.037868   -0.002341   -0.036016
    9.607000    0.019815   -0.012854    0.006034
    2.743000    0.004605   -0.007456   -0.020572
    6.257000   -0.012638    0.006450    0.011068
    5.569000   -0.002565    0.011846    0.003707
    3.093000    0.005267   -0.009877    0.033683
   19.270000   -0.059124    0.011582   -0.034712
   13.713000   -0.031785   -0.019868    0.017599
   16.607000    0.037437    0.013920   -0.012245
    9.822000    0.022091   -0.007752    0.004465
   19.377000   -0.059887    0.004981   -0.020173
    6.051000   -0.010810    0.006524    0.038652
    0.397000   -0.001131   -0.004687    0.029280
    5.341000   -0.000417    0.009835    0.026133
    5.550000   -0.002902    0.010361    0.020808
   16.636000    0.035968    0.012855    0.011767
   17.285000    0.026080    0.046812   -0.026332
   19.332000   -0.059592    0.007903   -0.030869
    9.931000    0.021607   -0.006749    0.029359
    6.046000   -0.008971    0.011334   -0.020558
   12.786000   -0.033711    0.010281    0.021221
   10.233000    0.024350    0.004803   -0.015119
    7.822000   -0.010557   -0.016968   -0.023202
    4.757000    0.006445    0.007044    0.012727
    9.930000    0.021709   -0.006319    0.024928
   17.013000    0.032827    0.034375   -0.020811
   13.320000   -0.037214   -0.006819    0.005281
   15.350000    0.020688   -0.031509   -0.033172
   16.076000    0.035175   -0.010164   -0.011846
    0.613000   -0.000659   -0.002438   -0.008533
    6.655000   -0.016034    0.002875   -0.019068
   10.849000    0.019125    0.021611   -0.008930
    1.209000   -0.001389   -0.003889   -0.015106
    4.073000    0.010588    0.002577   -0.024029
    5.835000   -0.005853    0.013563   -0.028189
    4.910000    0.006605    0.012061   -0.027389
    7.919000   -0.009983   -0.020573    0.025655
   17.478000    0.018442    0.049575   -0.000437
   11.414000    0.004900    0.027555    0.037572
    6.606000   -0.016417    0.001260    0.016740
   11.329000    0.007592    0.027484    0.025756
   15.465000    0.023713   -0.029385   -0.026284
    9.554000    0.019651   -0.013017   -0.006901
    2.042000    0.000286   -0.007428   -0.009918
   13.904000   -0.027706   -0.025768    0.029382
   11.428000    0.006975    0.034308   -0.021606
    8.404000   -0.000264   -0.022861   -0.008527
   10.353000    0.024535    0.009032   -0.023737
    7.425000   -0.016092   -0.012598    0.009346
    0.866000   -0.000787   -0.002385   -0.018926
    9.831000    0.020799   -0.009232    0.030247
   14.651000   -0.001636   -0.035374   -0.041959
   19.426000   -0.059258    0.000736    0.012714
   19.375000   -0.059479    0.005215   -0.021107
    9.697000    0.020018   -0.011790    0.020624
   16.520000    0.036803    0.008360    0.002785
   11.571000    0.002687    0.035197   -0.020100
    6.450000   -0.014130    0.007088   -0.031991
    7.326000   -0.016848   -0.011203    0.015190
   10.424000    0.021836    0.006710    0.027728
   11.734000   -0.002347    0.036039   -0.023091
    0.511000   -0.001551   -0.005018    0.033877
    6.046000   -0.010383    0.007299    0.027023
   13.140000   -0.037207    0.001104   -0.026490
    2.247000    0.001473   -0.007354   -0.019337
    9.487000    0.018394   -0.015268    0.007967
   13.692000   -0.032453   -0.018996    0.013010
   17.899000   -0.001424    0.051919    0.038926
   10.517000    0.021452    0.009903    0.019349
   12.539000   -0.028372    0.019270    0.001372
    4.803000    0.006198    0.007901    0.008441
    9.611000    0.020371   -0.011742   -0.007355
   14.415000   -0.011123   -0.035327    0.016684
   19.186000   -0.057527    0.015529   -0.026956
    3.220000    0.007420   -0.006367   -0.010397
   16.576000    0.035956    0.009548    0.018583
    7.550000   -0.014191   -0.012912   -0.025824
    8.940000    0.009412   -0.022748    0.012199
    4.593000    0.006962    0.004278    0.029409
   12.243000   -0.019825    0.026302    0.005349
    3.425000    0.007540   -0.006785    0.019115
    7.228000   -0.016710   -0.007825   -0.016737
    5.723000   -0.005288    0.010213    0.018484
   19.885000   -0.053076   -0.020529    0.001909
   15.370000    0.019595   -0.033251    0.014788
   14.830000    0.003899   -0.037265   -0.008873
   17.373000    0.022098    0.045977    0.003547
    0.438000    0.000390   -0.000693   -0.032058
   17.261000    0.026521    0.045278   -0.021581
   11.217000    0.010569    0.026124    0.022738
   17.905000    0.000742    0.058392   -0.011707
    6.418000   -0.013771    0.007641   -0.034099
    9.411000    0.016436   -0.018168    0.035086
    8.325000   -0.002035   -0.022705   -0.000428
   18.643000   -0.037134    0.044231   -0.034164
    6.042000   -0.009402    0.010323   -0.007889
    1.931000   -0.000772   -0.008334    0.011074
   16.612000    0.036575    0.012825    0.000694
   15.751000    0.029616   -0.022165   -0.008868
    4.156000    0.010709    0.003786   -0.028671
   16.686000    0.034058    0.012936    0.038600
    7.421000   -0.015802   -0.011251   -0.015328
   10.281000    0.023822    0.005465   -0.006578
    4.117000    0.008948   -0.000575    0.023902
    2.214000    0.001290   -0.007777   -0.014766
   18.522000   -0.031563    0.045042    0.004825
    7.136000   -0.017369   -0.006569   -0.008201
   19.179000   -0.057416    0.017057   -0.044248
    4.166000    0.010070    0.002244   -0.007901
   14.431000   -0.010020   -0.035017    0.003434
   10.419000    0.021584    0.006169    0.030578
    9.605000    0.018879   -0.014119    0.027165
   19.096000   -0.055452    0.021340   -0.037751
   17.772000    0.004228    0.050204    0.044737
    0.647000   -0.001049   -0.003703    0.008052
    3.874000    0.010286   -0.000124   -0.018743
   19.311000   -0.058656    0.006489    0.011912
   16.222000    0.036542   -0.004441   -0.005485
    8.766000    0.006899   -0.022644   -0.009761
   13.822000   -0.029089   -0.020616   -0.036856
    7.596000   -0.013716   -0.013978   -0.020314
    7.286000   -0.017125   -0.010474    0.016064
   16.106000    0.033849   -0.011063    0.020807
   17.740000    0.009012    0.059992   -0.029422
   12.566000   -0.028909    0.017842    0.007099
   14.989000    0.009338   -0.036693   -0.015375
    4.396000    0.009820    0.006459   -0.024610
   15.268000    0.017337   -0.034353    0.001163
   16.156000    0.036297   -0.006493   -0.016778
    3.779000    0.010312   -0.000833   -0.023555
    3.407000    0.008182   -0.006000    0.002174
   12.163000   -0.016205    0.031679   -0.029335
   16.319000    0.035272   -0.002693    0.028509
   17.875000    0.001902    0.057291   -0.003848
   14.494000   -0.007386   -0.034745   -0.026673
   18.102000   -0.009644    0.056032   -0.001121
   12.334000   -0.021821    0.026587   -0.018373
    7.372000   -0.016492   -0.012458    0.022859
    0.393000   -0.001137   -0.004796    0.029773
   17.289000    0.025764    0.046309   -0.022118
   17.579000    0.015653    0.056474   -0.028384
   12.265000   -0.019706    0.028947   -0.023267
   17.663000    0.011525    0.055331   -0.008477
   14.315000   -0.014429   -0.033486    0.009846
    0.718000   -0.000865   -0.002536   -0.010623
   15.930000    0.033191   -0.015654   -0.012365
   12.045000   -0.012272    0.033774   -0.030619
    9.666000    0.020986   -0.010520   -0.008663
    7.431000   -0.016180   -0.013677    0.026964
   18.931000   -0.050029    0.025348    0.023624
    7.116000   -0.017410   -0.006900    0.001237
   14.417000   -0.010241   -0.033893   -0.016602
    3.919000    0.008820   -0.002852    0.026256
   12.683000   -0.031330    0.015572   -0.006766
    7.605000   -0.013612   -0.013874   -0.020264
    3.889000    0.008933   -0.002855    0.021783
   14.070000   -0.022304   -0.028088   -0.005159
    1.864000   -0.001147   -0.008324    0.013585
    3.922000    0.010234   -0.000057   -0.014189
    7.913000   -0.010169   -0.020517    0.023629
   16.617000    0.037715    0.014815   -0.017583
    9.087000    0.011679   -0.022166    0.024372
    0.326000    0.000353   -0.001737   -0.016229
    3.797000    0.008963   -0.003797    0.020719
    2.382000    0.001428   -0.009383    0.010214
    6.041000   -0.009237    0.011000   -0.016049
   13.464000   -0.035897   -0.011439    0.002251
   15.680000    0.027196   -0.025840    0.016871
   12.473000   -0.026512    0.020288    0.012567
   11.424000    0.007200    0.035423   -0.030244
   18.184000   -0.015576    0.049999    0.042365
   15.585000    0.026278   -0.026861   -0.014208
    1.714000   -0.002029   -0.008860    0.029609
   10.874000    0.017942    0.020634    0.006254
    7.275000   -0.016345   -0.007552   -0.033980
    0.421000    0.000357   -0.001038   -0.025624
   16.894000    0.032717    0.024191    0.021683
    2.660000    0.003920   -0.008029   -0.015514
    8.003000   -0.008062   -0.020631    0.005086
    6.238000   -0.012126    0.007779   -0.002096
   15.213000    0.016843   -0.033346   -0.040499
   11.414000    0.005658    0.029345    0.021387
   13.149000   -0.037747    0.001515   -0.037605
    7.372000   -0.016779   -0.012341    0.021031
   18.514000   -0.031109    0.046520   -0.004838
    1.999000    0.000075   -0.007342   -0.009127
   18.989000   -0.051698    0.025009   -0.014481
   12.590000   -0.029725    0.016782    0.014396
    9.197000    0.014116   -0.019926    0.008648
   14.840000    0.003752   -0.038218    0.012613
    1.817000   -0.000664   -0.006990   -0.005005
   17.024000    0.030024    0.029387    0.025998
    8.078000   -0.006456   -0.020164   -0.016255
    9.960000    0.023142   -0.003677   -0.003584
    9.552000    0.019151   -0.013837    0.006910
    6.554000   -0.016147    0.001553    0.023632
   14.299000   -0.014354   -0.032287   -0.014096
    7.385000   -0.015854   -0.010551   -0.019186
    4.825000    0.006637    0.009941   -0.013100
    0.992000   -0.001203   -0.003358   -0.008270
    1.013000   -0.001362   -0.003531   -0.006078
    2.784000    0.004095   -0.009600    0.014187
    2.750000    0.004401   -0.008018   -0.010212
    0.445000   -0.000918   -0.004101    0.017193
   11.371000    0.007691    0.031558   -0.004716
   17.769000    0.007431    0.058972   -0.020957
    3.249000    0.006965   -0.007404    0.010526
   13.718000   -0.031574   -0.017975   -0.029555
    7.870000   -0.010545   -0.019131    0.010753
   14.292000   -0.014972   -0.032508   -0.005189
   17.897000    0.000754    0.057054   -0.003226
    9.598000    0.019035   -0.013854    0.023258
    7.982000   -0.008031   -0.019079   -0.018097
    0.646000   -0.001845   -0.005132    0.032957
    2.628000    0.003445   -0.008816   -0.001961
   11.533000    0.001384    0.028239    0.042709
   19.409000   -0.058978    0.000635    0.031448
   17.548000    0.016029    0.052708   -0.007723
    7.667000   -0.013585   -0.017128    0.022453
    6.032000   -0.009172    0.010783   -0.012490
   12.893000   -0.035565    0.006526    0.023959
   12.035000   -0.013794    0.028367    0.021868
    3.330000    0.007036   -0.007644    0.018791
   10.261000    0.023466    0.004267    0.000313
    1.355000   -0.001205   -0.003849   -0.021367
   16.846000    0.035334    0.025775   -0.015832
    2.658000    0.004006   -0.007825   -0.018601
    4.839000    0.005755    0.007486    0.017424
   12.744000   -0.032664    0.014680   -0.021547
   11.925000   -0.010717    0.027967    0.039521
    5.863000   -0.008202    0.008022    0.038063
   10.196000    0.023761    0.002751   -0.002469
   15.907000    0.032512   -0.016912   -0.007161
    6.841000   -0.017426   -0.002152    0.005355
    0.664000   -0.001012   -0.002949   -0.002194
    9.891000    0.023636   -0.003906   -0.022481
   11.430000    0.006252    0.032238   -0.003685
    7.418000   -0.015436   -0.010323   -0.033104
   16.163000    0.034399   -0.008903    0.023239
   18.128000   -0.011136    0.054808    0.005364
   15.027000    0.010787   -0.035935   -0.027656
    0.650000   -0.000641   -0.002596   -0.007926
   14.006000   -0.023988   -0.026212   -0.013760
    0.766000   -0.001306   -0.003997    0.011164
   17.737000    0.007660    0.054353    0.006517
   10.283000    0.022812    0.003885    0.013061
    9.988000    0.023712   -0.002318   -0.010780
    6.412000   -0.013562    0.007632   -0.030663
   10.268000    0.023336    0.004034    0.004305
   10.621000    0.023151    0.017980   -0.032694
    5.829000   -0.005885    0.014069   -0.031114
    4.668000    0.008276    0.008705   -0.017615
   13.025000   -0.036523    0.004935   -0.021082
   19.323000   -0.058868    0.006397    0.006532
    1.431000   -0.002440   -0.007128    0.023332
    2.766000    0.005238   -0.006775   -0.031757
   12.551000   -0.028369    0.019615   -0.004625
   19.832000   -0.054835   -0.017072   -0.022916
    4.621000    0.008031    0.007207   -0.004893
    3.676000    0.009221   -0.003274   -0.003802
   12.453000   -0.025996    0.021000    0.008892
   15.326000    0.019921   -0.031954   -0.032401
    4.471000    0.008636    0.005083    0.001613
   11.538000    0.002384    0.030756    0.016352
    1.370000   -0.002498   -0.006981    0.026119
   16.217000    0.037898   -0.002331   -0.036127
   10.300000    0.024545    0.007510   -0.024446
    0.517000   -0.000146   -0.001894   -0.016538
    0.932000   -0.001932   -0.005074    0.017534
    9.985000    0.023409   -0.002772   -0.007260
    9.515000    0.019950   -0.012738   -0.023613
   14.586000   -0.005282   -0.037646    0.021706
   18.805000   -0.044740    0.036200   -0.036254
   13.501000   -0.035553   -0.011069   -0.031709
    6.887000   -0.017379   -0.002956    0.005916
   19.319000   -0.058734    0.005481    0.029338
    2.164000    0.001147   -0.007012   -0.024034
   11.553000    0.002669    0.033531   -0.006135
   16.522000    0.037674    0.009838   -0.010657
   11.459000    0.004670    0.031011    0.008482
   18.347000   -0.023223    0.048643    0.024290
   13.989000   -0.024693   -0.026982    0.009795
    4.330000    0.009115    0.003166    0.004761
    2.149000    0.000536   -0.008579    0.001169
    6.914000   -0.018004   -0.004592    0.026857
    0.323000   -0.000705   -0.004342    0.021515
   17.541000    0.014176    0.046098    0.043124
   14.207000   -0.017949   -0.031563    0.006962
   12.054000   -0.014729    0.027042    0.036767
    2.499000    0.001923   -0.010078    0.019938
    5.127000    0.002946    0.010544    0.005397
    7.393000   -0.015619   -0.010179   -0.023884
    7.416000   -0.015643   -0.011582   -0.009373
   12.357000   -0.023963    0.021290    0.037113
    2.716000    0.004556   -0.007785   -0.016397
    7.055000   -0.017432   -0.005501   -0.003048
   15.322000    0.019001   -0.033208   -0.004768
    8.972000    0.010309   -0.022147    0.004360
    5.749000   -0.004639    0.014363   -0.029029
    2.439000    0.001662   -0.009704    0.013940
    7.759000   -0.011742   -0.016660   -0.012445
    9.727000    0.022694   -0.007526   -0.031871
    5.279000    0.001287    0.011801   -0.001538
    8.871000    0.009433   -0.021456   -0.025811
   12.782000   -0.033174    0.012879   -0.015514
   11.114000    0.014591    0.029176   -0.019039
    5.701000   -0.005470    0.009771    0.024532
    9.369000    0.017793   -0.015598   -0.022330
    8.313000   -0.001550   -0.020992   -0.038221
    1.077000   -0.001753   -0.004626    0.006733
   10.277000    0.024930    0.007435   -0.029022
   11.368000    0.007051    0.029490    0.014724
   11.435000    0.006015    0.032132   -0.003139
    9.393000    0.018573   -0.014589   -0.033809
    9.390000    0.018557   -0.014666   -0.030327
   11.354000    0.008068    0.030966   -0.000706
   17.961000   -0.001896    0.058852   -0.015447
    1.767000   -0.000590   -0.005554   -0.025216
   17.761000    0.007386    0.057585   -0.012232
    7.689000   -0.012490   -0.015234   -0.021388
    9.025000    0.011450   -0.021377   -0.001857
    0.006000    0.001309   -0.001404   -0.024385
    9.160000    0.013340   -0.020535    0.012829
   14.944000    0.007986   -0.036823   -0.015323
    7.722000   -0.012505   -0.016709   -0.000119
    4.028000    0.009553   -0.000287    0.006997
   13.182000   -0.037684   -0.003486    0.030813
   14.724000   -0.000490   -0.038318    0.019032
   13.086000   -0.037036    0.002177   -0.011132
    7.179000   -0.017471   -0.008854    0.015682
    1.391000   -0.002388   -0.006869    0.020481
    5.940000   -0.008130    0.010681   -0.002977
   18.545000   -0.032054    0.048058   -0.033358
    3.948000    0.008669   -0.002617    0.026683
   10.846000    0.019053    0.021484   -0.006840
   17.962000   -0.004474    0.051395    0.043144
   19.821000   -0.055808   -0.015670   -0.041302
    8.944000    0.009851   -0.022216    0.002382
   13.658000   -0.033107   -0.019062    0.031201
   15.961000    0.033447   -0.014716   -0.008615
    9.854000    0.021290   -0.008296    0.025067
    8.855000    0.007162   -0.024532    0.033762
   10.592000    0.021912    0.014294   -0.003130
    6.742000   -0.016678    0.000293   -0.007357
   16.942000    0.032809    0.028090    0.003683
    7.462000   -0.015498   -0.013004    0.003603
   10.487000    0.024003    0.013469   -0.026843
    2.406000    0.001254   -0.010023    0.018561
   10.510000    0.023351    0.013586   -0.021589
   10.851000    0.016823    0.016658    0.041376
    5.603000   -0.004060    0.009966    0.027735
   10.702000    0.021282    0.018068   -0.010761
    3.568000    0.008850   -0.004259   -0.004163
   16.066000    0.032983   -0.013298    0.030545
    3.267000    0.008090   -0.005171   -0.021850
    7.083000   -0.017309   -0.004292   -0.030313
   11.981000   -0.010928    0.032478   -0.008871
    1.123000   -0.001443   -0.003499   -0.012453
   10.037000    0.023556   -0.001311   -0.005888
   11.297000    0.010614    0.033663   -0.029675
    4.862000    0.005815    0.008974    0.003165
    4.111000    0.009832    0.001168   -0.000375
   19.503000   -0.060042   -0.001375   -0.023542
   16.717000    0.034296    0.015120    0.029293
    2.953000    0.006179   -0.006751   -0.022041
    9.462000    0.019143   -0.014204   -0.018225
    0.686000   -0.000219   -0.001281   -0.025917
   14.544000   -0.006316   -0.036455    0.008153
    8.312000   -0.001571   -0.021333   -0.029102
   12.309000   -0.021474    0.027176   -0.017995
    7.355000   -0.016107   -0.009427   -0.025066
    5.980000   -0.009133    0.008883    0.017501
    2.383000    0.001023   -0.010319    0.023839
   14.015000   -0.023708   -0.025542   -0.035264
    3.190000    0.006219   -0.008515    0.022081
   11.483000    0.005424    0.035299   -0.026678
   12.883000   -0.035120    0.010195   -0.024150
    9.319000    0.015157   -0.019594    0.032999
   11.514000    0.004590    0.035720   -0.027967
    9.760000    0.020264   -0.011024    0.032207
    9.979000    0.024395   -0.001008   -0.032014
    5.401000   -0.001497    0.009109    0.036809
    4.395000    0.010298    0.007148   -0.032765
    7.250000   -0.017048   -0.009237    0.004340
   14.930000    0.006803   -0.037563    0.002436
   10.801000    0.019097    0.019035    0.007096
   12.309000   -0.021309    0.027361   -0.020708
    3.258000    0.007024   -0.007493    0.009268
   16.581000    0.036696    0.011135    0.002585
    3.682000    0.007829   -0.006100    0.038048
   15.136000    0.013852   -0.035465   -0.012453
   11.407000    0.007216    0.033683   -0.016212
   18.510000   -0.032181    0.042713    0.032546
   16.441000    0.038208    0.006644   -0.020888
   15.234000    0.017168   -0.033805   -0.026630
   10.494000    0.023420    0.012864   -0.017318
    4.963000    0.003509    0.006835    0.039438
    6.596000   -0.016863   -0.000116    0.037103
    2.436000    0.001921   -0.009487    0.008961
    3.617000    0.009140   -0.003578   -0.007621
   12.529000   -0.028152    0.017907    0.023024
    2.995000    0.005503   -0.008935    0.011673
    7.123000   -0.017291   -0.005850   -0.017832
    6.214000   -0.011936    0.007426    0.005582
   16.363000    0.036122    0.000087    0.014563
   14.629000   -0.003331   -0.037225    0.009055
   12.987000   -0.036503    0.003983    0.013694
    2.563000    0.003753   -0.006807   -0.035217
   10.686000    0.021221    0.017487   -0.009393
   11.412000    0.007507    0.034637   -0.026539
    3.039000    0.005046   -0.009756    0.028638
   15.743000    0.029310   -0.022885   -0.001727
   12.745000   -0.032732    0.014998   -0.026946
   17.665000    0.011730    0.057160   -0.020730
   13.389000   -0.036692   -0.008780   -0.003000
   16.939000    0.031553    0.025538    0.027635
   17.813000    0.004503    0.056097    0.002694
    8.694000    0.004234   -0.024787    0.028025
    7.988000   -0.008720   -0.020724    0.013589
    2.714000    0.004566   -0.007525   -0.020743
   14.281000   -0.015676   -0.033291    0.018809
   16.380000    0.035546   -0.000100    0.026495
    8.353000   -0.001031   -0.021725   -0.026880
   10.976000    0.015695    0.021872    0.017964
   13.169000   -0.037354   -0.001834    0.007607
   13.659000   -0.033313   -0.018862    0.029292
   12.153000   -0.017084    0.026996    0.018511
    2.817000    0.005046   -0.007753   -0.014094
    5.652000   -0.003232    0.014157   -0.024380
   17.384000    0.021738    0.046644   -0.000320
   10.904000    0.017052    0.020771    0.013775
    2.145000   -0.000627   -0.010376    0.031800
   12.675000   -0.031590    0.013906    0.016663
    6.730000   -0.017255   -0.001387    0.022101
   17.539000    0.015010    0.047963    0.026983
    7.343000   -0.016103   -0.008659   -0.035594
   14.154000   -0.020196   -0.031451    0.028960
    3.405000    0.006883   -0.007970    0.032252
   15.959000    0.032506   -0.016302    0.010637
    5.435000   -0.001140    0.010920    0.014739
    8.654000    0.004991   -0.022559   -0.018202
   15.442000    0.021140   -0.032159    0.021648
    7.109000   -0.017099   -0.004547   -0.032262
   17.007000    0.032329    0.032342   -0.008311
    1.663000   -0.002248   -0.008754    0.031055
    2.283000    0.000343   -0.010446    0.029829
    9.451000    0.018208   -0.015554   -0.000751
   16.547000    0.037024    0.009942   -0.000982
   11.924000   -0.008610    0.034211   -0.019480
    0.945000   -0.001375   -0.003191   -0.009772
    2.514000    0.003087   -0.008171   -0.015734
    8.777000    0.007518   -0.021688   -0.028952
   13.470000   -0.035659   -0.010894   -0.011965
   10.422000    0.023902    0.010571   -0.015860
    9.136000    0.012454   -0.021775    0.029396
   17.992000   -0.002908    0.060562   -0.027376
   19.352000   -0.059515    0.005808   -0.012477
    3.365000    0.007156   -0.007425    0.021984
    1.556000   -0.001733   -0.006948    0.010602
    1.759000   -0.000694   -0.006215   -0.014780
    0.352000   -0.000884   -0.004364    0.024227
    1.013000   -0.002266   -0.005544    0.024506
   18.774000   -0.043540    0.035675   -0.008981
   18.158000   -0.011500    0.058816   -0.025315
   17.249000    0.026310    0.042558   -0.005663
    1.357000   -0.002363   -0.006550    0.017814
   11.128000    0.011826    0.023075    0.037568
   10.552000    0.022510    0.013329   -0.005069
   18.241000   -0.016029    0.056893   -0.025802
   12.826000   -0.034325    0.009924    0.008760
   16.251000    0.036787   -0.002903   -0.009864
    3.543000    0.009331   -0.003520   -0.018098
   17.496000    0.017388    0.049068    0.007989
    1.253000   -0.001947   -0.005092    0.004054
   17.201000    0.028548    0.043350   -0.027121
   18.220000   -0.015428    0.054641   -0.003453
   13.807000   -0.029925   -0.023060    0.028193
    9.815000    0.021177   -0.009147    0.023771
    6.679000   -0.016806   -0.000185    0.019434
    9.609000    0.021370   -0.010138   -0.034734
   14.998000    0.008638   -0.037997    0.018685
    2.894000    0.004895   -0.009047    0.007052
    2.879000    0.005278   -0.008238   -0.006451
   12.726000   -0.032193    0.016133   -0.034480
   10.509000    0.022777    0.011938   -0.003824
   19.602000   -0.058503   -0.008355    0.016915
    5.936000   -0.007935    0.011476   -0.011964
   13.582000   -0.034363   -0.014141   -0.019076
   10.111000    0.023162   -0.000314    0.008044
    8.784000    0.007461   -0.022205   -0.016845
   13.783000   -0.030278   -0.021297    0.006524
   11.090000    0.014724    0.027546   -0.009734
    4.221000    0.009643    0.002181    0.000034
    6.440000   -0.014101    0.006401   -0.020002
    5.470000   -0.002496    0.009258    0.036566
    0.068000    0.000904   -0.001971   -0.013684
   11.671000   -0.001839    0.031020    0.017834
    5.075000    0.003341    0.009828    0.012476
    3.586000    0.008363   -0.005556    0.016139
    4.032000    0.008605   -0.001992    0.032531
   11.874000   -0.007922    0.031570    0.008835
    5.303000    0.002034    0.014544   -0.028683
    7.371000   -0.015976   -0.009217   -0.036070
    2.852000    0.005673   -0.006883   -0.026607
    1.994000   -0.000917   -0.009389    0.024743
    9.233000    0.014073   -0.020343    0.022773
   10.374000    0.024653    0.010409   -0.029333
    6.742000   -0.016434    0.002070   -0.031379
    0.605000   -0.001116   -0.003685    0.010765
    8.322000   -0.001458   -0.021158   -0.033290
   18.424000   -0.025663    0.051569   -0.024348
    4.352000    0.009869    0.005231   -0.017833
   13.348000   -0.036914   -0.008891    0.023950
   15.699000    0.028868   -0.023515   -0.014304
   17.613000    0.011550    0.048404    0.036415
   13.535000   -0.035059   -0.011574   -0.042677
    5.103000    0.002299    0.007919    0.034561
   19.953000   -0.050720   -0.024533    0.022389
   19.754000   -0.056297   -0.015489    0.017628
    1.129000   -0.001635   -0.004609    0.002485
   10.350000    0.023380    0.007000    0.000729
    5.851000   -0.006436    0.011807   -0.009018
   14.598000   -0.005032   -0.037896    0.028595
   15.929000    0.034071   -0.014656   -0.031988
   15.053000    0.010411   -0.037377    0.011784
    1.615000   -0.001069   -0.005997   -0.009406
   19.353000   -0.059853    0.007460   -0.040825
    8.884000    0.009910   -0.020889   -0.033626
   12.881000   -0.035108    0.011054   -0.037558
   16.152000    0.036853   -0.006013   -0.024118
   18.105000   -0.009447    0.057346   -0.011123
    2.510000    0.003033   -0.008194   -0.014248
   19.815000   -0.054858   -0.017145   -0.004724
    0.128000    0.000779   -0.001714   -0.017216
   10.345000    0.022186    0.004532    0.026469
    6.002000   -0.009557    0.008183    0.023098
    6.942000   -0.017981   -0.005072    0.023268
   15.660000    0.027758   -0.024973   -0.008321
   18.097000   -0.011331    0.051176    0.040861
    7.892000   -0.009754   -0.018312   -0.010943
   10.332000    0.023559    0.006500   -0.002399
    8.285000   -0.002371   -0.021532   -0.020367
    4.598000    0.008956    0.008716   -0.025233
   17.804000    0.006037    0.059547   -0.023760
   10.253000    0.021854    0.001035    0.037437
   11.066000    0.015891    0.029350   -0.028325
    5.395000    0.000201    0.013130   -0.010545
   11.714000   -0.003253    0.031098    0.020117
    8.220000   -0.004116   -0.022301    0.000716
    9.043000    0.012114   -0.020575   -0.013357
    8.291000   -0.003201   -0.023301    0.012690
   19.405000   -0.059717    0.002709   -0.006997
    6.892000   -0.017678   -0.002919    0.002946
   18.757000   -0.042884    0.035550   -0.000785
    9.058000    0.010799   -0.022964    0.033371
   19.128000   -0.055507    0.016956   -0.002795
    1.887000    0.000236   -0.005391   -0.034859
   11.298000    0.010210    0.032232   -0.017983
    9.994000    0.022062   -0.005053    0.027546
    6.633000   -0.015976    0.001834   -0.000775
    1.069000   -0.001560   -0.004052   -0.004542
    0.199000    0.000270   -0.002516   -0.002762
    3.436000    0.007413   -0.007244    0.023252
    4.308000    0.008320    0.001367    0.026231
   11.498000    0.003762    0.031262    0.007811
    9.094000    0.012029   -0.021922    0.019627
    8.882000    0.008330   -0.023353    0.013759
   19.494000   -0.060480    0.000437   -0.047162
   16.994000    0.033726    0.034688   -0.031548
   15.513000    0.023717   -0.029875    0.007071
    0.846000   -0.001810   -0.004372    0.014576
   15.042000    0.010864   -0.036582   -0.010649
   11.623000    0.000973    0.035339   -0.018701
   15.024000    0.009873   -0.037202    0.004154
    3.402000    0.007976   -0.006206    0.004323
   16.980000    0.032546    0.030834   -0.003822
    6.802000   -0.017150   -0.001490    0.003244
    4.759000    0.007823    0.010498   -0.026954
    9.652000    0.021794   -0.009344   -0.030712
   10.581000    0.022572    0.015149   -0.017078
   14.187000   -0.018257   -0.029392   -0.036431
   10.583000    0.022606    0.014804   -0.011909
   13.425000   -0.036314   -0.009537   -0.008020
   19.151000   -0.056729    0.017291   -0.026713
   10.350000    0.021774    0.004273    0.034221
   11.562000    0.001745    0.031540    0.010429
   18.652000   -0.038046    0.039995    0.003763
   16.538000    0.036325    0.008271    0.012453
    4.176000    0.009103    0.000557    0.017036
   16.810000    0.036535    0.025615   -0.028191
    0.882000   -0.001520   -0.004280    0.008558
    3.906000    0.009685   -0.001283    0.000362
    6.667000   -0.016507    0.001019    0.002459
    6.356000   -0.013383    0.006999   -0.011521
   15.159000    0.014561   -0.035332   -0.012006
   17.679000    0.009376    0.051553    0.022993
    3.537000    0.009385   -0.003618   -0.016831
    0.324000   -0.000115   -0.002610   -0.002788
    0.185000    0.000754   -0.001724   -0.014917
   12.426000   -0.025278    0.021611    0.008678
    0.324000   -0.000829   -0.004564    0.025979
    9.439000    0.017241   -0.016695    0.016679
    2.518000    0.003153   -0.007665   -0.022712
    6.628000   -0.016212    0.002040   -0.002931
    9.102000    0.011958   -0.022065    0.025195
   17.183000    0.027936    0.039787   -0.004933
   11.086000    0.013647    0.024183    0.019419
    7.913000   -0.009114   -0.017949   -0.025541
   15.368000    0.019767   -0.033190    0.012510
    1.390000   -0.001655   -0.005387   -0.002613
   17.530000    0.016898    0.052849   -0.012032
    6.312000   -0.012636    0.008180   -0.018931
    2.512000    0.003521   -0.007030   -0.030610
   17.347000    0.023411    0.046865   -0.010287
    8.605000    0.003133   -0.024062    0.012731
    2.968000    0.004643   -0.010185    0.030054
    5.178000    0.002788    0.011523   -0.002707
    0.304000    0.000659   -0.000766   -0.029777
    1.187000   -0.001304   -0.003237   -0.021809
   10.310000    0.024769    0.008023   -0.027409
   18.851000   -0.046973    0.030530    0.003425
   11.128000    0.011901    0.023493    0.036821
    7.128000   -0.017316   -0.006211   -0.009132
    9.260000    0.014686   -0.019648    0.019963
   14.636000   -0.002987   -0.037108    0.005232
    5.082000    0.003031    0.008679    0.025388
   14.145000   -0.019586   -0.028206   -0.040607
   18.853000   -0.047019    0.030608    0.005465
   13.127000   -0.037594   -0.001858    0.030762
    3.971000    0.010424    0.001045   -0.019928
   11.543000    0.003624    0.036076   -0.026966
   14.717000    0.000574   -0.036106   -0.037364
   19.421000   -0.059263    0.001528    0.002495
   19.404000   -0.059743    0.003453   -0.016623
    3.897000    0.009191   -0.002531    0.017798
   15.605000    0.025463   -0.027925    0.015742
   13.733000   -0.031552   -0.020319    0.016327
    0.333000   -0.000695   -0.004343    0.020803
    2.398000    0.002467   -0.007266   -0.026364
   15.328000    0.019667   -0.032587   -0.016032
    7.948000   -0.009411   -0.020795    0.021617
   14.905000    0.006754   -0.036564   -0.028117
    2.947000    0.006143   -0.007002   -0.019055
   13.495000   -0.035717   -0.010782   -0.031226
   17.848000    0.003215    0.057369   -0.005436
    6.825000   -0.016716    0.000656   -0.032007
   15.125000    0.012725   -0.036605    0.010926
   19.923000   -0.052696   -0.020084   -0.043892
   15.179000    0.015289   -0.034695   -0.017301
    4.766000    0.007524    0.009943   -0.019417
    6.844000   -0.017782   -0.003172    0.021281
   10.472000    0.021003    0.007106    0.038659
    0.261000    0.000309   -0.002154   -0.006543
    3.921000    0.008405   -0.003826    0.037391
   10.959000    0.016603    0.023048    0.003141
   19.307000   -0.058563    0.006306    0.021282
    9.110000    0.013295   -0.020221   -0.005700
   12.723000   -0.032894    0.011951    0.026943
   18.995000   -0.052410    0.021140    0.037296
    1.987000    0.000538   -0.005782   -0.035212
   19.689000   -0.058298   -0.010314   -0.026812
    5.213000    0.001911    0.011152    0.003324
   10.254000    0.024288    0.005420   -0.014871
   19.265000   -0.057946    0.008121    0.025538
   15.739000    0.030229   -0.021610   -0.026139
    5.867000   -0.006867    0.011723   -0.008995
    8.183000   -0.005179   -0.022622    0.013321
    3.884000    0.009127   -0.002851    0.018637
    3.284000    0.007364   -0.006621   -0.000915
    5.822000   -0.006468    0.010622    0.006994
    1.265000   -0.001914   -0.005397    0.005457
   11.552000    0.002574    0.032939   -0.002640
   19.617000   -0.059415   -0.006439   -0.029663
   18.411000   -0.024994    0.052740   -0.030512
    0.207000    0.000609   -0.001806   -0.015151
   16.149000    0.034838   -0.008764    0.010610
    5.975000   -0.008048    0.011961   -0.019826
   12.092000   -0.014058    0.031744   -0.019176
    4.138000    0.009140   -0.000141    0.019030
    2.374000    0.002599   -0.006879   -0.032612
   15.413000    0.020443   -0.032865    0.025135
   15.465000    0.022454   -0.030932    0.004697
   18.345000   -0.023182    0.048657    0.022330
   18.870000   -0.047466    0.028911    0.015058
    4.206000    0.009598    0.001965    0.001462
    8.693000    0.004566   -0.024419    0.019415
    5.322000    0.001554    0.014734   -0.030190
    4.523000    0.008423    0.005417    0.001912
    1.437000   -0.001811   -0.005933    0.005769
   17.385000    0.019817    0.041594    0.042959
   10.997000    0.014994    0.021523    0.028892
   13.303000   -0.037408   -0.007584    0.028184
    6.208000   -0.012389    0.005829    0.026803
   13.031000   -0.036803    0.002987    0.007925
    6.771000   -0.017623   -0.002249    0.029375
    6.654000   -0.017112   -0.000322    0.027259
   11.351000    0.009092    0.033488   -0.021675
   13.013000   -0.036638    0.003804    0.003243
    6.695000   -0.016222    0.001788   -0.015062
    2.917000    0.005319   -0.008388   -0.001331
   13.091000   -0.037112    0.002137   -0.015066
   18.767000   -0.043526    0.034610    0.005082
   14.937000    0.006489   -0.038578    0.022435
    1.308000   -0.001132   -0.003102   -0.032274
    3.634000    0.008455   -0.005048    0.015004
    5.158000    0.002059    0.009237    0.024656
    7.494000   -0.015985   -0.015134    0.033573
   17.769000    0.007320    0.058632   -0.020173
    6.887000   -0.017687   -0.003722    0.018216
   16.837000    0.032700    0.019960    0.038794
    1.345000   -0.001691   -0.005125   -0.003017
   13.887000   -0.027832   -0.024306    0.008865
   11.776000   -0.004092    0.033947   -0.008938
    0.545000   -0.000956   -0.003328    0.006600
   19.151000   -0.055906    0.014281    0.022712
    9.309000    0.016708   -0.017020   -0.015448
    9.909000    0.022811   -0.005134   -0.000468
    0.867000   -0.001389   -0.003937    0.004941
    9.522000    0.019974   -0.012728   -0.020214
   17.697000    0.010719    0.058062   -0.023700
    8.410000   -0.000265   -0.022820   -0.008644
   13.470000   -0.035957   -0.011893    0.007073
    4.111000    0.010419    0.002335   -0.015190
    4.836000    0.006241    0.008612    0.002985
   12.501000   -0.027292    0.019281    0.014697
   17.797000    0.004923    0.055226    0.005981
    0.314000    0.000585   -0.001153   -0.022284
    2.494000    0.002696   -0.008503   -0.005663
   19.350000   -0.060210    0.007849   -0.044932
   19.482000   -0.060535    0.000789   -0.043751
    5.804000   -0.006004    0.011467   -0.001268
   19.485000   -0.060294   -0.000103   -0.029421
    2.053000   -0.000909   -0.010138    0.034282
    7.726000   -0.013009   -0.017994    0.021650
    6.935000   -0.017116   -0.001136   -0.034828
   12.977000   -0.036703    0.003228    0.035483
   15.168000    0.014708   -0.035251   -0.012683
    2.539000    0.002089   -0.010472    0.023219
    7.182000   -0.017360   -0.008084    0.001561
   13.549000   -0.034995   -0.014865    0.016527
   12.139000   -0.015963    0.030703   -0.016132
   13.837000   -0.029207   -0.023460    0.017395
    2.955000    0.006445   -0.006436   -0.028527
   11.474000    0.005261    0.033319   -0.010992
   17.389000    0.021969    0.047997   -0.007948
    9.788000    0.021384   -0.009026    0.011288
   13.968000   -0.025151   -0.025096   -0.019187
   19.388000   -0.060307    0.005399   -0.038475
    9.077000    0.012692   -0.020187   -0.013588
   18.223000   -0.016933    0.051351    0.022573
   17.033000    0.029653    0.029431    0.032371
    8.351000   -0.001959   -0.023708    0.013719
    2.945000    0.006369   -0.006010   -0.033654
   19.821000   -0.055294   -0.016529   -0.025124
    8.321000   -0.001328   -0.021122   -0.034633
   12.295000   -0.021802    0.023250    0.028438
    8.357000   -0.000931   -0.022121   -0.019547
   12.801000   -0.034155    0.009758    0.020287
   16.236000    0.037849   -0.001854   -0.031611
    0.355000   -0.001250   -0.005295    0.037466
    3.403000    0.009140   -0.003857   -0.029843
    2.597000    0.002499   -0.010041    0.018182
    9.930000    0.023166   -0.004248   -0.006752
    2.995000    0.005745   -0.007927   -0.000902
    6.964000   -0.018128   -0.005801    0.032175
    8.221000   -0.004231   -0.022318    0.005849
    1.318000   -0.002443   -0.006555    0.021215
    2.152000   -0.000417   -0.010114    0.028989
   19.899000   -0.053697   -0.019127   -0.041758
    4.561000    0.007163    0.003642    0.031680
   12.117000   -0.015700    0.028715    0.004382
    9.539000    0.018235   -0.015546    0.028108
   15.479000    0.022726   -0.030768    0.007696
   12.912000   -0.035398    0.007535   -0.001336
    1.769000   -0.000470   -0.005587   -0.022097
    0.976000   -0.002568   -0.005980    0.032021
   12.899000   -0.035351    0.010006   -0.029794
   17.407000    0.018979    0.042555    0.039736
   13.762000   -0.030777   -0.019194   -0.028382
    7.598000   -0.013553   -0.013201   -0.033084
    7.502000   -0.014667   -0.011873   -0.028517
   14.976000    0.009539   -0.035849   -0.038935
    9.630000    0.019770   -0.012781    0.013818
    2.258000    0.000607   -0.009856    0.020039
   16.487000    0.039085    0.010306   -0.035354
    1.226000   -0.001422   -0.003726   -0.015271
    7.370000   -0.016224   -0.011444    0.006239
    6.730000   -0.016450    0.002735   -0.035965
   14.117000   -0.020456   -0.027775   -0.037054
   14.279000   -0.016049   -0.033630    0.026601
   15.735000    0.029601   -0.022368   -0.016629
   18.873000   -0.048061    0.027565    0.031055
    7.903000   -0.009909   -0.019600    0.010360
   16.564000    0.035048    0.007761    0.035248
    1.026000   -0.001117   -0.003000   -0.016118
   15.903000    0.031168   -0.018723    0.017215
   18.777000   -0.044285    0.032509    0.025743
    4.612000    0.007554    0.005516    0.014957
   19.266000   -0.058757    0.011387   -0.031970
   13.007000   -0.036665    0.003327    0.013910
    9.931000    0.023425   -0.003972   -0.010879
    7.508000   -0.015066   -0.013947    0.007193
   13.104000   -0.037187    0.000819    0.000289
    1.551000   -0.001560   -0.006423    0.001219
   19.373000   -0.059358    0.004802   -0.011170
   14.945000    0.007521   -0.037351   -0.001588
    6.540000   -0.016204    0.001408    0.030335
   17.496000    0.017252    0.049059    0.008344
   15.110000    0.012860   -0.035988   -0.009220
   15.786000    0.031199   -0.020058   -0.024681
   17.707000    0.010352    0.059071   -0.029335
   14.136000   -0.020613   -0.030901    0.022634
   14.499000   -0.007843   -0.036022    0.008111
    1.864000   -0.001300   -0.008447    0.014852
   16.316000    0.038640    0.002421   -0.035749
    1.531000   -0.001115   -0.004595   -0.024102
    5.724000   -0.006063    0.008659    0.037864
    8.524000    0.002203   -0.022781   -0.016415
   15.232000    0.017091   -0.033623   -0.026598
   15.317000    0.018027   -0.034418    0.018433
   15.061000    0.011740   -0.035850   -0.023290
    4.604000    0.008953    0.008742   -0.025202
   18.007000   -0.003940    0.059897   -0.023027
    6.218000   -0.011759    0.008653   -0.012588
   15.544000    0.024657   -0.028587   -0.000068
   17.937000   -0.000462    0.059827   -0.022336
    0.953000   -0.002383   -0.005674    0.030328
    1.472000   -0.001251   -0.004950   -0.014352
    2.541000    0.002222   -0.010149    0.017243
    8.600000    0.002953   -0.024367    0.017808
   14.927000    0.007778   -0.036245   -0.031720
   16.762000    0.035699    0.020097   -0.001017
    1.782000   -0.001717   -0.008646    0.025450
    3.957000    0.009775   -0.000705    0.001464
   10.148000    0.023681    0.001114   -0.000091
   15.991000    0.033228   -0.014824    0.006316
    0.102000   -0.000144   -0.004483    0.023166
    9.995000    0.024262   -0.000901   -0.026747
    5.006000    0.005140    0.011512   -0.012678
    2.893000    0.004278   -0.009929    0.022200
    4.298000    0.010440    0.005778   -0.029433
   15.026000    0.009704   -0.037681    0.013088
   16.280000    0.036327   -0.002624    0.003855
    9.134000    0.014410   -0.018314   -0.036522
   16.280000    0.037873   -0.000472   -0.023930
    0.233000    0.000645   -0.001560   -0.018903
    7.279000   -0.016461   -0.007618   -0.035988
   17.042000    0.032634    0.037005   -0.031934
   11.184000    0.013099    0.031091   -0.023455
    2.910000    0.005432   -0.007963   -0.006990
    2.265000    0.000867   -0.009397    0.009478
    1.787000   -0.001556   -0.008612    0.023919
    7.553000   -0.013956   -0.012499   -0.031963
    1.755000   -0.000952   -0.006800   -0.005446
    8.486000    0.001908   -0.021866   -0.032367
   16.295000    0.037626   -0.000115   -0.020282
    0.537000   -0.000138   -0.001476   -0.019528
    9.996000    0.023861   -0.001782   -0.017162
    2.383000    0.000721   -0.011028    0.036882
    7.747000   -0.011644   -0.015420   -0.035909
   12.142000   -0.017045    0.026761    0.022707
    0.441000   -0.001410   -0.005175    0.034325
    4.991000    0.003785    0.007894    0.028122
    4.614000    0.006887    0.004155    0.030496
   10.968000    0.017732    0.026333   -0.024402
   13.517000   -0.035291   -0.012178   -0.016492
   11.957000   -0.009744    0.034320   -0.024123
    8.670000    0.003980   -0.024752    0.024690
   17.379000    0.023144    0.050458   -0.027977
   11.777000   -0.005082    0.030643    0.021516
    8.833000    0.007219   -0.023816    0.018171
   16.401000    0.037985    0.004632   -0.019036
    0.348000   -0.000298   -0.002853    0.001322
   13.671000   -0.032797   -0.016105   -0.039014
    6.174000   -0.011739    0.006843    0.018790
   17.357000    0.022883    0.046653   -0.007002
   16.174000    0.036681   -0.005444   -0.020046
    9.629000    0.020881   -0.010977   -0.015698
    7.189000   -0.016849   -0.005924   -0.035233
    3.372000    0.007488   -0.006798    0.013818
   15.744000    0.029271   -0.022774   -0.001787
    5.323000    0.000801    0.011574    0.001772
   13.799000   -0.030269   -0.023025    0.028754
    4.969000    0.004513    0.009169    0.009932
   16.330000    0.034966   -0.002615    0.032711
   13.855000   -0.028395   -0.021938   -0.024838
    3.036000    0.006985   -0.006061   -0.030429
   10.940000    0.015426    0.018868    0.040588
   15.819000    0.031914   -0.018883   -0.025719
    8.391000   -0.000271   -0.021729   -0.030461
    2.632000    0.002406   -0.010620    0.028393
   16.364000    0.038903    0.004339   -0.035979
   14.276000   -0.016041   -0.033372    0.022334
    6.270000   -0.013278    0.005181    0.027191
    7.221000   -0.016991   -0.007100   -0.025661
   16.812000    0.033505    0.019826    0.025748
    3.571000    0.007794   -0.006240    0.026009
   10.880000    0.018576    0.022768   -0.009733
   17.590000    0.014967    0.055501   -0.019402
   16.113000    0.033482   -0.011351    0.029880
    9.665000    0.019245   -0.013172    0.035610
   17.060000    0.030062    0.032592    0.011827
    5.473000   -0.002415    0.009390    0.031749
   16.589000    0.037504    0.013185   -0.012196
    0.182000   -0.000534   -0.004727    0.029680
   18.610000   -0.036114    0.041436    0.005495
   10.292000    0.023399    0.004979    0.004693
    0.546000   -0.001250   -0.004529    0.023988
    4.037000    0.008994   -0.001467    0.023176
   16.849000    0.034016    0.023044    0.010956
    9.564000    0.020644   -0.011510   -0.025051
    1.722000   -0.000671   -0.005623   -0.020789
   16.498000    0.036755    0.007214    0.005951
   19.035000   -0.053299    0.022227   -0.005869
    2.572000    0.003712   -0.007047   -0.031847
   11.279000    0.010176    0.030801   -0.008040
   11.565000    0.003059    0.035694   -0.024525
    6.563000   -0.016399    0.000468    0.035882
   13.918000   -0.026589   -0.024457   -0.004352
   17.089000    0.030462    0.035819   -0.006893
    9.338000    0.016566   -0.017492    0.001494
   10.166000    0.022797    0.000154    0.016829
    7.332000   -0.017302   -0.012219    0.029771
   17.906000    0.000854    0.059857   -0.021568
    4.296000    0.010374    0.005157   -0.025428
   14.318000   -0.014487   -0.033853    0.017472
    4.521000    0.009447    0.008628   -0.033279
   16.473000    0.037913    0.007496   -0.014189
    9.516000    0.019776   -0.013166   -0.018349
    5.189000    0.003388    0.013933   -0.027497
    6.939000   -0.017438   -0.002544   -0.014108
    1.030000   -0.001385   -0.003509   -0.008157
   18.320000   -0.020772    0.052937   -0.009572
    2.478000    0.003320   -0.006894   -0.031731
   16.532000    0.035507    0.006891    0.028299
    0.296000    0.000780   -0.000517   -0.030082
   10.252000    0.024531    0.006079   -0.022450
    0.741000   -0.001421   -0.003839    0.010943
   15.101000    0.011774   -0.037392    0.021011
   16.234000    0.037376   -0.002626   -0.022322
    1.571000   -0.001943   -0.007562    0.020586
   12.535000   -0.027806    0.022472   -0.032339
    8.366000   -0.002058   -0.024613    0.030982
    6.824000   -0.017897   -0.003398    0.029472
    9.582000    0.018482   -0.015086    0.035532
    8.231000   -0.003831   -0.021841   -0.009479
    0.190000    0.000462   -0.002374   -0.005194
   19.970000   -0.050368   -0.023543   -0.012208
    3.268000    0.008441   -0.004551   -0.033587
    2.334000    0.001952   -0.007544   -0.021127
    3.322000    0.007601   -0.006852    0.004928
   19.052000   -0.053621    0.020391    0.008455
   10.928000    0.017863    0.024028   -0.009897
   14.764000    0.001174   -0.037847    0.006248
   15.311000    0.019901   -0.031960   -0.040685
   15.685000    0.027544   -0.025131    0.007079
   19.498000   -0.060199   -0.000933   -0.025255
   11.732000   -0.004367    0.029341    0.035774
   10.667000    0.022103    0.018172   -0.020720
   13.174000   -0.037352   -0.002398    0.014677
   11.616000    0.000895    0.034134   -0.010363
   16.078000    0.035868   -0.009395   -0.021059
   12.086000   -0.013891    0.033065   -0.030265
    3.597000    0.007985   -0.006099    0.027234
   12.836000   -0.034394    0.012458   -0.033872
   10.434000    0.022902    0.009390   -0.000326
   12.147000   -0.017465    0.026093    0.029540
   16.910000    0.035185    0.030361   -0.029469
   18.577000   -0.035024    0.041456    0.020953
   18.200000   -0.014914    0.054518    0.000693
   10.103000    0.024636    0.001743   -0.024828
   11.957000   -0.009562    0.035310   -0.032245
    3.718000    0.010290   -0.001225   -0.026603
    7.509000   -0.015518   -0.014730    0.025073
    1.200000   -0.001777   -0.004592    0.000313
    0.434000   -0.001372   -0.004787    0.030685
   16.851000    0.035308    0.026018   -0.015575
    0.485000    0.000170   -0.000901   -0.027535
    9.842000    0.021289   -0.008542    0.024757
   12.846000   -0.034390    0.010809   -0.017340
   12.037000   -0.013127    0.029729    0.007430
    1.076000   -0.001085   -0.002545   -0.024350
   10.024000    0.021611   -0.004778    0.037598
   14.427000   -0.009785   -0.033402   -0.032857
   12.683000   -0.031511    0.015751   -0.007053
    3.615000    0.009427   -0.003271   -0.013210
   15.797000    0.031085   -0.020125   -0.019460
    3.380000    0.008038   -0.006097    0.000940
   11.058000    0.014359    0.024281    0.012338
    7.825000   -0.010896   -0.017796   -0.004098
   12.826000   -0.034196    0.011652   -0.016549
    1.752000   -0.000517   -0.005826   -0.020136
   18.042000   -0.008227    0.051657    0.041059
   15.765000    0.031109   -0.020316   -0.032738
    3.954000    0.010137   -0.000185   -0.006161
   18.228000   -0.016231    0.053275    0.006840
    4.096000    0.009948    0.000941   -0.000946
   11.372000    0.006120    0.027315    0.033218
    8.965000    0.011262   -0.020494   -0.031294
    0.718000   -0.001838   -0.004725    0.023785
   10.245000    0.024658    0.005655   -0.022666
    2.015000    0.000339   -0.006683   -0.018860
   14.653000   -0.003186   -0.038220    0.028394
    7.283000   -0.017361   -0.010905    0.024585
    8.142000   -0.005709   -0.022098    0.007366
   17.703000    0.009902    0.056960   -0.014882
   13.763000   -0.030728   -0.021355    0.017009
   13.421000   -0.036388   -0.009404   -0.009256
    0.457000   -0.000492   -0.002904    0.002141
    3.122000    0.006558   -0.007408   -0.000902
    0.350000    0.000319   -0.001699   -0.014801
   13.882000   -0.027707   -0.024005    0.002706
   11.346000    0.009239    0.033897   -0.026331
    0.449000    0.000234   -0.000946   -0.026256
    5.613000   -0.004047    0.010029    0.023547
    2.606000    0.002825   -0.009832    0.013943
   10.146000    0.022163   -0.001458    0.034077
    1.244000   -0.002559   -0.006528    0.024213
   18.916000   -0.049376    0.026095    0.023803
   17.336000    0.021616    0.040736    0.035590
    3.203000    0.007058   -0.006884   -0.002468
   17.612000    0.013490    0.053924   -0.005945
    0.653000   -0.001908   -0.004993    0.028391
   16.618000    0.037318    0.014131   -0.010717
   11.914000   -0.008529    0.033237   -0.009712
    1.691000   -0.001925   -0.007982    0.020339
   10.368000    0.024691    0.010408   -0.030587
    7.226000   -0.016777   -0.006728   -0.035418
    7.613000   -0.014354   -0.016244    0.022304
   11.882000   -0.006913    0.036006   -0.031647
    8.729000    0.004915   -0.024973    0.031129
    2.606000    0.004006   -0.007242   -0.026055
   16.860000    0.035541    0.027551   -0.023248
   17.176000    0.027151    0.036963    0.015839
    9.532000    0.019356   -0.013600   -0.004734
    6.279000   -0.012983    0.006129    0.010793
   12.808000   -0.033936    0.009891    0.014519
    8.404000    0.000205   -0.021866   -0.030799
    6.738000   -0.016477    0.002354   -0.031272
   14.756000    0.002017   -0.035975   -0.037988
    3.745000    0.009519   -0.002636   -0.002647
    1.924000    0.000291   -0.005424   -0.035803
   18.708000   -0.040230    0.040818   -0.031298
    2.712000    0.004758   -0.006824   -0.033645
    6.810000   -0.017336   -0.002009    0.013630
   11.170000    0.012583    0.028448   -0.003073
   10.582000    0.023077    0.016267   -0.024978
   13.291000   -0.037099   -0.004332   -0.022966
    6.342000   -0.012996    0.008003   -0.021952
   18.152000   -0.014044    0.050720    0.039923
    0.126000    0.000345   -0.002785   -0.001427
    6.761000   -0.016875    0.000001   -0.005048
    2.882000    0.005590   -0.007061   -0.021658
   10.377000    0.021701    0.005104    0.030744
    7.136000   -0.017685   -0.007927    0.013718
   10.241000    0.023688    0.003679   -0.000933
   17.030000    0.032170    0.034459   -0.015067
   18.749000   -0.043279    0.032673    0.039045
   11.188000    0.012903    0.030402   -0.016760
   13.153000   -0.037196   -0.001292    0.005504
    2.028000   -0.000819   -0.009505    0.023685
   18.233000   -0.015820    0.055555   -0.013327
   14.797000    0.003141   -0.036691   -0.026109
   15.269000    0.018663   -0.032465   -0.041207
   12.942000   -0.035839    0.005579    0.014578
   17.930000   -0.000913    0.056936   -0.001406
   10.962000    0.017877    0.026288   -0.025385
    7.552000   -0.014468   -0.013919   -0.005593
   15.542000    0.025578   -0.027579   -0.024364
   13.067000   -0.037130    0.001495    0.009431
   15.927000    0.034275   -0.014388   -0.034638
   14.140000   -0.019628   -0.028534   -0.030712
    0.605000   -0.000342   -0.001817   -0.017088
    3.521000    0.008914   -0.004455   -0.007816
    0.123000    0.000555   -0.002672   -0.001595
   17.661000    0.011354    0.054404   -0.002325
    5.450000   -0.001593    0.010855    0.015228
    4.894000    0.006576    0.011438   -0.023958
    8.149000   -0.005650   -0.022157    0.011453
   19.447000   -0.059457    0.000046    0.005959
    4.191000    0.009844    0.002609   -0.008480
    1.317000   -0.001240   -0.004075   -0.019402
   19.994000   -0.049245   -0.026383    0.025479
    7.141000   -0.017262   -0.006246   -0.014851
   15.995000    0.034735   -0.012543   -0.025009
    4.976000    0.006002    0.013118   -0.031995
    8.546000    0.001415   -0.024699    0.024142
   15.658000    0.027206   -0.025792    0.003049
    7.649000   -0.013843   -0.016540    0.014759
    1.515000   -0.001625   -0.006164    0.003314
    2.643000    0.003769   -0.008429   -0.009678
   10.305000    0.023689    0.006060   -0.005060
   13.801000   -0.029911   -0.020720   -0.019343
   18.153000   -0.013869    0.051326    0.036099
   16.989000    0.032380    0.031350   -0.005979
    2.348000    0.000607   -0.010629    0.028208
   14.336000   -0.013084   -0.031925   -0.040425
   17.841000    0.002170    0.053233    0.025135
   11.185000    0.013040    0.030759   -0.019780
   17.890000    0.000992    0.056461    0.002484
   17.326000    0.021683    0.039639    0.041668
   12.868000   -0.035052    0.007575    0.019420
   17.888000    0.001805    0.060022   -0.021630
    3.669000    0.008080   -0.005567    0.029600
    8.420000    0.000591   -0.021372   -0.037834
    3.812000    0.008313   -0.004658    0.037551
   16.598000    0.037481    0.013277   -0.011562
   18.851000   -0.046735    0.033817   -0.031721
    7.718000   -0.011979   -0.015369   -0.025724
    5.367000   -0.000445    0.010171    0.020643
   11.147000    0.011877    0.024328    0.030215
    7.004000   -0.017124   -0.002898   -0.028757
   11.325000    0.008676    0.030538    0.002089
    4.166000    0.010633    0.004098   -0.029530
   12.642000   -0.030561    0.015787    0.006765
   10.052000    0.023998   -0.000213   -0.014269
    6.383000   -0.014496    0.004047    0.023753
   13.291000   -0.037156   -0.004873   -0.014978
    7.415000   -0.016488   -0.013748    0.031038
    4.802000    0.005347    0.006151    0.029568
    4.466000    0.009297    0.005966   -0.010373
    8.216000   -0.004838   -0.023168    0.021399
   19.688000   -0.057735   -0.011511    0.002508
   18.038000   -0.005435    0.059667   -0.024287
   17.766000    0.007902    0.059774   -0.027808
   16.514000    0.036705    0.007857    0.006284
    3.247000    0.007045   -0.007430    0.009444
   14.597000   -0.003634   -0.035170   -0.038658
   19.354000   -0.059961    0.007363   -0.037172
   15.547000    0.023732   -0.029897    0.024278
    6.687000   -0.017188   -0.000422    0.019956
   16.919000    0.035056    0.031464   -0.032622
   14.249000   -0.016082   -0.030288   -0.042113
   12.272000   -0.021504    0.023426    0.034669
   13.354000   -0.036872   -0.006440   -0.022696
   11.796000   -0.003975    0.036565   -0.030390
    1.666000   -0.001556   -0.007458    0.011256
   16.936000    0.033934    0.030187   -0.015881
    3.918000    0.009796   -0.000895   -0.003509
   17.625000    0.012332    0.052357    0.009666
    0.750000   -0.000957   -0.002748   -0.008177
    5.628000   -0.004666    0.009297    0.034953
    8.154000   -0.004761   -0.020422   -0.029980
    9.432000    0.017568   -0.016157    0.006398
    2.729000    0.003238   -0.010401    0.023382
   15.956000    0.034282   -0.013965   -0.025162
   16.613000    0.038437    0.016180   -0.032132
    3.634000    0.010076   -0.001762   -0.031946
    4.066000    0.010087    0.001343   -0.009087
    7.119000   -0.017443   -0.007286    0.008085
    8.528000    0.001088   -0.024714    0.027816
   16.261000    0.036355   -0.003134   -0.002012
    4.872000    0.004658    0.006476    0.034001
    2.590000    0.001773   -0.011251    0.036805
    2.483000    0.003058   -0.007456   -0.024177
    1.035000   -0.000710   -0.001919   -0.033281
    7.141000   -0.017209   -0.006978   -0.003613
    5.712000   -0.004202    0.014093   -0.026969
    3.015000    0.005838   -0.007871   -0.001596
   19.446000   -0.059395   -0.000520    0.020204
    5.289000   -0.000124    0.008700    0.036785
    0.677000   -0.000993   -0.003325    0.003167
    5.117000    0.002463    0.008688    0.027337
   16.870000    0.035032    0.027009   -0.017347
    8.968000    0.010096   -0.022703    0.015002
    2.377000    0.001584   -0.009466    0.010748
   17.519000    0.015843    0.048325    0.019817
   19.962000   -0.050813   -0.022591   -0.023155
   11.679000   -0.000302    0.036634   -0.029958
   12.408000   -0.025348    0.020270    0.032422
   14.589000   -0.005493   -0.037858    0.028441
   11.715000   -0.002747    0.032484    0.005156
   10.608000    0.022770    0.016678   -0.023974
   16.021000    0.034774   -0.012170   -0.016596
   11.140000    0.012898    0.026720    0.007387
    6.548000   -0.016064    0.001376    0.024929
   19.038000   -0.053593    0.022873   -0.018449
   11.657000   -0.002411    0.028522    0.043501
    9.387000    0.017364   -0.016437   -0.001263
   12.393000   -0.023980    0.023778   -0.004950
   12.289000   -0.020904    0.026689   -0.008197
    0.123000   -0.000172   -0.004135    0.018376
   15.852000    0.032433   -0.017820   -0.024850
   10.148000    0.022351   -0.000788    0.024053
    3.576000    0.007740   -0.006598    0.034126
   10.679000    0.021811    0.018478   -0.021624
   17.247000    0.026549    0.043136   -0.011031
    0.669000   -0.001200   -0.003619    0.006030
   19.058000   -0.053862    0.021011   -0.008862
    4.605000    0.006769    0.004306    0.029377
   16.901000    0.034259    0.027730   -0.010809
    7.621000   -0.013968   -0.015581    0.005791
   10.483000    0.024004    0.013585   -0.029619
   15.006000    0.009570   -0.036976   -0.007479
    9.124000    0.013821   -0.019205   -0.020282
   13.522000   -0.035228   -0.014479    0.025683
   13.939000   -0.026659   -0.026642    0.030279
    9.265000    0.016427   -0.017018   -0.026545
   19.530000   -0.060018   -0.002542   -0.025769
   11.816000   -0.006087    0.031943    0.007963
   19.532000   -0.060455   -0.001786   -0.040447
    6.136000   -0.010587    0.010155   -0.019073
   14.737000    0.000806   -0.037117   -0.009806
    0.606000   -0.000614   -0.002911   -0.002119
   19.452000   -0.060139    0.001366   -0.023429
    3.663000    0.008942   -0.003984    0.006522
   13.763000   -0.030571   -0.018731   -0.042236
    8.771000    0.006641   -0.023407    0.006098
    5.917000   -0.007670    0.010841   -0.003471
    3.714000    0.009529   -0.002511   -0.008428
    8.059000   -0.008038   -0.022628    0.034082
    1.091000   -0.002520   -0.006440    0.030633
   11.813000   -0.005693    0.032004    0.007078
   16.890000    0.035506    0.029456   -0.029606
    3.177000    0.006346   -0.008195    0.012672
    5.564000   -0.003662    0.009083    0.034916
    7.433000   -0.015463   -0.010883   -0.022568
    6.590000   -0.016441    0.000693    0.026713
    4.551000    0.007236    0.003773    0.030784
    9.637000    0.021171   -0.010777   -0.014378
    6.958000   -0.018492   -0.006046    0.037108
    3.003000    0.006617   -0.006550   -0.026312
    3.225000    0.006276   -0.008603    0.026167
    4.933000    0.005029    0.008655    0.012739
   11.055000    0.015695    0.027299   -0.016026
    6.187000   -0.011629    0.007405    0.007916
   12.716000   -0.032161    0.016490   -0.032208
   17.970000   -0.004449    0.052295    0.035369
    4.751000    0.005727    0.005641    0.032973
   18.253000   -0.018161    0.051631    0.017353
   19.199000   -0.057285    0.012126    0.016238
   13.520000   -0.035306   -0.012727   -0.009920
   16.336000    0.038414    0.002734   -0.029739
   16.875000    0.035447    0.028366   -0.025953
   13.954000   -0.025529   -0.025141   -0.012360
   16.472000    0.036603    0.005429    0.010715
    1.161000   -0.002427   -0.006457    0.029940
   11.921000   -0.008752    0.034199   -0.020128
    2.254000    0.000667   -0.009659    0.015781
   11.274000    0.009096    0.027121    0.023721
    1.551000   -0.001306   -0.005265   -0.014635
    7.755000   -0.011495   -0.015827   -0.028954
   12.078000   -0.015739    0.026223    0.039267
   18.304000   -0.019874    0.053183   -0.006917
   13.952000   -0.025721   -0.025982    0.010544
   11.203000    0.011937    0.028685   -0.001832
   14.799000    0.002801   -0.037423   -0.003034
    7.421000   -0.016043   -0.013066    0.017803
    6.712000   -0.016840   -0.000591    0.016220
   19.196000   -0.057124    0.012467    0.014256
   10.759000    0.018186    0.014826    0.038356
    5.188000    0.001508    0.009056    0.027590
   12.270000   -0.019823    0.029048   -0.028110
    1.716000   -0.001660   -0.008172    0.017266
   12.405000   -0.024132    0.026375   -0.034317
    2.441000    0.002580   -0.008382   -0.008452
   12.074000   -0.015234    0.027125    0.031870
    3.266000    0.007478   -0.006685   -0.000915
   13.834000   -0.028886   -0.021752   -0.017568
   15.903000    0.033717   -0.015342   -0.033657
   13.673000   -0.032535   -0.018296    0.008645
   10.617000    0.022004    0.015378   -0.006997
   18.480000   -0.029462    0.046858   -0.000555
   14.619000   -0.003506   -0.036849    0.002147
   10.126000    0.024101    0.001313   -0.009067
   18.610000   -0.036241    0.040391    0.015988
    4.464000    0.008775    0.004816    0.003658
    9.251000    0.015701   -0.018070   -0.013937
    1.286000   -0.002354   -0.006516    0.020138
    3.762000    0.008082   -0.005061    0.034619
    3.102000    0.007392   -0.005548   -0.033877
   16.379000    0.035878    0.000650    0.017103
    3.220000    0.007785   -0.005897   -0.016524
    8.028000   -0.007294   -0.019390   -0.022635
   17.553000    0.014666    0.049191    0.020520
    1.657000   -0.000548   -0.004806   -0.029250
    4.395000    0.008578    0.003251    0.014518
   15.537000    0.025777   -0.027089   -0.034680
    5.329000    0.000588    0.011859    0.001492
    2.482000    0.002260   -0.009554    0.008504
   19.835000   -0.054888   -0.017577   -0.012584
    1.118000   -0.001708   -0.004426    0.002328
   14.161000   -0.018984   -0.029018   -0.028223
    5.948000   -0.007636    0.012750   -0.027185
    2.266000    0.001571   -0.007734   -0.016138
   15.574000    0.025827   -0.027493   -0.008948
   12.295000   -0.021918    0.023020    0.030028
   19.021000   -0.052836    0.020006    0.034962
    4.477000    0.008587    0.005122    0.003262
    5.163000    0.002707    0.010943    0.001787
    4.447000    0.009995    0.007580   -0.030381
    1.044000   -0.002077   -0.005000    0.013179
   13.701000   -0.031985   -0.018341   -0.007478
    3.683000    0.009245   -0.003682    0.001021
   10.555000    0.021284    0.011025    0.017517
    3.869000    0.008793   -0.003221    0.023461
   16.982000    0.030664    0.026948    0.031562
   13.309000   -0.037402   -0.004499   -0.033148
    1.116000   -0.000944   -0.002152   -0.034254
   15.178000    0.014574   -0.035745    0.001379
    9.486000    0.019757   -0.012872   -0.031693
   12.970000   -0.036189    0.005980   -0.010578
   17.016000    0.030015    0.028362    0.031599
    6.837000   -0.016841   -0.000269   -0.022808
   10.725000    0.019723    0.016091    0.015488
   19.836000   -0.054612   -0.018505    0.005276
    8.184000   -0.004078   -0.020469   -0.034956
   16.372000    0.038897    0.004834   -0.034555
   14.949000    0.007276   -0.037657    0.006917
    7.860000   -0.010235   -0.018592    0.000636
    3.368000    0.007660   -0.006916    0.012405
   15.619000    0.025385   -0.027953    0.021910
   10.504000    0.023115    0.012452   -0.013280
   10.985000    0.016568    0.024756   -0.006168
    4.912000    0.005174    0.008592    0.010197
    0.897000   -0.002313   -0.005826    0.033211
   11.224000    0.011017    0.028456    0.006395
   16.212000    0.036935   -0.004181   -0.015588
   17.453000    0.019647    0.050217   -0.007208
    1.088000   -0.001091   -0.002605   -0.025809
   11.774000   -0.004351    0.032930   -0.001357
    2.244000    0.001253   -0.007824   -0.012672
   13.659000   -0.032785   -0.017117   -0.006715
   15.096000    0.012467   -0.036165   -0.009525
    3.597000    0.007710   -0.006493    0.034722
    5.696000   -0.005022    0.010347    0.017211
    8.093000   -0.006624   -0.021398    0.007297
    6.218000   -0.012226    0.006976    0.011060
   12.450000   -0.025292    0.024461   -0.027607
    6.297000   -0.013890    0.004288    0.037331
   11.898000   -0.008111    0.032728   -0.003770
    1.631000   -0.001929   -0.007518    0.015118
    7.712000   -0.012190   -0.016050   -0.010677
    0.912000   -0.000917   -0.002650   -0.015078
    2.327000    0.002009   -0.007434   -0.021061
    3.949000    0.010505    0.000562   -0.016747
    2.563000    0.002875   -0.008793   -0.001549
    3.627000    0.009904   -0.002402   -0.022386
    2.212000    0.001176   -0.008002   -0.009050
   14.771000    0.002070   -0.037136   -0.014701
    8.580000    0.003027   -0.023321   -0.004179
    3.530000    0.007918   -0.006189    0.020542
    5.800000   -0.007027    0.009248    0.026111
   18.039000   -0.007921    0.052169    0.037256
   14.079000   -0.021637   -0.027289   -0.032549
    0.112000    0.000602   -0.002333   -0.007224
   14.323000   -0.013820   -0.032981   -0.007199
    5.619000   -0.004206    0.010096    0.023677
    2.286000    0.001598   -0.007768   -0.016256
   18.006000   -0.003822    0.059743   -0.023309
    2.708000    0.004104   -0.008384   -0.007528
    8.295000   -0.003249   -0.023562    0.017830
   18.199000   -0.016101    0.050844    0.034016
    4.046000    0.009685   -0.000031    0.002698
    5.291000    0.000663    0.010173    0.017112
   13.515000   -0.035457   -0.011220   -0.034626
   19.406000   -0.059872    0.003903   -0.026810
    9.325000    0.016783   -0.016914   -0.012158
   12.091000   -0.014534    0.030123   -0.004936
   13.538000   -0.034901   -0.015051    0.026094
   12.496000   -0.026731    0.023006   -0.028014
   14.305000   -0.014810   -0.033409    0.011059
   11.950000   -0.009359    0.035070   -0.028934
    8.104000   -0.006091   -0.021068   -0.004180
   19.426000   -0.059213    0.000468    0.018613
    9.669000    0.021977   -0.009185   -0.029374
   12.411000   -0.024185    0.024799   -0.020676
    9.080000    0.013038   -0.019971   -0.016398
    4.243000    0.009317    0.002094    0.005063
   17.846000    0.004106    0.060212   -0.025630
    4.740000    0.008037    0.010234   -0.025711
   10.469000    0.021409    0.007492    0.032970
    4.834000    0.005601    0.007324    0.016858
   11.577000    0.002824    0.036098   -0.027555
    8.975000    0.009826   -0.022990    0.020644
    3.128000    0.007149   -0.006189   -0.021939
   19.849000   -0.054902   -0.017507   -0.028065
    3.368000    0.008528   -0.004727   -0.020411
    5.778000   -0.005271    0.012743   -0.013364
   10.749000    0.020620    0.019374   -0.011691
   19.020000   -0.053029    0.023538   -0.016123
   10.676000    0.019291    0.012487    0.037922
