1000
    2.887741    1.499317   -2.850500    4.168793
    4.271991    6.443792    1.623649    5.235729
   -3.606882    6.300159    6.310303    6.919674
    1.952493    1.853861    5.747662    6.134766
   -1.822979    4.475954   -2.567542    2.884212
    2.023299    0.324417   -9.628852    9.844189
    2.132234    5.241132   -3.035853    4.080341
    4.420586    3.061009    2.654424    5.432020
   -0.979493    0.780845    0.688843    1.119665
   -7.696676    5.363135   -5.097673    8.692023
   -0.427154    3.786557    0.160386    0.154535
    3.454347    0.879045    4.656634    5.844098
   -2.568150    6.041279   -0.152140    1.867681
   -8.540910    7.014250   -3.641949    8.507914
   -6.897830   -0.613792   -5.297143    8.717081
   -2.508404    4.732003   -0.422468    1.997876
    1.941719    0.488371    5.837548    6.165346
   -8.350028    3.159241   -2.745335    8.397770
    2.345822    0.364501    5.612703    6.093241
   -4.867730    6.531851    5.823169    7.106228
   -0.810972    0.226666   -2.996743    3.097012
   -5.825801    3.859158    4.996817    7.313017
   -1.241039    7.767565    0.637750    0.713995
   -4.105322    0.328700    5.837644    7.098691
   -0.825619    6.201530    0.452407    0.456173
   -2.172301    1.600752   -0.536688    2.047438
    2.588118    4.106344   -2.846046    4.168904
    2.479631    4.207643   -2.907237    4.142207
   -1.284718    3.424844   -2.921558    3.058008
    3.725530    6.960828   -1.205209    4.658315
    2.081955    2.107588   -3.228723    3.971959
   -8.077199    0.820921    0.770265    7.967434
    4.526844    3.396093    2.151540    5.336377
   -7.821824    0.861211    1.666423    7.850376
    4.458865    5.086083    0.684722    5.056696
   -5.543128    4.693258    5.284817    7.248645
   -2.132162    9.291215    0.656036    1.235213
   -4.823837    8.978658   -8.393877    9.213671
   -0.749062    6.595020    0.149348    0.139092
   -6.036861    4.799202    4.913450    7.330996
   -2.012073    7.164972    0.599921    1.318220
   -1.530858    5.722046   -9.494998    9.543777
   -8.004037    3.949378   -4.136175    8.568686
    3.769392    9.206899   -0.470511    4.821679
   -0.874522    7.225267    0.345975    0.337067
    1.759944    8.020723   -3.058550    4.066338
    3.884441    3.350907    3.724832    5.642270
    2.425674    3.035178   -3.018232    4.090957
    4.088740    3.956952    3.218301    5.540843
   -0.626307    9.542760    6.418158    6.420028
    2.136095    4.360664   -3.087017    4.054348
   -3.599799    8.001206    6.368288    6.889722
   -0.498914    4.401517    0.053028    0.046571
    2.798355    5.848226   -2.536912    4.286430
   -8.171595    3.364378    1.490352    7.874381
   -1.580182    1.364456    0.440655    1.480176
   -2.224064    7.323353    0.482300    1.450563
    2.941365    5.022749   -2.496982    4.300737
    3.745250    5.065495    3.629992    5.622447
   -0.940256    7.752402    0.356928    0.347748
    2.335085    8.801325    4.878789    5.893462
   -3.127508    9.657639   -0.730195    2.137316
   -0.808183    4.685906    0.589509    0.640316
   -1.368752    7.806247    6.560358    6.564364
   -2.442213    5.705623    0.021561    1.773928
   -5.565999    3.692001   -7.444614    9.033834
   -6.876712    6.826627   -6.494602    8.885569
   -2.287169    4.069949   -0.041532    1.807512
   -7.115517    5.127988   -5.952826    8.807523
   -0.032219    0.327374    0.030385    0.030347
    4.272341    1.446697    3.424636    5.582419
    3.119594   10.399299   -1.562970    4.569516
    4.111972    3.234206   -1.291103    4.639316
    4.459958    1.081432   -1.099147    4.685321
   -7.736670    1.869980    2.175392    7.781150
   -0.812945    7.126065    0.178898    0.167589
   -7.731286    8.225821    3.497575    7.586939
    3.893746   10.043694    0.800080    5.077515
    4.706641    3.009578    1.055239    5.128767
    4.711517    2.759716    0.493768    5.020131
    0.542050    6.694615   -9.670660    9.768584
   -8.701561    4.601135   -0.656499    8.145689
   -1.241332    4.109919   -9.517457    9.554734
   -5.860296    4.141063    4.995607    7.313374
   -2.022843    4.287282    6.554338    6.721152
    4.911822    1.119536    0.625538    5.046420
    4.798555    2.212359    0.927500    5.104511
    0.637611    6.848890   -3.450595    3.739951
    0.011378    7.044650   -9.673297    9.718840
   -5.370786    9.304602    5.730655    7.135004
   -1.384288    0.804414    0.532164    1.388628
   -8.514542    6.461489    1.535926    7.868994
    4.016060    2.104417   -1.664434    4.546936
   -7.668503    4.293704   -4.927708    8.669609
   -8.857572    5.996418   -0.556704    8.133781
   -2.931660    9.269984    6.527141    6.770290
   -1.721349    6.082668    0.664803    1.207604
   -1.645088    4.000720   -2.687087    2.939612
    1.260303    9.832028   -3.189369    3.989521
    4.034937    2.251440   -1.610469    4.560757
   -8.834469    8.872662   -3.393254    8.477728
   -2.065640    7.349968   -2.649309    2.924246
   -2.071733    0.798460   -0.497296    2.029160
   -3.159278    5.032127    6.388047    6.875169
   -0.600320    0.213214   -9.557395    9.574932
    0.751508    5.742320    6.117238    6.267328
   -7.661709    5.009857    3.028155    7.658754
   -6.762468    2.697593   -6.055125    8.821324
   -8.597527    5.897863    1.039827    7.933861
   -3.587352    2.609724    6.173801    6.979955
    3.846796   10.264005    0.494857    5.017975
   -2.498025    4.217224    6.498106    6.791936
   -1.043514    5.724755    0.651106    0.746993
   -8.075451    1.808051    1.219441    7.909680
    2.244778    7.519961    5.092584    5.946759
   -0.164649    7.529882    6.357455    6.383664
   -7.163818    1.473957   -5.250763    8.711376
    1.867415    0.999161   -3.345714    3.883381
   -2.355372    6.722511    0.301518    1.597969
   -2.559759    6.506897   -0.022745    1.799368
   -2.231151    4.184306   -1.965763    2.629278
   -2.530183    5.694151   -0.157313    1.870048
   -2.575317    9.384136   -2.346278    2.790025
   -3.785360    0.079499    5.974413    7.053874
   -4.076498    3.361954    6.017403    7.040674
    1.161581    3.094637   -3.443796    3.763703
   -0.998217    6.678172    0.565726    0.600019
    2.019671    6.448818   -9.518053    9.915088
    3.239475    6.226979   -2.054068    4.438866
    0.793194    4.451287   -3.467698    3.708758
    1.002249    3.738710    6.105878    6.263921
   -0.254321    0.283984    0.549400    0.591419
   -6.695644    4.640264   -6.415481    8.873444
   -1.151667    0.886858    0.647170    1.226380
   -2.000706    6.060706    0.533452    1.396500
   -1.813111    5.426652    6.574675    6.671057
   -1.037200    1.617198    0.696437    1.093653
   -0.497682    4.404143    0.067940    0.061535
    1.056614    5.607880   -9.652428    9.807966
    3.777251    8.242686    2.794512    5.457271
   -0.817923    7.185867    0.161277    0.149991
    2.837271    5.438046    4.759845    5.866444
   -0.413198    0.319618    0.638953    0.739832
   -1.294427    2.420784   -2.831257    3.009576
   -0.563291    0.469059   -3.151162    3.192357
   -0.246100    8.481860   -9.668852    9.709470
   -0.978333    8.227849   -3.328794    3.342174
    4.101350    7.149857    2.129505    5.331069
   -1.805820    9.188394    0.717979    1.023267
   -2.127200    8.235162    6.579448    6.669713
   -1.477011    4.528604    0.680675    1.164011
   -8.620161    3.954144   -0.517115    8.128540
   -2.810205    9.664974    6.547413    6.745848
   -1.326867    4.299315   -2.959710    3.079784
    1.164186    1.992264    6.118756    6.270514
   -8.056375    8.937319   -5.181606    8.703822
   -2.958753    9.359603   -0.167399    1.878205
   -8.797091    6.210506    0.258374    8.033171
   -8.211908    0.296944   -0.866140    8.170364
   -2.553476    8.968790    0.366821    1.551827
   -8.888120    6.241496   -0.603256    8.139515
    4.417871    2.023610    2.975294    5.494073
    0.980486    6.920925   -3.388652    3.830485
   -0.287076    1.475227    0.451389    0.463871
   -0.953350    5.061334    0.644201    0.735009
   -4.133136    4.744321    6.062464    7.025128
    1.471144    9.199962    5.535072    6.065904
   -3.711586    4.694101   -8.729901    9.288656
   -2.070199    7.747570   -2.686565    2.942243
   -8.625688    7.683950   -3.618190    8.505119
    2.028700    6.196856   -3.030903    4.082070
   -0.644097    4.884092    0.409697    0.410006
   -8.510149    3.928662    0.400931    8.014840
   -2.415341    1.108510   -9.108860    9.390245
   -1.746024    7.773286   -2.941251    3.072629
    4.543379    1.915930   -0.673136    4.780576
   -1.079146    7.530809    6.534213    6.525469
    4.131547    3.366838   -1.225565    4.654870
   -2.011220   -0.078520   -0.809370    2.164153
   -6.315457    2.984469    4.461686    7.419746
   -8.076663   -0.303865    0.044118    8.058560
   -0.499169    0.805138   -3.199266    3.226009
    2.728299    6.707459   -2.510910    4.295003
   -1.883304    0.964083   -1.927023    2.611670
    3.176938    6.140466   -2.136692    4.414736
   -6.755893    0.789966    3.651540    7.560217
   -1.241337    8.134299    0.616723    0.675468
   -8.849651    7.600247    0.814948    7.963119
   -2.503545    3.400277    6.480844    6.806511
    2.584942    7.694464   -2.534741    4.286150
   -0.526570    5.873064   -3.382571    3.395227
    1.590883    6.378644   -9.587038    9.870890
   -2.272003    5.731340   -2.191825    2.722464
   -2.606617    7.029451    0.002418    1.785887
    2.492253    2.481018   -9.521541    9.916705
   -6.003526    5.813643    5.037859    7.304843
   -1.103831    8.877088    0.416430    0.410352
   -1.464187    1.996049    0.567275    1.349788
    3.557984    9.871891   -0.839894    4.741004
    3.977375    7.334883   -0.496818    4.816712
    3.356213    7.755169   -1.669390    4.543294
    3.861392    6.008867    3.202955    5.537185
   -2.104303    0.906254   -0.607113    2.078114
   -2.978783    8.969733   -1.461141    2.432646
   -7.013985    0.243979    3.182214    7.634190
   -2.097529    1.731207   -1.629226    2.494196
   -1.582046    5.051122   -2.838649    3.015550
    4.736374    0.886578   -0.453707    4.828095
   -4.173726    8.422135    6.211975    6.967617
   -1.129597    2.069761    6.571209    6.627142
   -2.770600    7.059389   -0.397027    1.987824
   -2.804007    7.630345   -1.535109    2.460901
    2.862990    4.811841   -2.584031    4.270316
   -3.563971    1.489624    6.133441    6.995779
    2.684922    2.570537    5.192672    5.974548
   -7.884259    1.698333    1.761014    7.837838
   -2.220664    7.148053    0.469488    1.462365
    3.239494    8.333246    3.847117    5.665708
   -1.852074    5.173579   -9.412051    9.502953
   -3.252629    4.699821    6.354502    6.894551
   -2.117127    4.774650   -2.257736    2.749325
    1.799656    3.168097    5.750680    6.135059
   -0.196290    9.889144   -3.474476    3.613430
   -0.766672    1.915356    6.556493    6.575735
   -4.465307    2.369311    5.776923    7.118172
   -5.668826    1.830488    4.930750    7.326363
   -1.362283    0.097723   -2.529317    2.863724
   -0.797318    4.936090    0.562617    0.599578
   -1.879351    9.452055    0.715764    1.053091
   -2.316032    9.022919    0.553909    1.379042
    3.306326    8.516051   -1.612039    4.557776
   -2.622416    7.006814   -0.031595    1.804664
   -5.259312    2.650027    5.315632    7.240554
   -1.032314    1.440250    0.693821    1.104120
   -0.952403    8.299755    0.027137    0.014058
   -2.282496    5.032325    6.539390    6.746643
    4.406642    5.327389    0.411648    5.003155
   -3.230345    4.407424    6.351052    6.896227
   -0.747318    3.659582    0.620756    0.694970
   -7.685556    8.026426   -5.609820    8.760932
    3.688106    3.514289    3.998081    5.698717
    3.265515    0.983994    4.836465    5.886320
   -4.174851    9.238699    6.244341    6.953777
    3.470967    0.653416   -2.480455    4.308776
    4.743969    2.187451    1.745210    5.259993
    3.468131    7.739227   -1.499963    4.586459
   -0.895040    7.179308    0.392849    0.387372
    4.294501    0.668141    3.547315    5.607205
   -1.062876    5.744339    0.657932    0.761606
   -1.797502    8.035293   -2.926397    3.064687
   -1.092112    8.407950    0.471077    0.473955
   -1.509075    0.813686   -2.456584    2.831918
    3.715758    9.379000   -0.572815    4.799708
   -4.263963    3.174396    5.923704    7.072627
    4.636808    0.940987   -0.725206    4.769541
    0.348496    9.546199   -9.660914    9.782204
    3.872426    0.896507    4.156472    5.733154
   -1.742888    1.840968    0.345937    1.559115
    4.547051    4.348837    1.231667    5.162033
   -8.737564    4.888268   -1.227330    8.215025
   -1.935273    9.240521   -2.925094    3.065034
   -0.953193    4.882809    6.548865    6.552471
   -2.822955    7.133350   -1.193059    2.325406
    4.868712    0.604061   -0.077710    4.906466
   -2.892602    9.173636   -9.247048    9.440179
    1.806340    9.145913   -2.961612    4.113598
   -2.388408    3.268107   -1.113744    2.291163
    3.932603    9.238081    0.241918    4.968221
   -2.306676    6.392716    0.312504    1.589624
   -2.769427    9.600831    0.208308    1.664799
    3.692688   10.278845   -0.312275    4.854722
   -1.609547    3.473314    0.582738    1.333193
    3.844655    9.162190   -0.226919    4.872891
   -8.140745    1.751836   -2.950367    8.422346
   -0.442267    0.772861   -3.222723    3.243077
   -3.862870    0.427091    5.958211    7.059607
   -0.633927    5.095779    0.351490    0.346512
   -1.219102    4.387715   -9.526895    9.560431
   -0.224740    5.672515   -3.439069    3.474235
    2.182361    5.195443   -3.011881    4.092381
   -3.971948    6.835720    6.215968    6.964751
   -4.267522    7.629494    6.144454    6.995322
    3.828261    5.011903   -1.427790    4.605446
   -2.082252    3.070863    0.108612    1.720620
   -1.037759    2.859218    6.567070    6.599995
   -1.996409   -0.146663   -1.109169    2.287114
   -1.461290    2.984534   -9.447768    9.517766
   -1.128735    9.832080    0.211701    0.195908
    0.763966    9.588860   -3.362755    3.853780
    1.541376    3.882565    5.848136    6.167098
   -0.983825    8.463108    0.262692    0.249271
   -2.123942    4.753114    0.303513    1.594242
   -8.076192   -0.727925   -0.443408    8.118595
    3.235018    5.364190   -2.172236    4.404503
   -2.800104    6.776761   -0.797558    2.163823
   -5.537327    5.752430    5.374720    7.227498
    3.475676   10.123682   -0.963500    4.713091
   -1.083716    5.491666    0.674772    0.802964
    2.849534    1.207496    5.184186    5.972907
    1.020314    8.797853   -3.318420    3.896376
   -1.173406    3.941186    0.710233    1.003336
   -4.342155    5.929039   -8.473332    9.229813
   -7.230107    6.870990   -6.065088    8.823675
    4.507929    4.033463    1.890118    5.286796
   -1.689280    3.684045    6.569224    6.682352
    4.093093    5.476822   -0.774219    4.757150
   -1.568739    4.120795    0.635932    1.256208
   -0.736731    4.390946    0.563327    0.601858
   -0.432613    3.555509    0.295023    0.290235
   -0.349478    2.357177    0.399888    0.403631
   -1.608473    0.112108    0.275676    1.608822
   -0.950789    0.472417    6.568717    6.627886
   -1.300424    2.337988   -9.467759    9.526952
    4.639190    2.007220   -0.344811    4.850691
   -2.381726    3.140610   -0.804996    2.164491
    1.101288    8.843876   -9.608678    9.850090
   -1.524561    3.465836    0.622204    1.276959
   -3.524212    1.611348   -8.651737    9.268736
   -8.614392    5.026311   -2.500393    8.368527
   -2.677819    5.696435   -0.855721    2.187404
   -2.352794    3.444167    6.505210    6.783698
   -2.322030    6.308007   -9.322249    9.466415
   -8.831038    5.967192   -1.727189    8.275537
   -8.203139    3.021779   -3.261616    8.460480
   -0.270447    1.774356   -9.624794    9.627872
   -8.412370    2.189895   -0.444407    8.119292
   -2.914397    8.316553   -1.420677    2.416299
   -2.184189    1.406753   -0.864299    2.188102
    2.293879   10.230177    4.759324    5.864510
   -4.537099    1.736075   -8.061597    9.144032
    1.354051    8.556103   -9.581669    9.872280
   -2.263682    3.204962   -1.636723    2.498081
   -8.189856    4.390350   -3.785926    8.525175
   -3.035857    9.509352   -1.478598    2.439858
    4.257122    6.800427    0.622030    5.043955
   -6.082178    6.574221    5.046138    7.303311
    3.725412    5.785673    3.519847    5.600041
   -2.796521    4.661495    6.456389    6.828170
   -1.248237    0.204839    0.569690    1.343172
   -2.005594    7.688124    6.579919    6.661066
    4.130847    7.293674    1.905753    5.288759
    3.840641    4.000853    3.674400    5.631793
    1.488427    2.134248    5.971615    6.212124
   -2.392685    4.491266   -1.686725    2.518594
   -7.050545    1.861806   -5.505762    8.745513
   -2.088048    2.502127   -0.009273    1.788346
    3.755301    0.864456    4.312524    5.766892
   -0.415195    3.514898    0.257510    0.252079
   -2.819054    7.008156   -1.105390    2.290223
   -5.160411    1.626877    5.300854    7.243682
    0.328810    7.214289   -3.473940    3.670604
   -4.431199    0.679126   -8.052584    9.141972
    1.136488    9.690581   -3.244048    3.953024
    4.811132    2.024325    0.678364    5.056418
   -8.484906    5.861994   -3.408118    8.478955
   -1.258736    2.655517   -9.483677    9.535241
    2.768559    8.022533   -2.333108    4.353380
    0.776379    4.545756    6.159366    6.286276
   -6.908074    0.617360    3.409586    7.598941
   -0.379646   -0.025615   -3.211272    3.233712
    0.436859    8.076319    6.139272    6.275085
   -7.314757    8.398888   -6.180487    8.840398
   -0.610625    3.133495    0.574511    0.621237
   -1.885488    7.528644    6.580782    6.646041
   -1.166094    3.362996   -2.995367    3.099114
   -4.554131    5.519310    5.917964    7.075750
   -0.038985    7.301805    6.329420    6.367772
    3.148991    7.675799   -1.960229    4.464905
    1.333518    0.638111    6.111193    6.268239
   -3.626487    0.682803    6.071839    7.019192
   -5.882522    4.084460   -7.202042    8.993894
    4.097099    1.509049   -1.646787    4.551741
    2.321193   10.021674   -9.356694    9.987588
    0.227800    7.228085    6.249168    6.325931
    1.255835    2.833485   -9.664695    9.795834
    2.306326    8.965026   -2.640141    4.247390
    4.535808    0.699405   -1.032337    4.700847
    2.669749    8.784860   -2.342645    4.349932
    4.175550    2.304496   -1.370588    4.620499
    2.501403    7.532913   -2.618665    4.256168
   -0.569256    5.417882   -3.358396    3.367527
   -1.997327    7.107613   -2.686894    2.941908
    4.302862    1.486607   -1.312617    4.634829
    3.803942    7.294250    3.001411    5.497492
   -8.639061    4.593524   -2.034239    8.312251
   -2.011907    3.362399    0.247156    1.632256
   -1.209552    4.572354    0.710892    0.977577
   -8.994306    7.135160   -0.681337    8.149214
   -0.958484    8.346148    0.213349    0.199936
    2.924589    2.973134   -9.419025    9.966383
   -1.866060    6.166852   -2.708937    2.951779
   -2.678082    8.728312   -2.091713    2.683246
   -1.252803    5.654452    0.706665    0.918807
    2.523457    4.965653   -2.822050    4.178420
   -5.908904    4.780570    5.016794    7.309040
   -3.044232    9.508327   -0.363357    1.973931
   -6.901049    2.954463   -5.907420    8.800708
   -4.247653    2.730943   -8.319202    9.195824
   -2.224121    1.763870   -0.989823    2.240017
   -1.789812    5.894116    0.632008    1.267509
   -2.426315    4.379400   -0.283109    1.931687
    4.173684    7.453616    0.525510    5.024877
   -4.790842    0.095134   -7.743849    9.084695
    3.481622    7.519867    3.601323    5.615860
   -1.453147    1.254458    0.522204    1.400308
   -8.837869    5.916555   -1.574289    8.257103
   -0.433062    3.822217    0.176186    0.170174
   -0.915216    4.755241   -9.581939    9.596606
   -1.906175    4.295558   -2.455125    2.833739
    4.410770    4.806486    1.935645    5.295158
   -2.899058    8.037930   -1.349159    2.387913
   -0.815937    1.912124   -3.104206    3.163272
   -0.532879    1.972750    0.607164    0.676061
   -4.057735    6.674858   -8.668459    9.274616
    3.890297    1.257712   -1.967220    4.465839
   -1.504221    2.774128   -9.432810    9.510612
    0.860988    0.253177   -3.489173    3.599718
    1.168665    5.481658   -3.385806    3.836287
   -5.289792    3.256964    5.343753    7.234037
   -2.436374    8.860159    0.457804    1.475596
   -6.341473    4.222296   -6.760587    8.924751
   -0.279327    2.516734    0.080938    0.077571
   -0.702143    9.098494   -3.419363    3.450984
    0.787373    7.791772   -3.406991    3.806576
   -1.829521    3.918043    0.478767    1.448704
    1.510340    6.023667    5.732731    6.127802
    1.754956    5.030615    5.653573    6.103447
   -6.051448    4.293115    4.850605    7.343867
   -2.361877    7.917929    0.428692    1.499904
   -7.260719    0.788865    2.875623    7.680519
   -1.404227    0.226469   -2.499574    2.850516
    0.733441    0.544010   -3.485302    3.574603
   -0.903566    7.882417    0.204090    0.191446
    1.302536    7.939523   -3.259673    3.943818
    4.373369    5.365727    1.781505    5.265883
   -2.344719    6.552117   -2.222277    2.735681
   -8.270421    1.332368    0.003998    8.063865
   -1.596836    9.323485    0.699670    0.859940
    2.921104    1.933509   -2.793895    4.192036
   -1.118606    2.248338   -2.944479    3.069506
    3.985328    6.556882    2.753494    5.449917
   -2.269315    2.283120   -1.166560    2.311706
   -6.861183    8.143353   -6.680313    8.913555
    2.752724    3.675572    5.029257    5.932380
    2.773952    1.682469   -2.909013    4.143226
   -4.337495   -0.303767    5.675092    7.146434
   -0.407629    0.085741    0.647269    0.758175
    0.172870    7.763272   -3.476739    3.646286
   -0.290669    2.232120    0.318081    0.316271
   -2.838059    7.095457   -0.971450    2.236017
   -2.072335    4.279863    0.299678    1.596464
   -0.754191    6.629941    0.067610    0.057616
    0.290909    1.781685   -3.455353    3.493046
    1.432408    2.447926    5.981411    6.215598
   -2.049838    0.237502   -0.942798    2.219763
   -7.640055    2.912587   -4.677427    8.637026
   -2.684871    6.107864   -0.498794    2.033689
    3.982159    4.716356   -1.212038    4.657555
    3.843453    7.313357   -0.865588    4.736183
    3.851146    6.601123   -1.034633    4.698144
   -2.857589    6.374606    6.483645    6.808232
   -2.415244    5.927688   -1.993615    2.641616
   -0.030975    0.119614    0.272331    0.272671
   -2.444249    8.128613   -2.331153    2.782689
   -0.257619    1.731593    0.366265    0.368062
   -9.125100    8.606093   -0.137261    8.082791
   -8.201144    0.619160   -1.878521    8.292728
    3.585087    4.095992    4.050490    5.709547
   -8.134211    6.242070   -4.439553    8.607380
   -7.686067    3.263437   -4.665480    8.635567
   -1.071224    6.487086    6.544981    6.542436
   -1.485623    1.415683    0.513471    1.409875
   -2.027009    6.274980    6.571681    6.688172
   -2.428444    5.263995   -0.047051    1.811561
   -4.492720    2.507647    5.771110    7.119969
   -3.100696    9.574655   -1.211187    2.334195
   -8.306088    3.083009    0.907281    7.950356
   -3.015624    8.959149   -1.295646    2.367335
   -8.875264    8.808115   -3.230626    8.457833
   -2.294088    2.378377   -1.005988    2.247007
   -8.252169    0.738201   -0.560002    8.133151
    4.939583    0.979639    0.874672    5.094725
    2.121145    6.924873   -2.930569    4.129691
    3.673746    9.428341   -0.674916    4.777554
   -2.556090    4.637294   -0.940814    2.221853
    0.324434    6.073078   -3.480347    3.634983
    3.728550    3.032221   -1.911011    4.480680
   -1.841552    3.320558   -2.400581    2.809231
   -2.216882    8.386828    0.567980    1.361431
    3.655566    5.667556    3.665728    5.629489
   -1.217197    9.698776   -3.304167    3.321296
   -1.131936    0.635842   -9.464581    9.524044
    1.858348    1.190236   -9.634280    9.837593
    0.032418    5.203513   -3.465719    3.530117
   -1.538017    0.736093    6.554269    6.709980
    4.165244    5.620676    2.539290    5.409260
   -8.246544    2.945999    1.077487    7.928374
   -1.428363    6.958899    0.711417    0.937434
    2.132028    2.500979   -3.189504    3.996859
   -1.985943    0.094049   -0.476964    2.019428
   -2.329114    2.917438   -0.563433    2.060281
   -2.083474    0.285372    6.485882    6.797490
    4.703227    1.854690   -0.168502    4.887409
    1.874847    4.088769    5.645001    6.101275
    3.388552    8.590810    3.549670    5.605119
   -0.697471    2.347935   -3.187332    3.219287
    4.102524    1.510082    3.711616    5.640179
   -0.901650    7.895853    0.181053    0.168500
   -3.450252    8.564209    6.420448    6.858189
    3.738951    1.471715   -2.116544    4.422900
   -7.601195    4.812485   -5.154629    8.699392
   -1.893611    3.981983    0.435031    1.488895
   -1.904478    2.456402   -2.183093    2.716664
    0.164244    0.125243    6.463402    6.465661
   -0.793725    0.107389    0.701531    1.046067
   -0.132395    0.182118    0.442109    0.455455
   -5.920487    9.373988   -7.680867    9.076160
   -6.035351    7.456515   -7.407473    9.028609
   -5.995066   -0.354033    4.391207    7.431876
   -7.195410   -0.127245    2.802482    7.691101
   -6.568384    6.256351    4.588624    7.396618
   -0.204453    1.452228   -9.628456    9.630858
    3.832388    2.953036   -1.785649    4.514728
   -7.073307    8.328710    4.322279    7.447085
   -1.316403    8.998477   -3.239537    3.265995
   -0.252119    5.904150   -3.438582    3.474034
   -2.368678    4.091351   -0.216260    1.898555
   -3.083352    9.321835   -1.120706    2.297869
   -2.368542    7.635789    0.394106    1.528419
    4.051172    8.371486    1.618568    5.234182
   -2.869149    7.362694   -0.836777    2.180631
    4.333065    3.350888   -0.789509    4.754527
   -2.391997    0.740271    6.441010    6.835023
   -6.468614    5.417396    4.590369    7.396022
   -0.407256    2.178890    0.495553    0.516000
    4.228863    4.358988   -0.757778    4.761174
    4.228532    6.682102    1.740365    5.257713
   -8.154956    5.007493   -4.062814    8.559723
   -1.826815    9.637587   -9.517815    9.560058
    1.634905    1.377445   -3.393813    3.834721
    2.194883    3.850805   -3.087781    4.054378
    0.088068    7.657617   -3.478185    3.620723
   -0.188827    8.266108   -3.471055    3.565589
    3.783361    2.558150   -1.911449    4.480769
   -1.368597    1.086800    6.565888    6.679146
    0.064118    6.474707   -3.476393    3.578138
   -0.692560    0.920970    0.697073    0.907341
   -8.587167    6.301062   -3.233181    8.457653
    3.908830    6.926098   -0.815683    4.747449
   -4.925328    7.744809   -8.249304    9.183105
    3.985171    5.884521   -0.921189    4.724210
    2.254214    6.782984   -9.464321    9.942785
   -8.814334    8.343438    1.275133    7.903775
   -2.558409    5.527936   -0.281019    1.931569
   -4.311382    5.153947    6.007961    7.045035
    2.897646    6.514177   -2.378291    4.339589
    0.763541    3.293928    6.214500    6.312305
    1.291909    8.375368   -9.592918    9.863899
   -1.446119    0.718930   -2.514983    2.857746
   -0.558609    2.869018    0.558679    0.598700
    0.735856    5.442458   -3.460361    3.723479
   -8.200863    6.243548   -4.290962    8.588595
    4.305132    2.313548   -1.123927    4.679111
   -1.350348    9.257510    0.606805    0.656086
   -4.649170    5.957586    5.897506    7.082618
   -4.238112    1.591979   -8.246158    9.180453
    4.078173    2.396000    3.581028    5.613430
   -2.114979    8.013381   -2.673255    2.936093
   -2.304416    9.215284    0.573694    1.356150
    0.282774    0.552522    6.431291    6.439657
    1.098547    6.547633   -3.371491    3.849813
   -8.134486    0.084824   -1.925169    8.298243
   -0.029433    8.197153   -3.476859    3.606040
   -1.168357    0.053228    0.600541    1.301313
   -2.401236    5.900102    0.122965    1.714683
    3.984448    5.335171   -1.063006    4.692088
   -8.398528    3.256912   -2.566600    8.376178
   -1.375835    2.774788   -2.798559    2.993261
   -2.738489    8.147457   -1.857165    2.588403
   -6.093306    2.369673    4.608951    7.391482
   -8.644556    4.507051   -1.908067    8.297039
   -4.426287    0.733417   -8.060099    9.143434
   -2.428029    8.426633    0.423072    1.505406
   -8.363120    2.276508   -2.107062    8.320573
   -1.311574    6.558991    0.701541    0.885012
   -8.093317    0.606264    0.578710    7.991741
   -8.244989    4.476652    1.652253    7.853053
    4.434939    4.779788    1.816778    5.272722
   -7.694601   -0.648477    1.529581    7.868317
    2.451040    6.953876    4.966441    5.915508
    4.155211    1.606176   -1.539865    4.578925
    2.493951    9.132437   -2.467909    4.308406
   -2.855704    5.606158   -9.129319    9.398879
   -0.875682    7.699631    0.091258    0.079552
    4.100653    8.151922    1.377239    5.188541
   -7.715438    4.464579   -4.876329    8.662979
    2.487291    8.662554   -2.521496    4.290235
    0.521987    4.366641   -9.679252    9.739402
   -8.687810    7.177321    1.247161    7.907188
    0.150718    1.418721   -3.425882    3.442265
   -1.061229    9.286900    0.179171    0.164407
   -3.492336    1.531835    6.161651    6.984302
   -8.425976    3.388594   -2.502726    8.368491
   -1.652715    0.643785   -9.336212    9.468307
   -2.311369    3.656858   -0.198393    1.889246
    3.364359    8.059032    3.696431    5.634944
   -5.976445    5.773281   -7.291173    9.008866
   -2.209237    3.858504    0.053000    1.754232
   -1.083564    9.653580    6.504393    6.488921
   -2.296843    4.804696    0.088470    1.734338
   -1.269277    3.799661    6.572786    6.618330
   -2.339008    3.917038   -9.239549    9.434547
   -3.063242    9.042638   -0.922614    2.217287
   -4.778471    7.610671   -8.329892    9.199686
   -6.685509    2.135496   -6.072212    8.823606
   -5.377276    6.930494   -7.882794    9.111905
    2.370869    6.979499    5.036014    5.932740
   -0.871413    5.753224    0.548556    0.577968
   -2.295463    2.464128   -1.119208    2.292839
   -0.476893    2.235461    0.550998    0.589248
    1.375994    5.841369    5.819281    6.156254
    0.451305    8.104280   -3.453638    3.729122
   -8.105697    6.887477   -4.654454    8.634901
   -5.749280    6.214401   -7.530727    9.049156
   -7.932218    2.672222    1.929526    7.815189
    3.384045    5.139874    4.163356    5.733167
   -1.776290    0.839302    0.174355    1.677600
    2.231565    5.409584   -2.970347    4.112309
    4.516889    3.803328    1.981985    5.304214
   -0.682552    3.962426    0.559027    0.596685
   -0.500633    4.327248    0.228710    0.221766
   -2.072599    1.103241   -0.361830    1.966846
    4.111172    8.097160    0.671042    5.053095
    0.488883    1.846581   -3.477225    3.549134
   -1.351364    4.888101    0.708649    1.051198
    3.755679    5.611157    3.501007    5.596325
    3.989218    8.348980    2.011839    5.308471
   -3.404790    7.542613    6.402371    6.868786
   -2.044027    3.981458    6.549109    6.729420
   -4.069967    8.165882    6.236518    6.956543
    1.092447    9.746578   -3.257524    3.943266
    4.081100    6.651239    2.427474    5.387673
    0.621336    3.735428   -9.680172    9.742111
   -0.661102    1.232201    0.685673    0.856416
    2.307835    4.686678    5.301233    6.002431
   -8.896799    8.452403   -2.999712    8.429647
   -2.940461    3.439505    6.393930    6.869943
   -0.508182    4.433341    0.207021    0.199901
   -1.974625    5.276788    0.489098    1.440826
    3.923911    6.744530   -0.830264    4.744271
    1.942996    3.445887    5.647552    6.102377
    0.841783    2.555846    6.215648    6.313408
   -2.875258    7.906314   -0.423500    2.000706
    4.189861    5.032536    2.668768    5.434157
    4.143601    1.943385   -1.495523    4.589894
    4.001737    4.562080   -1.208771    4.658385
   -7.149403    2.478708   -5.461078    8.739635
   -2.488894    4.779569   -0.333384    1.956163
   -6.625126   -0.044924    3.696562    7.552638
   -2.203075    1.627890   -0.738890    2.135521
   -2.860975    7.461620   -1.190801    2.324716
   -0.980282    0.449151   -2.899520    3.043581
    2.402835    5.831551   -2.834571    4.172585
    3.871784    0.719391    4.184172    5.739151
   -5.660366    7.419247    5.423254    7.216210
   -8.164854    7.407141   -4.654930    8.635069
   -1.992024    3.651412    0.307221    1.590262
   -3.201148    8.634701    6.472590    6.820459
   -1.294671    4.731003    0.710738    1.024531
   -2.192150    5.093242    0.271933    1.617081
   -1.548094    4.121123   -2.782347    2.986216
   -8.450756    2.620531   -0.298373    8.101454
   -2.863163    8.687467   -0.126220    1.856496
   -2.178189    3.333426    0.001979    1.782807
   -4.535133    3.267084    5.795802    7.112944
   -1.291217    8.568839   -3.230408    3.258368
   -1.987321    3.077734    0.236939    1.638880
    3.878690   10.176564    1.187874    5.151902
    3.884634    5.641812   -1.193170    4.661655
   -9.151309    8.759073   -1.733730    8.276866
   -1.091889    1.813444    6.570662    6.625925
    3.639560    1.737361    4.332901    5.771042
   -5.045373    3.138458    5.495159    7.196298
    0.690334    0.746194   -3.483936    3.569283
   -0.994272    2.599796   -3.047557    3.129006
   -5.585338    8.158593   -7.831792    9.102907
   -0.876826    4.680807   -3.222903    3.247908
   -1.260674    1.345982    0.627012    1.263699
   -2.664118    5.609902    6.499454    6.792788
    1.131956    2.820304    6.094601    6.259854
   -4.790347    0.958495   -7.818319    9.098348
   -3.552639    7.587937    6.367521    6.889781
   -2.060940    3.198623    0.160390    1.688857
   -4.486063    9.513758   -8.612129    9.262447
   -7.888569    3.971952    2.376496    7.753438
   -3.708720    6.193464   -8.810173    9.309279
   -4.644791    0.390359    5.543032    7.182692
   -2.186493    4.497036    6.542083    6.741603
   -0.242370    1.745966   -3.336128    3.339194
    3.011353    8.330615   -2.034297    4.443584
   -2.363159    4.635638   -0.061840    1.819014
   -0.848581    7.453312    0.072922    0.061613
   -1.576102    7.688162   -3.041564    3.130322
   -3.439583    3.734565    6.267891    6.938638
   -0.853547    5.982441    0.510073    0.526606
   -1.917343    0.702540   -1.790137    2.557040
   -1.755628    0.833294    0.200370    1.660781
   -8.451947    3.777286   -2.598221    8.380100
   -2.688154    7.110807   -1.698172    2.524770
    0.958414    4.817831   -3.441762    3.762449
   -2.205335    7.812724    6.574091    6.688371
   -2.624091    5.347459   -1.143917    2.304614
   -8.536627    3.415434   -1.739352    8.276508
   -1.977758    3.027411   -2.170713    2.711926
   -8.085957    5.915354   -4.463203    8.610314
   -2.271423    4.281300    0.031081    1.767219
   -0.698863    0.873389    0.698526    0.916061
   -1.111061    6.444818    0.645771    0.733695
   -2.049350    5.767146    0.476565    1.453637
    4.249903    5.982589    2.063568    5.318962
   -2.963414    6.075903   -9.109408    9.392885
   -8.037484    2.820329    1.696913    7.846708
   -8.143038    0.403189   -2.141998    8.324418
    0.295639   10.039540   -3.442177    3.746473
   -2.341921    3.470063   -1.484421    2.438328
    4.553925    4.008439    0.372485    4.995837
    2.993984    7.644899    4.299619    5.761699
   -0.026598    1.196157    6.477050    6.476078
    2.163168    3.569434    5.496390    6.057303
   -2.037306    1.036166   -0.276143    1.925681
   -2.086481    6.880986   -2.577191    2.890392
   -0.402508    8.664800   -3.456396    3.520143
   -2.154079    5.675952    0.380816    1.536598
    0.359721    2.210170   -9.675019    9.697656
    1.846777    9.613711    5.226241    5.980373
   -1.101573    8.937435   -9.612524    9.627172
   -7.729268    9.061453    3.635761    7.564946
    0.856082    0.291830   -3.489100    3.599596
   -0.803718    7.051289    0.058472    0.047760
   -0.923982    7.716458    0.331744    0.321318
    3.995149    7.150633    2.522708    5.405633
   -1.822492    2.066993    0.290891    1.600225
    0.255203    2.310884   -9.670720    9.688173
   -8.528173    3.053716   -1.163823    8.206988
   -2.730910    4.511504   -9.130662    9.398747
    0.590941    7.470053    6.104502    6.260856
    4.607333    1.660238   -0.575619    4.801778
   -6.590605    7.648485   -6.906518    8.948005
   -0.864796    6.562780    0.449988    0.452686
    1.665739    9.307092    5.391039    6.024926
   -2.785570    8.857606   -1.926398    2.616501
   -7.182709    8.282287    4.197096    7.469580
   -2.673549    6.902517   -1.673892    2.515064
   -0.380161    1.846998    6.519543    6.518661
   -0.952936    8.137284    0.283077    0.270483
    1.129482    2.642900   -9.672616    9.780842
    0.412982    4.320156    6.292331    6.350243
    3.067949    6.152454    4.417103    5.788026
    0.465340    6.870370   -3.468084    3.695897
   -8.944248    7.420325    0.208673    8.039622
   -1.600026    2.838423    0.546508    1.376130
    3.776861   10.029623    2.103435    5.325266
    4.100248    6.885844    2.259123    5.355673
   -0.892820    7.854055    0.112152    0.100126
    1.200505    1.664129    6.118803    6.270758
    3.445551    9.593954   -1.155896    4.668917
    2.533707    4.968581    5.092505    5.947780
   -2.105409    6.005231    0.455106    1.473882
   -0.797501    6.897520    0.237316    0.226252
   -0.428988    5.298408    6.471338    6.465336
   -2.791923    8.078035   -1.715863    2.532365
    1.651152    3.701922    5.800104    6.150997
   -7.579398    6.044287    3.348956    7.609827
   -1.685482    1.582688    0.371947    1.538425
   -2.173519    2.148935   -1.542851    2.460478
    4.191675    7.387214    1.334286    5.180619
    0.685599    1.332280    6.308902    6.361732
   -0.448697    1.358943   -3.247209    3.262393
   -6.274376    3.637083    4.577264    7.397994
    4.451058    4.618056    0.153630    4.952031
   -7.867536    5.144772    2.690056    7.708780
   -0.590939    4.575593    0.381262    0.379320
   -0.807944    7.142772   -3.344177    3.355686
   -3.103656    6.380628   -9.070303    9.381086
   -1.923965   -0.204627   -0.370364    1.969879
    4.428469    3.819459   -0.349494    4.849096
   -0.405134    2.552458    6.513308    6.510114
    3.950790    8.820905    0.069323    4.933679
    2.076579    6.849193    5.291195    5.998797
   -2.844149    1.871931    6.371105    6.882316
   -1.504264    1.750618    6.564500    6.687867
    1.292936    4.288406   -3.390731    3.832928
   -2.059691    0.880061   -0.407803    1.988214
   -2.411458    4.448071   -1.621202    2.492758
   -4.771056    2.955252    5.647142    7.155705
   -8.958189    7.302407    0.007804    8.064584
   -2.663517    9.207074   -2.198751    2.727661
   -3.472933    7.310825    6.379141    6.882737
   -4.003178    5.901190    6.165780    6.985502
    0.335576    0.089405   -9.664072    9.670247
   -7.576337    4.994898    3.165024    7.637991
    0.315475    7.679171   -3.470855    3.681097
    0.742072    0.821951   -9.683563    9.720322
   -5.724653    4.698846    5.152752    7.279064
   -6.638552    7.367785   -6.824130    8.935228
   -1.543034    5.748084    0.698268    1.114212
   -1.380174    6.188816    0.712916    0.966596
   -1.046732    6.050765   -9.582337    9.598434
   -4.113507    4.485847    6.057902    7.026660
    3.877656    7.807597   -0.629550    4.787990
    1.952738    7.203378   -3.007860    4.092772
   -8.415400    2.506151   -1.901509    8.295862
   -7.236067    2.093361   -5.248141    8.711161
    4.149517    6.742214    2.123348    5.330029
   -6.010059    1.522272    4.593972    7.394117
   -1.136640    4.529381    0.706336    0.928583
   -1.817574    5.728941    6.575965    6.666588
   -1.404217    0.586581   -9.399879    9.494381
   -6.800981    8.989187   -6.846695    8.939095
    0.454238    3.410946   -3.482839    3.588170
    2.723272    3.082873   -9.461121    9.947179
   -8.470149    8.740388    2.313775    7.763356
    2.144078    5.465892    5.358215    6.017582
    4.313820    4.339547    2.533614    5.408571
   -1.105067    6.727933   -3.222707    3.250240
   -6.075962    9.123230    5.275605    7.252486
   -0.441571    8.413159   -3.448764    3.501501
    1.387029    5.022981    5.862060    6.171248
    2.906513    8.581038   -2.121143    4.418177
   -0.721092    4.768667    0.514970    0.535371
   -7.960896   -0.579044    0.556790    7.994274
    4.507855    3.503262    2.179756    5.341681
   -5.273077    3.763734   -7.691276    9.076405
   -1.230412    8.629853    0.574403    0.608027
    3.736728   10.112559    2.233342    5.349810
    4.446624    5.249584    1.153924    5.146938
   -9.062218    8.418328    0.189316    8.042237
   -4.956408    5.753750    5.728073    7.134102
   -0.404099    9.581475    6.361656    6.384197
   -1.372019    7.340984    0.697184    0.862506
   -0.555360    4.902452    0.159965    0.152334
    2.711894    8.165533   -2.371567    4.340912
   -2.139756    9.656516    0.668291    1.212335
    0.130353    8.341831   -3.475084    3.652607
   -7.847252    1.545768   -3.832359    8.530359
    2.533299    9.697084    4.568858    5.820763
   -8.665819    5.667937    0.635943    7.985519
   -1.589414    8.452210   -9.537325    9.570649
    3.924576    3.661713   -1.527119    4.581298
   -2.212961    3.281347   -0.075343    1.825097
   -3.181995    2.333667    6.294722    6.924350
    3.791152    3.276292   -1.790668    4.513249
   -7.041939    0.469395   -5.262920    8.712772
   -0.777256    4.787292    0.560186    0.596446
    4.076844    8.040002    1.711237    5.251798
   -2.912656    9.108318   -1.708730    2.530204
    4.348272    6.121238    1.077540    5.132077
    4.216146    2.775935   -1.194467    4.662434
   -4.589127    5.468018    5.898490    7.082047
   -8.099837    7.209341    2.703360    7.707328
    0.416891    2.218366   -9.677143    9.703580
   -5.262622    6.562687   -7.935481    9.121581
   -1.904618    0.500142   -0.103992    1.837959
    1.775675   10.076658    5.241206    5.984117
   -0.963845    6.126877    0.585212    0.630125
    1.287928    8.928038   -3.221290    3.969586
    0.042200    8.503006    6.264056    6.332282
    1.122178    8.378239   -3.302584    3.910207
   -0.158889    1.390209    0.007500    0.005377
   -2.169592    8.911841   -2.715377    2.957035
   -1.033724    2.484353    0.707219    1.022865
   -1.566369    9.284131    0.693666    0.839790
    3.464292    8.417538    3.446861    5.584612
   -2.758297    8.727719   -1.950356    2.626025
   -2.012057    0.254296   -1.318946    2.371018
   -0.398749    1.670492    0.539723    0.574851
   -8.099362    0.393180   -2.408462    8.356534
   -3.871593    3.512781    6.108195    7.007032
   -1.392606    0.933575    0.536372    1.384161
    3.452561    1.090351   -2.451173    4.318410
    1.651629    8.223088   -3.100244    4.043747
   -1.162030    7.014289    0.640140    0.720850
    3.492212    7.865544    3.511991    5.597798
   -2.644466    9.053692   -9.316031    9.465715
   -2.392964    3.341072   -0.664982    2.105011
   -8.516066    8.075099   -4.037673    8.557199
   -1.726965    2.393263    0.419066    1.500540
   -1.202003    5.193846   -3.094413    3.160411
    0.747858    3.051863   -3.483289    3.654896
   -5.757110    2.789720    4.950623    7.322493
   -2.506803    8.976376   -2.373918    2.801632
   -8.587456    4.148308   -2.037780    8.312591
    0.901716    1.679393   -3.485641    3.653823
    1.151888    5.238705    5.966847    6.208502
    3.483549    6.272805   -1.734021    4.527005
    3.922995    2.790796    3.766009    5.650871
    3.871498   10.020781    1.533721    5.217629
   -6.883974    7.625253   -6.589825    8.899872
   -1.432481    5.480344   -2.977523    3.090877
   -5.168625    8.948801    5.815436    7.109769
   -2.419175    3.458768   -0.987069    2.240006
    1.453962   10.045472   -3.091507    4.046942
   -2.607977    6.489169   -9.243852    9.437514
   -0.811607    7.116206    0.055066    0.044228
    2.962076    9.241122    4.101898    5.718672
   -2.323397    3.937939   -1.702278    2.524377
    0.675860    3.673195   -9.679926    9.746915
   -1.370249    2.257165    0.626572    1.266834
    3.158053    6.017653    4.326048    5.768036
    3.845264    0.740275    4.215869    5.745963
   -1.307174    6.470802    0.702368    0.889345
   -8.164347    0.623857   -2.169902    8.327823
   -8.711993    8.168405    1.535638    7.869397
   -1.757645    0.044047    0.067211    1.742367
   -1.579539    0.388774    0.339889    1.561962
   -0.717309    9.416589   -3.422717    3.457004
   -8.213005    0.433495   -0.489759    8.124500
   -2.632891    5.540561   -1.240410    2.343240
   -0.678061    4.100259    0.543379    0.574505
    1.358100    6.617558   -9.612190    9.850151
   -5.940960    1.171173   -6.817816    8.932733
   -0.824459    7.023390   -3.335384    3.346717
   -0.436535    1.858877    0.552673    0.592465
   -2.327062    8.272978    0.488420    1.446158
   -0.236034    2.147142    0.105712    0.102850
   -2.651731    3.187519    6.449239    6.831811
    0.418598    9.635545   -3.431775    3.766222
   -4.111791    2.361005    5.949384    7.063642
   -1.254236    4.776988    0.711598    0.992538
   -2.754860    8.620141   -1.933358    2.619137
   -0.612934    1.070755   -3.159826    3.198845
   -4.588956    8.674438    6.067339    7.025663
   -6.471867    2.412346    4.226775    7.462603
   -4.852395    1.364039   -7.806126    9.096256
    2.585563    8.548672   -2.447014    4.315782
   -1.044484    1.563018    6.569916    6.623169
    0.679676    1.507927    6.304969    6.359432
    2.612549    9.866116   -2.274375    4.371008
   -2.390689    8.580864    0.467875    1.465992
   -7.413198    1.562467   -4.820445    8.655148
   -0.196267    1.688736    0.221376    0.218668
    1.154599    0.783109   -3.478754    3.692961
   -2.711769    7.009684   -0.230610    1.908024
   -1.270621    3.373444    6.573157    6.625807
    0.049906    1.276586   -3.401287    3.408912
   -0.765512    2.364274    6.553403    6.567820
    0.787688    5.287482   -3.456740    3.732287
   -2.448335    3.794871   -1.119739    2.293912
   -1.814069    0.594155    0.078923    1.735983
   -1.186169    4.391228   -3.052966    3.134001
   -0.750931    6.428852    0.263497    0.253395
   -1.742898    1.596292   -2.274553    2.754245
   -2.472651    5.066997   -1.648671    2.503965
   -2.051485    6.550454   -2.574641    2.888981
   -2.873878    9.543022   -1.906693    2.609057
   -1.819634    8.197332    0.703106    1.110664
   -3.942315   -0.002115   -8.318027    9.194668
    2.824256   10.188090    4.142924    5.727071
    0.201001    1.323469   -3.433394    3.453337
   -8.120608    7.986375   -4.870904    8.663010
   -1.482795    5.542347    0.703605    1.089504
   -7.445394    3.299684   -5.125234    8.695206
    4.085000    7.676213    1.916296    5.290633
    1.556406    5.015584   -3.292717    3.922419
   -8.348353    1.728105   -1.675774    8.268521
   -2.167312    4.600205    0.233602    1.642776
   -0.296825    1.537570    0.454578    0.467506
   -3.699279    0.263036   -8.477300    9.228685
   -8.601189    3.849999   -1.561782    8.255194
   -1.763828    8.224040    0.711309    1.070745
   -0.612101    3.023543   -3.255769    3.271218
   -4.175964   -0.428945    5.755187    7.123285
   -6.564141    2.387340    4.120032    7.481514
   -0.964028    3.783156    0.691763    0.863622
   -0.577342    3.990215    0.456440    0.465053
   -7.802183    2.998331    2.320048    7.761176
   -0.800722    7.040920    0.077096    0.066457
   -8.314766    7.133868    2.246278    7.772450
   -1.586418    6.824189    0.710704    1.059596
    0.240146    4.009855    6.351875    6.383712
   -0.687131    2.454156    6.546180    6.554493
   -0.167501    1.155463    0.318014    0.318005
   -5.341694    7.388662    5.619218    7.165321
   -1.339174    5.743541    6.570314    6.595447
   -7.724892   -0.040945   -3.665241    8.509387
    4.849231    0.865048    2.005941    5.309631
   -0.691649    5.814840    0.296088    0.287599
    3.749890    7.390809   -1.055456    4.693066
   -1.818933    9.045521    0.716148    1.043715
   -1.116048    9.548434    0.287441    0.272616
   -1.735225    3.188416   -9.387779    9.490991
    3.681208    1.930410    4.252811    5.753531
    2.333681    6.856011   -2.800298    4.186173
    2.360812    0.742954   -3.181101    4.003794
   -0.856067    5.927516    0.518332    0.537303
   -0.218440    6.812160    6.391466    6.405292
   -1.090681    0.022792    0.631832    1.251922
    4.122649    7.553870    0.215228    4.963429
   -1.411953    6.084162   -3.032122    3.123133
   -8.397286    6.165567   -3.774379    8.524100
