# First column is original location on swiss roll
# Next columns are points in diffusion space
# In gnuplot to plot the first dimensions try:
#   plot 'evects.dat' u 2:3:1 w points palette
# time =     0.000000
# bandwidth =   100.000000
   -0.081000   -0.011774    0.033606   -0.001062
    0.660000   -0.016063   -0.021945    0.031934
    0.196000    0.026920   -0.020551    0.009828
    0.027000    0.032671   -0.012436    0.002184
   -0.517000    0.007278    0.030220   -0.023414
   -0.607000    0.019514   -0.019145   -0.031815
    0.572000    0.010979    0.026116    0.031521
   -0.075000   -0.003178   -0.034332   -0.005230
   -0.063000   -0.000606    0.035867   -0.000428
    0.622000    0.025692    0.005636    0.033872
    0.359000   -0.032505   -0.003770    0.017300
    0.201000    0.015921    0.030692    0.013982
   -0.714000   -0.024174    0.004674   -0.036380
   -0.559000    0.023406    0.019121   -0.025482
   -0.638000    0.027225   -0.000634   -0.031268
   -0.385000    0.030812   -0.008606   -0.018360
    0.222000    0.030254    0.015230    0.014300
   -0.028000   -0.034654    0.000846   -0.001299
   -0.077000    0.029605   -0.018397   -0.003749
   -0.367000    0.032389    0.004150   -0.016308
   -0.438000    0.008486    0.032115   -0.018984
   -0.651000    0.017600    0.022348   -0.030483
    0.498000    0.000627    0.030255    0.027736
   -0.030000   -0.000792   -0.034687   -0.003529
   -0.457000   -0.000505   -0.030281   -0.024528
   -0.731000    0.000153    0.026102   -0.034574
   -0.197000    0.030225    0.017733   -0.007747
    0.195000   -0.033453    0.008729    0.010722
   -0.351000   -0.029762   -0.012981   -0.019610
    0.139000   -0.033821    0.008325    0.007397
    0.245000   -0.021850    0.025801    0.014232
    0.516000   -0.027183   -0.014681    0.024926
    0.294000   -0.029692    0.015985    0.016277
   -0.089000    0.008748   -0.033134   -0.006665
   -0.052000    0.034429   -0.003958   -0.001376
   -0.361000    0.023323   -0.022045   -0.019086
   -0.579000   -0.023899   -0.013052   -0.030169
    0.017000    0.034745    0.002475    0.003093
   -0.734000    0.022304    0.011562   -0.035036
    0.653000    0.014586   -0.022226    0.032576
    0.434000    0.002516   -0.032082    0.020586
    0.572000    0.026503    0.008607    0.031538
    0.428000    0.026384   -0.016645    0.022037
    0.357000   -0.008437    0.031832    0.021368
   -0.378000    0.018822    0.028273   -0.016692
    0.321000    0.015676   -0.029788    0.015786
    0.218000   -0.027160   -0.020900    0.008964
    0.007000    0.025942   -0.023395    0.000571
    0.348000    0.020349   -0.026042    0.016857
   -0.041000   -0.034074    0.006430   -0.002603
    0.152000    0.033451    0.007798    0.009685
   -0.654000    0.001147    0.028223   -0.031419
   -0.045000    0.022445   -0.026283   -0.003339
   -0.681000   -0.025196    0.002892   -0.034825
   -0.206000    0.025123    0.023839   -0.007492
    0.727000   -0.022152   -0.012004    0.036874
    0.655000   -0.024255    0.010892    0.034428
   -0.261000   -0.014229    0.031404   -0.011039
    0.672000    0.024161   -0.006976    0.035281
    0.013000   -0.011731    0.033685    0.003867
   -0.097000    0.026330    0.023540   -0.001669
    0.623000    0.025761    0.007449    0.033369
    0.148000   -0.017590    0.030204    0.010036
   -0.603000    0.013143   -0.023635   -0.031125
   -0.222000    0.004617    0.034958   -0.008327
   -0.448000    0.027725   -0.014033   -0.022825
    0.009000   -0.035103   -0.001300    0.000299
   -0.356000   -0.031025    0.011307   -0.017701
   -0.419000   -0.022328   -0.021179   -0.022906
    0.489000    0.017718    0.024004    0.028008
    0.558000    0.004590   -0.029522    0.026884
    0.268000    0.005020    0.033285    0.016291
    0.461000    0.020380    0.022942    0.025881
    0.732000   -0.015557   -0.020098    0.036121
   -0.425000   -0.000228   -0.030645   -0.022969
    0.272000   -0.008848   -0.032765    0.011847
   -0.272000    0.033618    0.006384   -0.011543
    0.191000   -0.024912    0.024570    0.010891
    0.242000   -0.002123    0.033745    0.015548
    0.143000    0.002439    0.034646    0.010591
    0.142000   -0.026775    0.022377    0.008700
    0.497000    0.011030   -0.028810    0.024232
    0.239000   -0.025074    0.023718    0.013867
    0.261000   -0.007835    0.032747    0.016151
    0.427000   -0.031591   -0.002740    0.021127
    0.640000    0.016777   -0.021570    0.032692
   -0.009000    0.034277    0.007869    0.001173
    0.291000   -0.032824   -0.008744    0.013422
   -0.069000    0.008670   -0.033912   -0.005600
   -0.501000    0.028253    0.013440   -0.023463
    0.071000    0.011699    0.033680    0.007649
   -0.712000   -0.018805   -0.013804   -0.037956
    0.589000    0.027550   -0.005064    0.031742
    0.018000   -0.003853   -0.034835   -0.001110
    0.193000    0.000885   -0.034473    0.008484
    0.639000   -0.009443   -0.025986    0.031246
    0.407000   -0.015616   -0.028908    0.019080
    0.105000    0.002755   -0.034258    0.002999
   -0.163000    0.005509    0.035286   -0.004395
    0.266000   -0.006410   -0.033045    0.011752
   -0.472000   -0.026295   -0.014079   -0.024840
    0.199000    0.034052    0.005243    0.011795
    0.691000    0.024906    0.001860    0.037129
    0.031000    0.030836    0.016527    0.003818
    0.174000    0.021372    0.027446    0.012693
   -0.671000    0.023004    0.014590   -0.032287
   -0.018000    0.026061   -0.023399   -0.001254
   -0.474000   -0.024897    0.019335   -0.022425
   -0.629000   -0.026650    0.005488   -0.032185
   -0.556000    0.022406   -0.018214   -0.028968
    0.361000   -0.026856   -0.018941    0.017481
    0.591000    0.027467   -0.005265    0.031123
   -0.521000   -0.018394   -0.021813   -0.028725
   -0.304000    0.016871    0.029484   -0.012689
    0.303000   -0.032178    0.009354    0.016496
    0.568000    0.013563    0.024613    0.031800
   -0.135000   -0.034455    0.003597   -0.007596
   -0.310000    0.033631    0.001194   -0.013866
    0.147000    0.012469   -0.032287    0.005668
    0.321000    0.032818   -0.002480    0.017448
   -0.648000   -0.013185    0.024300   -0.030724
   -0.025000   -0.026890   -0.022014   -0.003138
   -0.059000   -0.034251   -0.004700   -0.003468
   -0.468000    0.017543    0.026814   -0.020432
    0.621000   -0.004700   -0.027636    0.030904
   -0.260000    0.027696    0.021190   -0.010770
    0.560000    0.006804    0.027353    0.031906
    0.242000   -0.034561   -0.000239    0.011604
   -0.353000   -0.028368    0.016343   -0.017743
   -0.133000    0.024823    0.025080   -0.003037
   -0.049000   -0.020133   -0.028207   -0.004154
   -0.644000    0.027013   -0.003300   -0.031208
   -0.488000    0.029788   -0.005460   -0.024325
    0.680000    0.014773    0.019422    0.037059
    0.705000    0.020309   -0.014278    0.035798
   -0.715000    0.004313    0.026157   -0.034531
   -0.555000    0.006491    0.029757   -0.025502
   -0.159000    0.006744   -0.033076   -0.010197
   -0.240000   -0.033220    0.007513   -0.012406
    0.043000    0.032885   -0.010821    0.002981
   -0.120000    0.000407    0.035787   -0.003344
   -0.198000   -0.018788   -0.027998   -0.011671
   -0.039000   -0.030324   -0.017230   -0.004126
   -0.622000   -0.026876    0.004021   -0.031181
    0.390000   -0.022743   -0.023530    0.018838
   -0.253000    0.013992   -0.030271   -0.014257
   -0.032000   -0.020414    0.028850    0.000986
    0.301000   -0.033571    0.005034    0.015758
    0.035000   -0.019290    0.029611    0.004143
    0.616000    0.023582    0.012399    0.033346
   -0.373000   -0.031661    0.005845   -0.018732
    0.435000   -0.031919    0.000255    0.022219
   -0.372000   -0.031747    0.008873   -0.019345
   -0.702000    0.002732   -0.023180   -0.036461
   -0.203000    0.020515    0.028895   -0.006647
   -0.417000    0.030611   -0.007474   -0.020668
    0.397000    0.022150    0.022753    0.023283
    0.598000    0.017956   -0.022332    0.029613
    0.687000   -0.022818    0.011769    0.035496
    0.721000   -0.010168   -0.022951    0.036095
    0.611000    0.025608    0.009728    0.033713
    0.319000   -0.021619    0.025837    0.017625
   -0.248000   -0.001682   -0.033092   -0.014078
   -0.585000   -0.017806   -0.020181   -0.031042
    0.139000    0.025184    0.023853    0.010658
   -0.274000    0.008200    0.033562   -0.010472
    0.709000    0.016333    0.017827    0.038458
    0.252000    0.029185   -0.017065    0.013145
    0.501000   -0.021025   -0.023085    0.023767
   -0.681000   -0.016961    0.020284   -0.033115
   -0.613000   -0.026095   -0.007331   -0.031698
    0.348000    0.017919    0.027441    0.020507
    0.589000   -0.010148   -0.027231    0.028331
   -0.539000    0.029861    0.004277   -0.025279
   -0.116000    0.026497    0.024030   -0.003364
    0.641000   -0.019654    0.018524    0.034693
    0.085000    0.001519    0.034924    0.007401
   -0.563000   -0.025847   -0.011999   -0.029331
    0.235000    0.027270    0.020322    0.014609
   -0.587000    0.005241    0.029760   -0.027135
   -0.432000    0.024386    0.021686   -0.019503
    0.170000    0.032863    0.009858    0.010733
    0.132000    0.033665   -0.005391    0.008158
   -0.475000    0.030600   -0.003041   -0.023239
    0.521000   -0.029057    0.007929    0.027423
   -0.210000   -0.022408    0.026687   -0.008826
    0.002000   -0.033726   -0.009156   -0.000388
    0.456000    0.027946   -0.014292    0.023708
    0.635000   -0.009290    0.025550    0.034258
   -0.067000   -0.013713   -0.031638   -0.005512
    0.300000    0.008080   -0.032935    0.014367
    0.286000    0.031303   -0.010404    0.015249
   -0.453000    0.031002   -0.002741   -0.022403
   -0.391000   -0.001447   -0.031485   -0.021532
    0.190000    0.007217   -0.033730    0.007551
   -0.622000    0.021749   -0.015454   -0.031989
   -0.185000    0.002566    0.034877   -0.006131
   -0.305000   -0.011203    0.032908   -0.012705
    0.731000   -0.014421   -0.020844    0.035998
   -0.025000   -0.021615    0.028022    0.000265
   -0.169000   -0.005390   -0.033978   -0.010665
    0.565000   -0.028571    0.006205    0.029639
   -0.139000   -0.020418   -0.027664   -0.009214
    0.182000   -0.033893   -0.007762    0.007923
   -0.325000   -0.006447    0.033268   -0.014147
    0.192000   -0.016590    0.030137    0.012692
   -0.690000    0.015486    0.022275   -0.032728
   -0.353000   -0.010745    0.032247   -0.015065
   -0.144000   -0.018608    0.029748   -0.005472
   -0.552000   -0.023319   -0.015390   -0.029399
    0.641000    0.012762    0.023040    0.035978
    0.611000    0.013895   -0.024577    0.030616
    0.488000    0.019546   -0.023813    0.024553
   -0.483000    0.000885   -0.029638   -0.025617
    0.597000    0.026945    0.005657    0.032933
    0.686000   -0.011439   -0.024108    0.033112
   -0.224000    0.033370    0.010077   -0.008898
    0.408000    0.014683    0.028302    0.023910
    0.410000    0.031356   -0.002369    0.022826
   -0.402000   -0.011108    0.031416   -0.018374
   -0.698000   -0.022642    0.012572   -0.035024
   -0.119000   -0.027227    0.021987   -0.004365
    0.000000    0.034538    0.007204    0.001925
   -0.428000   -0.024875   -0.017327   -0.023110
   -0.451000   -0.009998   -0.028906   -0.024843
   -0.063000    0.002453   -0.034667   -0.005389
    0.366000   -0.005203    0.032415    0.021657
    0.083000   -0.015690    0.032187    0.007365
   -0.559000    0.025101    0.015969   -0.026725
   -0.277000    0.017206    0.029571   -0.010430
    0.248000    0.026523    0.021401    0.015314
    0.495000    0.028704   -0.010489    0.026396
   -0.521000   -0.029327    0.005872   -0.026540
    0.565000    0.013614   -0.025802    0.028612
   -0.094000    0.004889    0.035555   -0.001961
   -0.024000    0.009851   -0.033704   -0.003349
    0.278000   -0.008181    0.033174    0.016879
    0.482000   -0.028988    0.010356    0.024766
    0.293000   -0.033325    0.005655    0.014521
   -0.204000    0.031037   -0.014271   -0.010133
   -0.622000    0.025382    0.012245   -0.030119
    0.123000    0.025996   -0.023218    0.006344
    0.331000   -0.012464   -0.031327    0.015211
    0.317000   -0.026208   -0.020534    0.014876
    0.324000    0.032932    0.003616    0.018491
    0.247000   -0.013542    0.031561    0.014584
   -0.421000    0.026668   -0.017132   -0.021522
   -0.485000    0.029231   -0.008106   -0.024201
   -0.597000   -0.008787    0.027939   -0.028780
    0.107000   -0.026761    0.022592    0.006455
   -0.036000   -0.021297    0.028080    0.000164
    0.502000   -0.027502   -0.015012    0.024952
    0.563000    0.021500   -0.019353    0.028631
    0.739000   -0.001446   -0.024620    0.036955
    0.029000    0.032362   -0.013852    0.002485
    0.160000   -0.004997    0.034903    0.011451
   -0.227000   -0.020002    0.028346   -0.010116
   -0.312000    0.020568   -0.025332   -0.017026
    0.627000    0.023080   -0.014925    0.032936
    0.634000    0.023080    0.011451    0.035167
    0.252000    0.016000   -0.030335    0.012378
    0.631000    0.025936   -0.008178    0.033071
   -0.392000   -0.028854   -0.013204   -0.020874
   -0.112000   -0.026294    0.023371   -0.004086
   -0.225000    0.033121    0.010325   -0.009110
    0.558000   -0.027650   -0.011090    0.028162
   -0.731000   -0.014630    0.020686   -0.035744
   -0.715000   -0.000065   -0.023130   -0.037106
   -0.463000   -0.021479   -0.020902   -0.025685
    0.614000   -0.028479   -0.001713    0.031315
    0.609000   -0.009927    0.025849    0.033181
    0.298000   -0.024572    0.022658    0.016448
    0.417000    0.003178   -0.032227    0.019830
   -0.661000   -0.019903    0.018523   -0.032286
   -0.329000   -0.032745    0.005254   -0.016689
   -0.048000   -0.005548   -0.034200   -0.004488
   -0.671000    0.015975   -0.019268   -0.035168
   -0.278000   -0.017689   -0.027720   -0.016738
   -0.417000    0.013646   -0.027822   -0.021817
    0.584000   -0.023603   -0.017567    0.028281
   -0.016000    0.017571    0.030905    0.003055
    0.297000   -0.024048   -0.023952    0.013931
   -0.304000    0.013046    0.031934   -0.011794
   -0.358000    0.001949    0.034438   -0.014575
   -0.450000   -0.015150   -0.025763   -0.025031
   -0.219000    0.031410    0.014463   -0.008148
    0.527000    0.026291    0.011838    0.029408
    0.375000    0.031995    0.002440    0.020543
    0.456000    0.002225   -0.032012    0.022264
   -0.596000   -0.018016   -0.019379   -0.032324
   -0.487000   -0.002423   -0.029312   -0.026858
    0.453000    0.028871    0.010512    0.025396
   -0.207000    0.009751   -0.032112   -0.012111
   -0.358000   -0.019075   -0.026053   -0.020132
   -0.566000    0.005989   -0.026763   -0.029906
    0.032000    0.000222    0.035425    0.005142
   -0.098000    0.025034   -0.023478   -0.005646
   -0.634000   -0.024397    0.012030   -0.031442
    0.243000   -0.000648   -0.034125    0.011068
    0.638000    0.026136    0.000802    0.034638
    0.666000    0.013640   -0.022380    0.033087
   -0.340000    0.002685   -0.032046   -0.018378
    0.474000    0.028082    0.011725    0.026756
    0.683000   -0.001619    0.025055    0.037555
   -0.240000    0.021470    0.027930   -0.009144
    0.044000    0.012261    0.032869    0.005032
    0.738000   -0.020782    0.010780    0.038257
    0.683000   -0.026242   -0.000891    0.035054
    0.694000    0.018078   -0.018094    0.035068
    0.229000    0.031077   -0.012839    0.012551
   -0.211000   -0.018219    0.029598   -0.008922
   -0.749000    0.014257   -0.016664   -0.039058
   -0.689000    0.011776   -0.021004   -0.035863
    0.334000   -0.010876   -0.032040    0.015519
    0.611000    0.009469    0.025710    0.034194
   -0.411000    0.005858   -0.030491   -0.022031
    0.602000   -0.015268    0.023262    0.032478
   -0.391000   -0.030711   -0.009503   -0.020846
    0.063000    0.014221    0.032283    0.007012
   -0.609000    0.025920    0.013279   -0.029004
   -0.464000    0.031013    0.002297   -0.022621
   -0.513000   -0.028771   -0.007455   -0.026674
   -0.334000   -0.029790    0.014607   -0.015998
    0.426000   -0.032029    0.002440    0.022227
    0.722000    0.021348    0.008635    0.038554
    0.474000    0.014921    0.026291    0.027077
   -0.408000   -0.031543   -0.004405   -0.021250
    0.274000   -0.017982    0.028708    0.015818
   -0.058000    0.017885    0.030725   -0.000057
   -0.158000   -0.034411   -0.003320   -0.008342
   -0.359000   -0.028650    0.017228   -0.017418
    0.525000    0.021735   -0.021068    0.026837
    0.657000   -0.013509   -0.024190    0.031953
    0.649000   -0.008706    0.024548    0.035556
   -0.742000   -0.015814   -0.014831   -0.039451
   -0.053000    0.033291    0.011267    0.000206
   -0.372000   -0.018290    0.027507   -0.016897
   -0.718000   -0.005276    0.024987   -0.034075
   -0.036000   -0.030122   -0.017577   -0.003855
    0.512000   -0.000202   -0.030546    0.024606
    0.196000   -0.032619    0.011971    0.011030
    0.624000    0.026786   -0.000039    0.033723
   -0.725000    0.004373    0.025705   -0.034641
    0.491000   -0.021999    0.021935    0.026879
   -0.194000   -0.032638    0.009865   -0.009357
    0.242000    0.033246   -0.001910    0.014150
    0.621000   -0.020951   -0.019388    0.030718
    0.680000    0.007633    0.024045    0.037816
    0.378000    0.032093    0.004511    0.021417
   -0.102000    0.023435    0.026360   -0.001787
   -0.620000    0.027351    0.004517   -0.030465
   -0.580000   -0.028468    0.002743   -0.030183
    0.452000   -0.022613    0.022164    0.024686
    0.501000    0.029012   -0.008313    0.026631
   -0.149000   -0.033481    0.009778   -0.007089
   -0.083000   -0.023336    0.026155   -0.002261
   -0.539000   -0.003946    0.030473   -0.024293
   -0.470000    0.005740   -0.029868   -0.025091
    0.679000   -0.015083    0.020961    0.036217
    0.246000   -0.016094    0.030000    0.015404
    0.197000    0.005048    0.034062    0.013616
   -0.602000    0.023185    0.016998   -0.028577
   -0.350000    0.030122   -0.012359   -0.016918
    0.379000    0.031561    0.003587    0.020782
    0.199000   -0.012356    0.032367    0.012629
   -0.681000    0.021707   -0.012248   -0.034493
   -0.384000   -0.024058    0.023150   -0.017764
   -0.194000    0.016265    0.031182   -0.006938
   -0.159000   -0.016972   -0.029609   -0.010252
    0.153000    0.019362   -0.028174    0.007294
   -0.528000   -0.023822   -0.016004   -0.027865
   -0.476000    0.031347    0.000973   -0.022631
   -0.315000   -0.031652    0.010079   -0.015443
    0.652000    0.020658    0.016082    0.036301
   -0.018000    0.017638   -0.030112   -0.002166
    0.567000   -0.013384   -0.026408    0.027054
    0.140000   -0.014754    0.031447    0.009199
   -0.565000    0.015720    0.026071   -0.026085
    0.582000    0.004438   -0.028691    0.027896
   -0.443000    0.012256   -0.028036   -0.024262
    0.486000   -0.024114    0.018698    0.026680
    0.679000    0.012726   -0.022864    0.034558
    0.369000   -0.017673    0.027411    0.020964
    0.131000   -0.012485    0.032658    0.008968
    0.211000   -0.013825   -0.031918    0.009363
   -0.455000   -0.017659    0.027170   -0.021335
    0.316000    0.005409    0.032742    0.019425
   -0.358000   -0.006071   -0.031292   -0.019618
    0.274000    0.025857    0.021023    0.016869
    0.674000   -0.021649   -0.015808    0.033136
   -0.334000    0.017122   -0.027853   -0.017352
   -0.509000    0.017976    0.026280   -0.022825
    0.293000   -0.030194   -0.014825    0.013465
   -0.728000   -0.012052    0.022717   -0.035589
   -0.547000   -0.008870   -0.026428   -0.029842
   -0.050000    0.008970   -0.033907   -0.003861
   -0.661000    0.012306   -0.021951   -0.034594
   -0.380000   -0.014036   -0.028056   -0.021861
   -0.071000    0.021150    0.028211   -0.000929
    0.319000   -0.023280   -0.024245    0.014545
   -0.347000    0.030443    0.014413   -0.015393
   -0.271000    0.015787   -0.029551   -0.014582
   -0.651000    0.019658   -0.017221   -0.032859
   -0.664000    0.026219    0.007344   -0.032166
   -0.474000    0.030020   -0.006805   -0.023357
    0.545000    0.022308   -0.019608    0.027870
   -0.247000   -0.023371    0.025844   -0.011256
    0.451000   -0.030341   -0.007685    0.022193
   -0.283000    0.028420   -0.016775   -0.014565
   -0.018000    0.032202    0.015131    0.002304
    0.315000   -0.007309   -0.032390    0.013574
    0.381000    0.031408    0.007658    0.021483
    0.588000    0.012407    0.024860    0.032781
    0.472000    0.030157    0.002063    0.025480
   -0.271000   -0.022818   -0.024519   -0.015511
    0.416000    0.004516   -0.032085    0.019713
   -0.552000    0.018246    0.025060   -0.025379
    0.707000   -0.018187   -0.018899    0.034360
    0.628000   -0.025975    0.008449    0.032747
    0.071000   -0.020835    0.028696    0.005472
   -0.248000    0.028129    0.020369   -0.009354
    0.365000   -0.025854   -0.020311    0.016721
    0.580000    0.005689   -0.028252    0.028095
   -0.275000   -0.013473   -0.030209   -0.015451
   -0.326000   -0.031406    0.010953   -0.016764
   -0.592000    0.014478   -0.023310   -0.031487
   -0.535000    0.019467   -0.020877   -0.027321
    0.114000   -0.026205   -0.022882    0.003600
   -0.039000    0.007545    0.035071    0.001003
   -0.612000    0.013629    0.025598   -0.028371
    0.589000    0.022985   -0.017192    0.030207
   -0.739000    0.023668    0.006239   -0.036663
   -0.247000    0.000415   -0.033049   -0.014191
    0.656000   -0.021495   -0.017348    0.032380
   -0.504000   -0.022120   -0.018902   -0.026725
   -0.706000   -0.024628   -0.001532   -0.036325
   -0.483000    0.023277    0.021043   -0.022444
    0.638000   -0.018220   -0.021498    0.030847
    0.053000   -0.030105    0.018633    0.003714
    0.393000   -0.013339    0.029131    0.021876
   -0.146000   -0.028304    0.020296   -0.005777
    0.505000   -0.016381   -0.026137    0.023606
    0.579000    0.013058   -0.025654    0.029071
   -0.563000    0.022181   -0.017467   -0.029200
    0.261000   -0.033737    0.002632    0.012620
    0.277000   -0.003996    0.033393    0.017190
   -0.514000   -0.021586   -0.019682   -0.027754
    0.561000   -0.019621   -0.022955    0.027304
    0.175000   -0.030091   -0.017211    0.007509
   -0.093000   -0.023555    0.026232   -0.002707
   -0.108000   -0.002207   -0.034147   -0.007689
    0.686000   -0.023840   -0.010326    0.034631
   -0.082000   -0.035035    0.003644   -0.004512
    0.727000   -0.016132   -0.019136    0.036180
   -0.469000    0.031126   -0.000446   -0.022412
   -0.684000    0.025324    0.007122   -0.033726
   -0.434000    0.031413   -0.003879   -0.020375
    0.606000   -0.019934    0.019039    0.032256
    0.180000   -0.029315   -0.019168    0.007615
    0.611000    0.016835   -0.022256    0.031198
    0.289000    0.032302   -0.006730    0.015799
   -0.306000   -0.026787    0.021388   -0.013961
   -0.081000    0.008619   -0.033442   -0.005282
   -0.135000   -0.003899   -0.034086   -0.008595
   -0.453000   -0.014675    0.029287   -0.020730
   -0.734000    0.015786   -0.016885   -0.038322
   -0.595000   -0.027662   -0.004720   -0.031068
    0.458000    0.024368   -0.019866    0.023595
   -0.297000   -0.033129   -0.002367   -0.016355
    0.076000   -0.034736    0.004348    0.003273
    0.116000    0.034052   -0.005565    0.007281
   -0.496000   -0.014548   -0.025773   -0.026859
   -0.687000    0.025858   -0.001997   -0.033816
   -0.052000    0.022906    0.027172    0.000714
    0.540000    0.006553    0.028025    0.030890
   -0.036000    0.018890   -0.029483   -0.003317
    0.581000   -0.028255   -0.008185    0.028655
   -0.420000    0.015566   -0.026529   -0.022346
    0.338000   -0.030037    0.014743    0.018388
    0.599000   -0.007222    0.027440    0.032679
    0.630000    0.013372    0.022542    0.034527
   -0.599000    0.026538   -0.009489   -0.029986
   -0.176000   -0.029182   -0.017097   -0.010323
    0.102000    0.022283   -0.026196    0.005124
   -0.130000   -0.006837    0.034715   -0.003709
    0.340000    0.032434   -0.003337    0.019343
   -0.603000   -0.027484   -0.000788   -0.030644
    0.081000    0.032844   -0.010331    0.005135
    0.641000   -0.009871    0.024582    0.035263
   -0.679000    0.019434    0.019593   -0.031949
   -0.499000    0.015077    0.027806   -0.022367
    0.498000    0.016236   -0.026329    0.024602
   -0.371000    0.025857    0.021122   -0.015469
   -0.089000   -0.021234   -0.027201   -0.006962
    0.005000    0.013306    0.032925    0.004218
    0.430000    0.031041    0.001168    0.023327
   -0.660000   -0.019491    0.018708   -0.031830
    0.369000    0.030143   -0.012055    0.019436
    0.354000   -0.009795    0.031229    0.021033
    0.058000   -0.024676    0.025905    0.004989
    0.029000   -0.014623    0.032831    0.004387
   -0.539000   -0.021988   -0.018364   -0.029140
    0.119000   -0.032761   -0.011346    0.005518
   -0.718000   -0.012075    0.023149   -0.034915
   -0.730000   -0.018019   -0.012959   -0.037779
   -0.332000    0.019264    0.028182   -0.013695
    0.180000    0.033544   -0.006631    0.010564
   -0.067000    0.031132   -0.015853   -0.002523
   -0.112000    0.029805   -0.018292   -0.006065
   -0.589000   -0.003020    0.029940   -0.026955
   -0.521000   -0.012015   -0.026435   -0.028644
   -0.745000    0.009461    0.023478   -0.035672
    0.212000   -0.019355   -0.028380    0.009386
    0.137000    0.017800    0.030128    0.010267
   -0.744000   -0.021965   -0.006208   -0.038171
    0.492000    0.030133    0.001789    0.027198
   -0.082000    0.006026    0.035541   -0.000554
    0.287000   -0.029315   -0.016688    0.013545
   -0.106000    0.003356   -0.034625   -0.007103
    0.093000    0.034958   -0.000664    0.006334
   -0.475000   -0.028003    0.013908   -0.023475
   -0.278000   -0.012585    0.032395   -0.011765
   -0.436000    0.023564   -0.019645   -0.022906
   -0.350000    0.027647    0.018918   -0.015143
    0.303000   -0.019683    0.026905    0.017912
   -0.091000    0.027989   -0.020685   -0.004977
    0.209000   -0.032376   -0.011927    0.009123
    0.152000    0.006154   -0.034048    0.006249
    0.315000   -0.013363   -0.030858    0.014024
   -0.110000   -0.034093   -0.006782   -0.006267
    0.016000    0.034378   -0.006339    0.001385
    0.298000   -0.012986   -0.030929    0.013053
   -0.323000    0.030947   -0.012526   -0.016470
    0.256000   -0.027299   -0.020161    0.011382
    0.362000   -0.021178   -0.025212    0.017235
    0.692000   -0.024978    0.004424    0.035444
    0.100000   -0.002382   -0.034519    0.002788
    0.394000    0.031520    0.001241    0.021494
   -0.567000    0.029177    0.005659   -0.027353
   -0.523000    0.021858   -0.019757   -0.027233
   -0.570000    0.028009    0.008934   -0.027168
    0.246000    0.032812   -0.006179    0.013837
   -0.346000   -0.032109   -0.002793   -0.018618
   -0.659000    0.021666   -0.013683   -0.033285
   -0.708000   -0.024464    0.002787   -0.036283
   -0.671000    0.016054   -0.018872   -0.034322
    0.744000   -0.002450   -0.024618    0.036553
   -0.525000   -0.009272   -0.027058   -0.027976
    0.381000   -0.020325    0.025927    0.021930
   -0.598000    0.011751   -0.024370   -0.031144
    0.173000    0.020846    0.027999    0.012073
    0.125000    0.034828    0.004102    0.008871
   -0.093000    0.029208   -0.019083   -0.004252
    0.646000    0.026224   -0.004607    0.034477
   -0.182000   -0.000181   -0.034162   -0.011617
   -0.110000   -0.026389   -0.022335   -0.006954
   -0.718000   -0.019390    0.016175   -0.035329
    0.693000   -0.011661   -0.023532    0.033601
    0.198000   -0.031009    0.015747    0.011074
   -0.559000   -0.020238   -0.019395   -0.030277
   -0.481000    0.001101    0.032595   -0.021589
   -0.277000   -0.015964   -0.028892   -0.015568
    0.195000   -0.034115   -0.003084    0.009435
    0.268000   -0.034022    0.003287    0.013977
    0.589000   -0.027420    0.006236    0.030311
   -0.585000   -0.025411    0.014094   -0.028729
   -0.732000   -0.023234    0.004121   -0.036685
    0.315000    0.031908    0.007754    0.018805
    0.423000   -0.015695    0.028047    0.023932
    0.001000    0.015259    0.031779    0.003107
   -0.686000   -0.024613   -0.003873   -0.035106
   -0.628000   -0.026119   -0.005606   -0.032440
    0.603000    0.010418   -0.026341    0.030152
    0.747000   -0.020956    0.011030    0.039491
   -0.616000   -0.024035   -0.011136   -0.032013
    0.317000   -0.032163   -0.010283    0.014913
    0.237000    0.023841   -0.023976    0.012142
   -0.179000    0.026388   -0.021423   -0.009548
    0.369000    0.030864   -0.009441    0.020043
    0.324000    0.022146   -0.024828    0.015889
    0.687000    0.013257    0.020411    0.037434
   -0.602000    0.012389   -0.024531   -0.032209
    0.472000    0.017348    0.025224    0.027339
   -0.585000    0.017393   -0.021861   -0.030128
    0.731000   -0.018049   -0.017778    0.035982
   -0.101000   -0.006885    0.035461   -0.001688
   -0.237000   -0.033433    0.007954   -0.012456
   -0.257000    0.015787    0.031435   -0.010224
   -0.506000   -0.012096    0.029116   -0.024015
    0.722000    0.010805   -0.022101    0.035835
    0.215000    0.001572    0.034416    0.014378
   -0.258000    0.033231    0.007012   -0.011625
    0.475000   -0.030223   -0.008281    0.023470
   -0.384000   -0.021997   -0.022559   -0.020977
    0.607000    0.013052   -0.024952    0.029919
    0.385000    0.011668   -0.030597    0.018885
   -0.580000    0.020453   -0.018337   -0.029854
   -0.730000    0.000647    0.025627   -0.034830
    0.750000   -0.023633    0.000175    0.038164
   -0.735000   -0.012931    0.021035   -0.036068
   -0.070000   -0.024432    0.025788   -0.001823
    0.499000   -0.005691   -0.030706    0.023417
    0.268000    0.009437   -0.032345    0.012601
    0.530000    0.020897   -0.021849    0.026315
   -0.401000   -0.030216    0.012405   -0.019401
    0.499000    0.015870    0.025000    0.028861
   -0.099000    0.019083   -0.028658   -0.006253
    0.420000    0.017527   -0.027364    0.021201
   -0.626000   -0.012159   -0.022660   -0.033274
    0.462000   -0.030406   -0.006633    0.023195
   -0.659000   -0.024315   -0.008111   -0.034663
    0.365000   -0.009006   -0.032067    0.016578
   -0.364000   -0.022806    0.024611   -0.017427
   -0.262000   -0.033578   -0.002741   -0.014557
   -0.471000   -0.008927   -0.028684   -0.025389
   -0.266000    0.001626   -0.033067   -0.015381
   -0.257000   -0.020251   -0.026544   -0.015320
   -0.615000   -0.005904   -0.025194   -0.033243
   -0.153000    0.034451    0.003246   -0.006302
   -0.120000   -0.030999   -0.015872   -0.007099
   -0.070000    0.033947    0.007234   -0.001185
    0.676000   -0.025836   -0.000230    0.034659
   -0.050000   -0.009985   -0.033229   -0.004724
    0.388000   -0.009533   -0.031531    0.018215
   -0.206000    0.006791    0.034417   -0.006625
    0.080000   -0.016448   -0.030569    0.001626
   -0.511000   -0.028555   -0.007219   -0.026674
   -0.609000   -0.012918    0.026055   -0.028828
    0.273000    0.030975   -0.013780    0.014975
   -0.475000    0.019583   -0.023202   -0.025136
    0.680000    0.024568    0.003062    0.036185
   -0.437000   -0.028213   -0.011404   -0.023878
   -0.583000    0.010501   -0.025396   -0.030972
    0.617000   -0.008245    0.025839    0.033200
   -0.088000   -0.011990    0.033339   -0.001695
   -0.457000    0.021201    0.024734   -0.019927
   -0.206000    0.026482    0.022064   -0.007145
   -0.690000   -0.007038    0.025982   -0.032516
    0.517000   -0.029347    0.006243    0.026643
    0.530000    0.009721    0.027610    0.029489
   -0.383000   -0.031290   -0.005574   -0.020381
    0.216000    0.001892    0.034372    0.014321
    0.475000   -0.016983   -0.026778    0.022912
    0.532000   -0.024775   -0.017930    0.025331
    0.355000   -0.009666   -0.031427    0.016692
   -0.514000   -0.013639    0.027630   -0.024572
   -0.636000    0.027590    0.001579   -0.030682
   -0.183000   -0.026988   -0.019866   -0.011278
    0.062000    0.026998   -0.021463    0.003216
   -0.555000    0.017200    0.025702   -0.025294
   -0.185000    0.034049    0.003432   -0.007466
    0.055000   -0.028872    0.020454    0.004613
    0.352000    0.031978   -0.007327    0.018955
   -0.542000   -0.028983    0.001143   -0.027414
   -0.039000   -0.035488   -0.000707   -0.002832
   -0.178000   -0.033085   -0.009151   -0.010525
   -0.073000    0.034346    0.008040   -0.001356
    0.060000    0.028513   -0.019576    0.002974
   -0.650000    0.001407    0.028398   -0.031124
    0.529000    0.001807   -0.030397    0.026159
   -0.506000    0.024444    0.019114   -0.023254
    0.284000    0.033477   -0.003497    0.015676
   -0.003000    0.033747   -0.010345    0.000214
   -0.623000   -0.026837    0.005092   -0.031945
   -0.747000    0.019063    0.015564   -0.036308
   -0.628000    0.003950    0.028600   -0.029114
    0.372000    0.032253   -0.000717    0.020039
   -0.063000    0.031421   -0.014492   -0.002612
    0.743000    0.015731   -0.018390    0.037554
    0.619000   -0.021923   -0.018130    0.030094
    0.160000    0.001916    0.034795    0.010934
   -0.745000    0.019551   -0.011300   -0.038164
   -0.277000    0.023970    0.025404   -0.010498
   -0.593000    0.025627    0.012902   -0.028308
   -0.157000    0.032882    0.010961   -0.005513
   -0.383000    0.010614   -0.029944   -0.020462
    0.394000   -0.004269    0.031866    0.022930
   -0.539000    0.010703    0.029434   -0.024668
    0.073000   -0.031221    0.015863    0.005009
    0.272000   -0.028219    0.018305    0.014984
   -0.310000   -0.013529    0.031539   -0.012941
    0.528000    0.014625    0.024855    0.029734
   -0.207000    0.013172   -0.031255   -0.012176
   -0.275000    0.010940    0.032959   -0.010486
    0.722000   -0.024508    0.003047    0.036959
    0.118000   -0.011830    0.033162    0.008267
    0.715000    0.009928   -0.022720    0.035812
   -0.631000   -0.019014   -0.018054   -0.033460
    0.123000    0.015094   -0.031190    0.005151
    0.321000   -0.001989    0.032906    0.019109
    0.667000   -0.022653   -0.013781    0.032849
    0.650000   -0.021454    0.015131    0.033958
   -0.549000   -0.015794    0.025818   -0.026319
   -0.317000    0.005094   -0.032368   -0.017837
    0.592000   -0.008460   -0.028132    0.028853
    0.067000    0.033921   -0.004877    0.004598
   -0.310000   -0.027538    0.019693   -0.014273
   -0.127000    0.034108   -0.007817   -0.005631
   -0.646000    0.005740    0.027974   -0.029654
   -0.187000   -0.031026   -0.013573   -0.010313
   -0.440000    0.021921   -0.021112   -0.022168
   -0.309000   -0.028597    0.017989   -0.014432
   -0.313000   -0.014765   -0.029010   -0.017602
    0.545000   -0.028971    0.005883    0.027855
    0.322000    0.031330   -0.011106    0.017756
   -0.177000    0.017901    0.030246   -0.005931
   -0.165000    0.028727   -0.018030   -0.008312
   -0.320000    0.033900    0.001039   -0.015175
    0.355000    0.001522   -0.033485    0.016861
   -0.529000    0.029704    0.001281   -0.026051
    0.388000    0.028008    0.014745    0.022987
   -0.484000    0.019752    0.025044   -0.021311
    0.317000   -0.003357   -0.033657    0.013894
    0.188000   -0.004589   -0.034109    0.008173
   -0.648000    0.024635   -0.010063   -0.032658
    0.713000    0.012853   -0.021327    0.035640
    0.127000   -0.033413   -0.010585    0.005797
   -0.553000    0.023918   -0.015971   -0.028549
    0.361000    0.018184   -0.027108    0.017854
    0.006000   -0.014571   -0.031780   -0.002194
    0.480000    0.005976    0.029619    0.027327
    0.713000   -0.024450   -0.006315    0.035848
    0.589000   -0.028613    0.003971    0.030781
   -0.533000   -0.020883    0.022347   -0.025604
   -0.501000   -0.026919   -0.011266   -0.027183
    0.517000    0.028586    0.006977    0.027877
   -0.613000    0.023629   -0.013438   -0.030608
    0.303000   -0.029250   -0.016997    0.014548
    0.042000    0.035295   -0.002246    0.003204
    0.513000   -0.015228   -0.027300    0.024861
   -0.520000    0.028942    0.009804   -0.024780
   -0.610000    0.025988    0.012471   -0.028936
   -0.122000   -0.032870   -0.010245   -0.007011
   -0.058000    0.024856   -0.024106   -0.003486
    0.671000   -0.026357    0.001973    0.034962
   -0.142000   -0.003372   -0.034539   -0.008807
    0.733000    0.002504   -0.024603    0.036173
    0.223000   -0.029809    0.017820    0.012004
   -0.119000   -0.025267    0.024182   -0.004149
   -0.166000    0.013674   -0.031444   -0.009417
    0.031000   -0.022570    0.027047    0.004071
    0.644000   -0.000984   -0.027382    0.031953
    0.215000    0.016231    0.030155    0.014518
   -0.746000    0.016709   -0.015186   -0.038540
   -0.198000   -0.017941   -0.028870   -0.011971
    0.082000    0.016964    0.030901    0.007930
    0.245000   -0.004361    0.033549    0.016116
   -0.614000   -0.026086    0.010705   -0.031203
   -0.696000    0.019375    0.018120   -0.032787
   -0.746000    0.020002   -0.010802   -0.038220
    0.403000   -0.006871   -0.031455    0.018285
    0.662000   -0.009799    0.024088    0.035723
   -0.077000    0.005128   -0.034372   -0.005148
   -0.327000    0.009784    0.033188   -0.014022
   -0.651000   -0.010251   -0.023136   -0.034890
   -0.466000    0.005914   -0.029640   -0.024710
   -0.111000   -0.011715   -0.032625   -0.007830
   -0.503000    0.019091   -0.022659   -0.026346
    0.710000    0.023183    0.006448    0.038185
    0.280000    0.020524   -0.026903    0.013420
   -0.649000   -0.026008    0.001136   -0.032916
   -0.243000   -0.033273    0.002859   -0.013248
    0.213000    0.024963   -0.022898    0.010493
    0.263000    0.009299   -0.032158    0.011664
    0.423000    0.031374    0.002609    0.023808
    0.583000    0.007742   -0.027943    0.029226
    0.713000   -0.024713    0.004477    0.036463
   -0.558000   -0.008076   -0.026335   -0.029678
   -0.084000   -0.033030    0.010353   -0.003778
   -0.306000   -0.009013    0.032754   -0.013129
   -0.555000    0.019653    0.023108   -0.025955
    0.700000    0.022400   -0.010365    0.036898
   -0.091000   -0.019872    0.029692   -0.002485
    0.408000    0.014379   -0.028822    0.019814
    0.477000    0.027412   -0.012904    0.024525
   -0.330000    0.004833   -0.031924   -0.017871
    0.557000    0.011566   -0.027307    0.027277
   -0.493000    0.009904   -0.028278   -0.026181
   -0.439000   -0.026146    0.018634   -0.021386
   -0.719000   -0.013210   -0.018583   -0.037630
    0.001000   -0.035143   -0.000988   -0.000869
   -0.481000    0.028374    0.013522   -0.022236
   -0.480000    0.020142   -0.021891   -0.024950
   -0.439000   -0.001864    0.032968   -0.019209
   -0.037000    0.013905    0.032813    0.001594
   -0.173000   -0.029198    0.019324   -0.007399
    0.475000   -0.030955   -0.000149    0.024440
   -0.593000   -0.026341   -0.008269   -0.031642
    0.730000   -0.009380    0.021765    0.038857
   -0.220000    0.018214   -0.028762   -0.012695
    0.510000   -0.015958    0.025330    0.028362
    0.385000    0.002296    0.032103    0.022505
   -0.343000   -0.026570    0.020992   -0.016324
    0.274000    0.033441   -0.000916    0.015690
   -0.274000    0.004700    0.034740   -0.010474
   -0.671000   -0.024185    0.009682   -0.033808
    0.738000    0.007397   -0.023355    0.036598
   -0.575000   -0.028069    0.000858   -0.029106
   -0.121000    0.031889   -0.014550   -0.005922
    0.636000    0.006571    0.025273    0.035014
    0.692000   -0.006235    0.024119    0.037012
   -0.498000   -0.017118   -0.023313   -0.027380
    0.538000   -0.019827   -0.022730    0.026078
    0.039000   -0.034080   -0.008949    0.001007
    0.240000   -0.033775    0.004514    0.011739
    0.386000    0.030779    0.009040    0.021859
    0.528000   -0.020238   -0.023049    0.025033
   -0.288000   -0.020268   -0.026217   -0.016180
   -0.281000    0.031481    0.011826   -0.012275
   -0.317000   -0.028009   -0.016650   -0.017080
   -0.531000    0.029209    0.008761   -0.025637
    0.661000   -0.007594   -0.026432    0.032960
   -0.210000   -0.033707   -0.005861   -0.012042
    0.050000   -0.024044    0.026161    0.004224
    0.201000   -0.032114   -0.011833    0.009622
   -0.256000    0.033669   -0.001243   -0.011979
    0.674000    0.009549   -0.024364    0.033806
    0.388000   -0.026059    0.018829    0.021401
    0.599000    0.024113    0.012227    0.032893
    0.314000    0.012527   -0.031235    0.014872
   -0.343000   -0.025050    0.021857   -0.015862
    0.248000    0.026498    0.021450    0.016271
   -0.664000   -0.024146   -0.008337   -0.034160
   -0.309000    0.006755   -0.031451   -0.017786
   -0.299000    0.032692   -0.007031   -0.013918
   -0.195000   -0.034201    0.001248   -0.010028
    0.494000    0.028153   -0.011691    0.025902
   -0.250000   -0.033518    0.005202   -0.013182
    0.660000   -0.024628   -0.010261    0.033322
   -0.429000   -0.029083   -0.010727   -0.022851
   -0.346000    0.027497    0.019707   -0.015238
   -0.250000   -0.033783    0.005252   -0.012617
   -0.695000   -0.008740    0.025156   -0.033018
   -0.022000   -0.033323   -0.010917   -0.002716
   -0.553000    0.024691    0.017383   -0.026261
   -0.696000   -0.022015    0.013702   -0.034823
    0.339000    0.029156   -0.015350    0.017864
   -0.446000    0.030117    0.011910   -0.020637
    0.318000    0.032746   -0.004374    0.017316
    0.743000   -0.018234   -0.016178    0.037331
   -0.265000   -0.001428   -0.033131   -0.015845
   -0.025000    0.016826    0.031192    0.002591
   -0.467000    0.031305    0.001987   -0.022113
   -0.122000    0.034701   -0.002568   -0.004974
   -0.664000   -0.001636    0.027744   -0.031955
   -0.676000    0.014947    0.023482   -0.031715
    0.073000   -0.030891   -0.016553    0.002209
   -0.025000   -0.005033    0.035180    0.002085
    0.303000   -0.032828    0.005455    0.015967
    0.242000    0.021184   -0.026888    0.011469
   -0.454000   -0.020805   -0.022182   -0.025331
    0.091000   -0.030847    0.016575    0.005522
    0.674000    0.010419   -0.024757    0.033328
    0.499000    0.029977    0.003410    0.027751
   -0.131000    0.025684   -0.023207   -0.006942
   -0.261000    0.033479    0.004487   -0.011444
    0.629000    0.023755    0.011757    0.034338
    0.396000   -0.011470   -0.030603    0.018197
    0.210000    0.000198   -0.034241    0.008888
   -0.006000    0.027806   -0.020792   -0.000935
   -0.584000   -0.022079    0.019389   -0.027975
    0.737000    0.015390    0.017005    0.039543
   -0.492000   -0.011325   -0.026847   -0.026386
    0.433000    0.030110   -0.008335    0.023272
   -0.241000    0.007374    0.034593   -0.008800
   -0.431000   -0.001170    0.032623   -0.019206
   -0.486000   -0.018056   -0.023295   -0.025913
   -0.340000   -0.005804    0.033877   -0.014152
   -0.234000   -0.011626    0.033432   -0.009108
    0.098000    0.002686    0.035346    0.008362
   -0.263000    0.030855   -0.012465   -0.012392
    0.108000    0.021303   -0.027801    0.004791
    0.468000    0.003737    0.030727    0.026954
    0.392000    0.011702   -0.030322    0.018844
    0.186000   -0.007976   -0.033752    0.006908
    0.317000   -0.014583   -0.030172    0.013802
   -0.144000   -0.001195    0.035621   -0.004402
    0.462000    0.008505   -0.030605    0.022715
    0.055000   -0.027856    0.021956    0.004086
    0.285000    0.030395   -0.013414    0.014882
    0.707000    0.017028   -0.018868    0.035614
    0.278000   -0.002844    0.034151    0.016976
    0.278000   -0.025591   -0.022573    0.013033
    0.137000   -0.032339   -0.012286    0.005930
    0.048000    0.024660    0.024560    0.005639
    0.260000   -0.015674    0.030285    0.015867
    0.157000    0.018746    0.029273    0.011720
   -0.684000   -0.008587    0.025794   -0.032911
   -0.400000    0.005864   -0.031110   -0.021454
    0.188000    0.027708    0.020628    0.012599
    0.205000    0.033705    0.000334    0.011768
    0.374000   -0.002964   -0.033107    0.017328
   -0.421000   -0.030858    0.008158   -0.021695
    0.216000    0.032212    0.010783    0.013073
   -0.509000   -0.022454   -0.019118   -0.027158
   -0.139000    0.027870    0.021772   -0.004531
   -0.408000    0.031414    0.006277   -0.018382
   -0.191000    0.028438   -0.019384   -0.010165
    0.114000    0.012398    0.032596    0.008903
   -0.588000    0.007802   -0.025817   -0.031163
    0.252000    0.002045   -0.033946    0.010979
    0.365000   -0.023070   -0.023082    0.017092
    0.417000    0.019234   -0.025366    0.021010
    0.581000   -0.028391   -0.006904    0.028807
    0.736000   -0.020251   -0.014542    0.036402
    0.148000   -0.016287   -0.030331    0.005951
   -0.331000   -0.030853   -0.010444   -0.018356
    0.413000   -0.030736   -0.010043    0.020658
    0.258000    0.019869   -0.026883    0.012483
   -0.058000    0.034167    0.008807   -0.000656
   -0.738000   -0.018518    0.015760   -0.036756
    0.042000    0.034842   -0.003756    0.003597
   -0.695000   -0.024138   -0.005791   -0.035632
    0.049000   -0.016169   -0.030786    0.000728
   -0.444000   -0.017246   -0.024783   -0.024781
    0.476000   -0.020844    0.022691    0.025876
   -0.707000   -0.003785    0.026548   -0.033389
    0.078000   -0.019495   -0.028476    0.001915
   -0.526000    0.029861    0.007315   -0.024713
   -0.712000    0.024612   -0.002815   -0.035623
   -0.408000    0.019950   -0.024649   -0.021018
    0.033000   -0.015050   -0.031762   -0.000878
    0.683000    0.022536   -0.012621    0.034987
   -0.030000    0.020383    0.028854    0.001900
    0.287000   -0.016895    0.028920    0.017313
    0.159000   -0.012964    0.032455    0.011000
   -0.282000   -0.001566    0.034715   -0.011129
    0.114000   -0.034109    0.007386    0.005891
   -0.077000    0.017004   -0.029969   -0.004780
    0.434000   -0.025076    0.018988    0.024030
   -0.704000    0.023731    0.010103   -0.034527
    0.047000    0.031297   -0.015099    0.002945
   -0.091000    0.001785    0.035932   -0.001111
    0.374000   -0.009813   -0.031306    0.017170
    0.707000   -0.010247   -0.023742    0.035059
   -0.077000    0.029186    0.019385   -0.001175
   -0.398000    0.012485   -0.028953   -0.021683
   -0.744000   -0.019234   -0.011354   -0.038609
    0.392000   -0.025861   -0.020205    0.018255
   -0.712000   -0.023600    0.008269   -0.035589
    0.146000    0.000965    0.035178    0.011071
    0.750000    0.019828   -0.012578    0.038619
    0.543000    0.027288    0.009095    0.030215
    0.282000    0.008151   -0.033137    0.013434
   -0.103000   -0.011197    0.033624   -0.002092
   -0.330000   -0.029453    0.015195   -0.016323
   -0.050000    0.011892    0.033769    0.000766
   -0.295000   -0.025452    0.023283   -0.013247
    0.705000    0.023680   -0.003788    0.037752
   -0.489000    0.019745    0.025156   -0.021720
   -0.482000   -0.029151    0.011417   -0.023932
    0.414000   -0.029902    0.012010    0.021635
    0.231000   -0.005700   -0.033995    0.010126
   -0.125000   -0.029234    0.018993   -0.005419
   -0.551000    0.023262    0.019757   -0.025486
   -0.536000   -0.029343    0.002048   -0.027587
    0.743000    0.010827   -0.021315    0.037153
    0.640000   -0.027148    0.001530    0.032193
   -0.087000   -0.034811    0.002371   -0.004271
    0.008000    0.015269   -0.031448   -0.000914
    0.123000   -0.000226   -0.034865    0.003831
    0.447000   -0.016794   -0.027692    0.021198
    0.146000   -0.017901   -0.029519    0.005764
   -0.567000    0.001799   -0.027832   -0.030287
    0.078000   -0.034243   -0.005714    0.002904
   -0.465000   -0.030835   -0.002552   -0.023694
    0.199000   -0.003419   -0.034470    0.007651
    0.672000    0.019361   -0.017098    0.034147
   -0.316000   -0.005963    0.034336   -0.013220
   -0.341000    0.031835    0.010138   -0.015262
    0.244000    0.020230    0.027156    0.015725
   -0.104000    0.033423    0.010123   -0.002925
    0.587000    0.008919   -0.027719    0.028382
   -0.320000    0.033144    0.004510   -0.014061
    0.286000   -0.032364    0.010545    0.015554
    0.141000   -0.033680    0.010666    0.007492
   -0.619000   -0.027044    0.002121   -0.031756
    0.407000   -0.026716    0.017636    0.021677
   -0.083000   -0.005118   -0.034003   -0.006189
    0.011000    0.029622   -0.018111    0.000942
   -0.481000   -0.000301    0.032196   -0.021945
    0.441000   -0.026192   -0.018149    0.021423
   -0.616000    0.023403    0.015989   -0.028785
   -0.463000    0.008484    0.031253   -0.020315
    0.160000   -0.023894   -0.025119    0.006431
    0.191000   -0.034672   -0.002887    0.009058
   -0.032000   -0.026708    0.022768   -0.000533
    0.154000   -0.027830   -0.020828    0.006304
   -0.738000   -0.017825    0.017066   -0.035879
    0.395000    0.025899    0.018036    0.023014
    0.032000   -0.006142   -0.034563   -0.000225
    0.218000    0.005061   -0.034362    0.009106
   -0.683000   -0.004331   -0.023965   -0.036760
   -0.020000    0.034773    0.003305    0.001209
   -0.576000   -0.027775    0.005051   -0.029327
    0.338000    0.027716   -0.018139    0.017114
    0.715000    0.004160   -0.024778    0.035925
   -0.538000    0.029380    0.007653   -0.025785
   -0.463000   -0.029866    0.007478   -0.022920
   -0.299000    0.016778   -0.028278   -0.016643
   -0.050000    0.025293   -0.024444   -0.003186
    0.101000    0.013229    0.032387    0.009082
   -0.370000    0.026265    0.021075   -0.015609
    0.085000   -0.022840   -0.026651    0.001702
   -0.406000    0.031578   -0.001602   -0.018982
   -0.098000   -0.004608    0.035009   -0.002428
   -0.522000    0.013248    0.028359   -0.023500
   -0.126000    0.015386    0.031898   -0.002911
    0.110000    0.007588   -0.033671    0.003915
    0.520000    0.018952   -0.023209    0.025745
   -0.552000    0.026866   -0.011637   -0.027489
    0.184000    0.003473    0.034801    0.012414
    0.461000   -0.005754    0.030614    0.026207
   -0.495000   -0.005662    0.031709   -0.022519
   -0.010000    0.027062    0.023162    0.002783
    0.536000   -0.029610    0.005422    0.027030
    0.315000   -0.024846    0.022307    0.017088
    0.427000   -0.019070   -0.026048    0.020564
   -0.394000   -0.027271   -0.016205   -0.021909
   -0.375000   -0.011363   -0.029621   -0.020511
    0.026000    0.022743   -0.026710    0.000308
    0.628000    0.021108   -0.017583    0.032320
    0.114000   -0.023173    0.026039    0.008178
    0.574000    0.027524   -0.006516    0.030948
    0.139000   -0.010755    0.033479    0.010458
   -0.612000   -0.005520    0.028149   -0.028638
   -0.103000    0.008735   -0.033354   -0.006836
   -0.264000    0.001622    0.035019   -0.009745
   -0.746000    0.010772    0.022838   -0.035530
   -0.651000   -0.004231   -0.025183   -0.034741
    0.235000    0.024479    0.023419    0.015056
   -0.036000    0.032415    0.013605    0.000952
    0.640000    0.026095    0.003272    0.034173
   -0.009000    0.031745    0.015930    0.002522
   -0.647000    0.024291    0.013798   -0.030311
   -0.079000   -0.025311    0.024702   -0.002988
   -0.705000    0.015461    0.020986   -0.033089
   -0.491000   -0.022325   -0.019465   -0.026704
   -0.157000   -0.034842   -0.002276   -0.008848
    0.710000   -0.023718   -0.009201    0.036154
   -0.053000    0.008528   -0.033527   -0.003894
   -0.172000    0.017923    0.030140   -0.004949
   -0.688000   -0.000520   -0.024526   -0.036283
   -0.506000    0.006433    0.030546   -0.022424
   -0.570000    0.012132   -0.025047   -0.030276
    0.380000    0.021020    0.024053    0.022453
    0.188000   -0.034704   -0.001107    0.009059
   -0.605000    0.024664    0.014857   -0.027984
   -0.597000    0.021165   -0.017939   -0.030477
    0.651000   -0.026489   -0.006894    0.032799
    0.264000    0.006654   -0.033330    0.012234
    0.058000   -0.002488   -0.034546    0.000510
   -0.601000    0.026923   -0.007242   -0.029771
    0.138000    0.007156   -0.034131    0.006015
    0.644000    0.017952    0.018285    0.035491
   -0.458000   -0.022353    0.022541   -0.021268
    0.011000    0.000280    0.035953    0.003224
   -0.597000    0.027705    0.006776   -0.028033
   -0.519000   -0.027027   -0.010559   -0.027141
   -0.259000   -0.032794   -0.006905   -0.013481
    0.642000   -0.002769   -0.027408    0.030809
    0.420000    0.027197   -0.016447    0.021153
   -0.032000   -0.019336   -0.029338   -0.004038
    0.321000   -0.013527    0.030643    0.018546
   -0.570000    0.023337   -0.015657   -0.029433
   -0.564000   -0.024550   -0.013912   -0.030129
    0.232000    0.005470   -0.033477    0.009621
    0.243000   -0.023825    0.024522    0.014413
    0.394000    0.031304   -0.006275    0.021260
   -0.218000   -0.025819   -0.021037   -0.012339
   -0.537000    0.028570    0.008707   -0.025797
   -0.231000   -0.004777   -0.033376   -0.013759
    0.017000    0.030506    0.018122    0.003114
   -0.443000    0.027226    0.016946   -0.020365
   -0.461000   -0.030676    0.001931   -0.024057
   -0.148000   -0.033431   -0.009320   -0.009112
    0.149000   -0.032960    0.012491    0.007721
    0.690000   -0.012033    0.021625    0.037572
    0.019000   -0.029464    0.019989    0.002145
   -0.265000    0.029149   -0.016510   -0.013262
   -0.148000    0.021405   -0.026329   -0.007986
   -0.125000    0.028652   -0.018928   -0.005735
   -0.702000   -0.008562   -0.021511   -0.036838
    0.046000    0.003692    0.035308    0.005714
   -0.649000   -0.017940    0.020930   -0.031634
    0.022000   -0.019770   -0.028256   -0.000707
   -0.216000   -0.010934    0.032966   -0.008431
    0.403000    0.024399   -0.020415    0.020914
    0.496000    0.023372    0.018226    0.028069
   -0.647000    0.021183   -0.015903   -0.032520
   -0.013000    0.015671   -0.030856   -0.001471
    0.350000    0.031908   -0.007389    0.019498
   -0.374000   -0.031942    0.006687   -0.019514
   -0.689000   -0.013923    0.022800   -0.033439
   -0.733000    0.009074    0.023621   -0.035427
   -0.622000   -0.027137   -0.000366   -0.032141
   -0.251000    0.033242    0.006321   -0.011161
   -0.590000   -0.022573    0.018293   -0.028795
   -0.654000   -0.000426   -0.025216   -0.034323
   -0.251000   -0.023696   -0.023496   -0.015136
    0.230000   -0.008553   -0.033301    0.009867
    0.412000   -0.029728    0.011448    0.021636
    0.306000   -0.002042   -0.033398    0.013270
   -0.383000    0.032643   -0.001164   -0.018353
    0.436000    0.029148    0.011177    0.025150
   -0.056000   -0.034681    0.002987   -0.002530
   -0.250000    0.032911    0.009071   -0.011139
    0.190000   -0.030753    0.015657    0.010141
    0.359000   -0.023935    0.022849    0.019614
   -0.255000   -0.032863   -0.007605   -0.013359
    0.345000    0.032546    0.002556    0.019635
    0.514000    0.010877   -0.028595    0.025771
    0.621000   -0.007028    0.026125    0.033555
    0.154000    0.024990   -0.024144    0.007704
   -0.234000   -0.002961    0.035190   -0.008841
   -0.750000   -0.022507    0.004727   -0.037611
    0.344000   -0.007763   -0.032053    0.015905
    0.565000   -0.027613    0.010244    0.029815
    0.745000   -0.018095   -0.016661    0.037245
   -0.633000    0.025355    0.012788   -0.030642
   -0.148000    0.033970    0.005834   -0.005562
    0.743000   -0.020224    0.012465    0.038475
    0.179000   -0.015075   -0.031480    0.006610
    0.225000   -0.029506    0.018044    0.012237
    0.221000    0.012492   -0.032438    0.009901
   -0.110000   -0.004318   -0.034197   -0.008150
   -0.739000    0.024101    0.004080   -0.036564
   -0.584000    0.006845    0.028811   -0.026486
    0.181000   -0.029477    0.019126    0.010270
   -0.281000   -0.023177    0.025770   -0.012586
   -0.508000    0.030289    0.004126   -0.023647
   -0.325000    0.031634   -0.007918   -0.015478
   -0.363000    0.000997   -0.031714   -0.019997
   -0.536000    0.018471   -0.021870   -0.027966
    0.561000   -0.007155    0.027885    0.031013
    0.256000   -0.010513    0.032371    0.015275
   -0.698000   -0.019006    0.018111   -0.033878
    0.171000   -0.022461    0.026209    0.010215
   -0.486000    0.031074   -0.002063   -0.023473
   -0.693000   -0.023013    0.010221   -0.034309
    0.106000   -0.029989   -0.018105    0.003620
   -0.655000   -0.008472   -0.023415   -0.035292
   -0.310000   -0.032452    0.006990   -0.015907
    0.521000    0.020602   -0.022023    0.026923
   -0.145000   -0.016723   -0.030220   -0.009597
    0.119000    0.032034    0.012381    0.008486
   -0.453000    0.031517   -0.003078   -0.021446
    0.039000   -0.032973    0.011615    0.002610
   -0.714000    0.012893    0.022837   -0.034185
   -0.501000    0.007832   -0.028338   -0.026392
   -0.166000    0.018451    0.029818   -0.005361
   -0.101000    0.031854    0.014568   -0.002458
   -0.399000    0.031557    0.008627   -0.018603
   -0.501000    0.027605    0.014259   -0.023495
   -0.720000   -0.021624   -0.007734   -0.037256
   -0.408000   -0.006340   -0.030417   -0.023237
   -0.653000    0.001312    0.028101   -0.030171
    0.128000    0.034631    0.005561    0.009057
   -0.443000    0.012872   -0.027813   -0.023818
   -0.526000   -0.017489   -0.022862   -0.028271
   -0.339000   -0.006042    0.033687   -0.013983
   -0.728000    0.008135   -0.021291   -0.038514
   -0.343000   -0.016435    0.029935   -0.014999
    0.389000   -0.028768   -0.016024    0.018723
    0.033000   -0.032727   -0.012466    0.000950
    0.095000   -0.005635    0.034671    0.007967
   -0.729000   -0.006245    0.024787   -0.034506
   -0.594000    0.001515   -0.026787   -0.031157
   -0.409000   -0.009240    0.031935   -0.018005
    0.480000   -0.003960   -0.030840    0.023306
   -0.562000    0.028729    0.006587   -0.027285
    0.272000   -0.007184   -0.032890    0.012441
    0.156000    0.006673    0.034398    0.011372
   -0.084000   -0.016271   -0.030628   -0.006105
    0.346000   -0.011800    0.030838    0.020878
   -0.188000    0.009947   -0.032527   -0.011213
   -0.155000    0.022546    0.026741   -0.005137
    0.246000   -0.033404   -0.006811    0.011989
   -0.590000   -0.011589    0.027102   -0.028184
    0.207000   -0.021115   -0.027348    0.008846
   -0.082000   -0.030853   -0.015756   -0.005405
    0.069000    0.003049   -0.034874    0.002010
    0.541000    0.002840    0.028500    0.030585
   -0.355000   -0.018239   -0.026061   -0.019990
   -0.404000   -0.031630    0.001013   -0.021402
    0.184000   -0.018609    0.029384    0.012091
   -0.169000    0.031888    0.014107   -0.006445
    0.084000   -0.034635   -0.000476    0.003627
   -0.398000   -0.028134    0.015763   -0.018971
    0.260000   -0.004425   -0.033652    0.010992
   -0.289000   -0.031383   -0.011159   -0.015824
    0.441000   -0.025505    0.019414    0.023262
   -0.281000    0.004857   -0.032809   -0.015957
    0.349000    0.010011    0.030980    0.020641
    0.523000   -0.014545   -0.027177    0.025117
   -0.592000   -0.018792    0.022001   -0.028689
   -0.450000   -0.030103   -0.005295   -0.023114
   -0.432000   -0.028047    0.015979   -0.021398
   -0.534000    0.029631   -0.000846   -0.025940
   -0.468000    0.029834    0.009453   -0.021586
    0.172000    0.025349   -0.023298    0.007917
    0.699000    0.023906   -0.008031    0.035961
    0.401000   -0.032207   -0.003510    0.019744
    0.454000   -0.022532   -0.022236    0.021185
    0.077000   -0.027404   -0.021597    0.001688
   -0.204000   -0.024639    0.025161   -0.009054
    0.202000   -0.013201    0.032125    0.012522
    0.104000    0.001632    0.035292    0.009127
    0.174000    0.027839   -0.019470    0.008509
    0.218000   -0.011288    0.032797    0.014412
    0.497000   -0.030002    0.007660    0.025876
   -0.206000   -0.011744    0.033019   -0.008420
    0.121000    0.017128   -0.030240    0.004976
   -0.539000    0.020502    0.023504   -0.024260
   -0.707000    0.022755    0.011697   -0.034649
    0.364000   -0.000758    0.032312    0.022118
   -0.195000    0.004686   -0.033444   -0.011016
    0.150000   -0.001796    0.035453    0.011223
    0.284000   -0.007709   -0.033287    0.012635
   -0.146000   -0.027744   -0.019823   -0.008503
   -0.544000    0.027090    0.013116   -0.026045
    0.207000    0.024490   -0.023918    0.009621
    0.629000   -0.016316    0.021467    0.034515
    0.626000    0.014474    0.022646    0.034538
    0.405000   -0.032094   -0.005989    0.020341
    0.136000    0.030480    0.017208    0.009558
    0.640000   -0.018455    0.019987    0.034208
    0.189000   -0.031099    0.014940    0.010616
    0.655000    0.019263   -0.019047    0.033389
    0.604000   -0.018917    0.020329    0.032131
   -0.038000    0.009130   -0.033493   -0.002988
    0.720000    0.002970    0.023236    0.039032
   -0.079000   -0.004881   -0.034481   -0.006622
    0.509000   -0.029084   -0.010939    0.024500
    0.541000   -0.020887   -0.022277    0.026624
   -0.742000   -0.018114   -0.013462   -0.038367
   -0.688000    0.000825    0.027274   -0.032494
    0.601000    0.010155   -0.027030    0.030340
    0.365000   -0.000646   -0.033144    0.016872
    0.165000    0.028165   -0.019900    0.008786
   -0.399000   -0.000130   -0.031217   -0.022471
   -0.625000   -0.014791   -0.021134   -0.033379
    0.615000   -0.027676    0.000799    0.031835
    0.223000   -0.019621    0.027751    0.013656
   -0.202000   -0.005898    0.034724   -0.006961
    0.084000    0.014464   -0.031746    0.002479
   -0.533000   -0.022376   -0.018462   -0.028337
    0.541000    0.026868    0.009793    0.029572
   -0.253000    0.033332   -0.007217   -0.011572
   -0.347000    0.006703    0.033565   -0.014964
    0.396000    0.031521   -0.003123    0.021711
   -0.125000   -0.033925   -0.005825   -0.006821
    0.222000    0.013306   -0.031702    0.009482
    0.398000    0.021984   -0.024142    0.019307
   -0.720000   -0.000651   -0.022611   -0.037289
   -0.300000    0.033764   -0.002638   -0.014121
    0.487000   -0.011257   -0.029133    0.023079
   -0.073000   -0.033923   -0.008981   -0.005087
    0.628000   -0.005146    0.025892    0.034750
    0.649000    0.021352   -0.015763    0.032914
   -0.556000   -0.004175   -0.027285   -0.029787
   -0.740000    0.012477    0.022064   -0.035109
   -0.091000   -0.022724   -0.026078   -0.006954
   -0.700000   -0.009492   -0.021843   -0.037135
    0.368000   -0.031968   -0.009063    0.018154
    0.599000    0.012214   -0.025612    0.029512
    0.032000    0.017448    0.031002    0.005152
   -0.049000   -0.000646    0.035778    0.000155
   -0.234000    0.033462   -0.005286   -0.011089
    0.393000    0.027556    0.016341    0.022481
   -0.590000   -0.009734   -0.024848   -0.032314
   -0.327000    0.032884   -0.005252   -0.015252
    0.660000    0.016352    0.019266    0.036313
    0.645000   -0.005975   -0.027267    0.031409
   -0.506000   -0.014140   -0.025619   -0.027874
   -0.131000   -0.024320   -0.024323   -0.008644
    0.593000    0.014183    0.023165    0.032839
   -0.314000    0.017682   -0.027595   -0.016309
    0.611000   -0.017871   -0.022107    0.030366
   -0.656000    0.015029    0.024160   -0.031108
    0.722000    0.020759    0.010248    0.038620
    0.674000   -0.022890   -0.013393    0.033800
    0.474000    0.016388    0.025427    0.026834
   -0.279000    0.031008   -0.013256   -0.013085
   -0.722000    0.009037    0.024958   -0.034831
    0.362000    0.013236   -0.029940    0.017790
    0.199000    0.033361    0.006925    0.012321
   -0.641000   -0.012966    0.024799   -0.031122
    0.201000   -0.030913    0.015579    0.010608
   -0.015000   -0.032217   -0.013577   -0.001569
    0.492000   -0.009247   -0.029279    0.023610
    0.525000    0.024997    0.014863    0.029037
   -0.602000    0.012891   -0.023690   -0.031256
    0.312000   -0.025348    0.021497    0.016766
   -0.730000   -0.016125    0.019319   -0.036202
   -0.735000    0.016792   -0.016097   -0.037540
    0.338000    0.030029    0.012909    0.019644
   -0.182000    0.012252    0.033449   -0.006207
    0.562000   -0.016949    0.023287    0.030202
   -0.491000   -0.027176    0.013577   -0.024249
    0.216000   -0.031918    0.012637    0.011536
   -0.428000    0.025242    0.020399   -0.018476
    0.626000    0.023307    0.012654    0.033773
   -0.625000    0.017896    0.022251   -0.029539
   -0.374000    0.032467   -0.001744   -0.017818
    0.609000   -0.013698    0.023577    0.033612
   -0.086000   -0.018415   -0.029160   -0.006167
    0.419000   -0.026473   -0.018593    0.020114
    0.223000   -0.011903   -0.032589    0.009197
   -0.027000    0.031944   -0.014870   -0.000296
   -0.328000   -0.013222   -0.029734   -0.018540
   -0.197000    0.029423   -0.017448   -0.010070
    0.057000   -0.020922    0.029083    0.005270
   -0.288000    0.033008    0.005823   -0.013277
    0.363000    0.011251   -0.031025    0.017360
   -0.214000    0.033062   -0.007911   -0.009492
   -0.144000    0.031734   -0.014046   -0.007405
    0.627000   -0.013099    0.023774    0.034113
   -0.023000   -0.032662    0.012388   -0.000527
    0.678000   -0.005258   -0.026179    0.032837
    0.168000   -0.031538    0.014020    0.008794
    0.297000    0.032613   -0.006223    0.016630
   -0.305000    0.032939    0.004859   -0.013544
   -0.011000   -0.031808   -0.014606   -0.001527
   -0.215000   -0.029751    0.016935   -0.010093
   -0.639000    0.002854   -0.025536   -0.034070
    0.290000   -0.017446   -0.029415    0.013132
    0.574000   -0.002792    0.027796    0.032080
   -0.419000   -0.030828    0.007502   -0.021601
   -0.276000   -0.031612    0.013078   -0.013631
   -0.405000    0.025165    0.021867   -0.018014
    0.197000   -0.016843   -0.030210    0.008193
   -0.400000    0.027612    0.018631   -0.017203
    0.643000    0.001188   -0.028079    0.031281
   -0.607000    0.012176    0.027065   -0.028241
   -0.686000   -0.002871   -0.023430   -0.036885
   -0.439000   -0.029291    0.011884   -0.021589
   -0.337000    0.002175   -0.031993   -0.019045
    0.420000    0.029228    0.011700    0.023381
    0.425000    0.030639   -0.006380    0.022890
   -0.705000   -0.019773    0.015619   -0.035144
   -0.016000   -0.007219   -0.033685   -0.002999
   -0.136000    0.007648    0.034398   -0.003603
   -0.626000   -0.025384   -0.007724   -0.032702
    0.468000   -0.003264   -0.031319    0.022720
   -0.023000    0.002987   -0.034369   -0.003074
   -0.387000   -0.026548    0.019038   -0.018909
   -0.443000    0.007573   -0.029844   -0.023963
    0.470000    0.025626   -0.017555    0.023998
    0.366000   -0.031069   -0.009494    0.018030
   -0.165000    0.033903   -0.005114   -0.007703
   -0.566000   -0.023958   -0.014584   -0.029856
    0.225000    0.029283   -0.018005    0.011670
    0.737000   -0.022207    0.009427    0.038880
    0.002000   -0.001692   -0.034557   -0.001698
    0.070000    0.034668   -0.004385    0.004968
    0.551000   -0.016254    0.023680    0.029794
    0.357000    0.014574    0.028996    0.021850
    0.172000    0.033615    0.005903    0.010734
    0.683000   -0.006067    0.024216    0.036754
   -0.738000    0.022291   -0.007416   -0.036651
    0.122000    0.016010    0.030813    0.009657
    0.387000    0.001594   -0.033067    0.017817
   -0.532000   -0.007220   -0.027227   -0.028459
   -0.563000    0.028888   -0.004499   -0.027780
    0.228000    0.026563   -0.021234    0.011675
    0.422000   -0.022619    0.022324    0.022653
    0.687000   -0.008442   -0.024889    0.034313
   -0.686000   -0.004760    0.026321   -0.032875
    0.522000   -0.029555   -0.007664    0.025716
    0.134000   -0.030401   -0.016252    0.005380
   -0.679000    0.008450    0.026425   -0.031469
    0.014000   -0.004545   -0.034602   -0.001544
   -0.478000    0.019321   -0.022747   -0.024696
    0.541000    0.014181   -0.026592    0.026994
   -0.448000   -0.010296   -0.028554   -0.025082
    0.743000   -0.022144   -0.009748    0.036796
    0.440000    0.029414    0.010113    0.024133
   -0.362000    0.029886    0.014114   -0.015915
   -0.382000    0.004243   -0.031105   -0.020601
   -0.076000   -0.016023   -0.030632   -0.005662
    0.015000    0.032430   -0.012881    0.000809
   -0.562000   -0.027993    0.008855   -0.028782
    0.071000    0.025404    0.024659    0.006608
    0.616000    0.005071   -0.028195    0.030930
   -0.676000   -0.025627    0.001225   -0.034242
   -0.490000   -0.007368    0.030844   -0.022550
    0.738000    0.014478   -0.018980    0.037396
   -0.117000    0.007079   -0.033474   -0.007610
   -0.571000   -0.018576    0.023271   -0.028077
    0.207000   -0.019094    0.029018    0.012851
    0.029000    0.004824   -0.034556    0.000084
    0.150000    0.021440   -0.027550    0.007024
   -0.320000    0.031956   -0.009826   -0.016005
   -0.191000    0.023484   -0.024280   -0.009872
    0.699000   -0.022598   -0.013296    0.034971
   -0.216000   -0.021260   -0.025838   -0.013247
   -0.157000    0.000868   -0.034407   -0.009884
   -0.250000   -0.032372   -0.008789   -0.014197
   -0.464000    0.031555   -0.001763   -0.021980
    0.722000   -0.022242    0.009656    0.037125
   -0.355000    0.011112   -0.030388   -0.019246
    0.472000   -0.016124    0.026098    0.025593
   -0.742000   -0.009161    0.023350   -0.035392
    0.601000   -0.017293    0.022208    0.032747
    0.514000    0.028376   -0.009378    0.027647
    0.518000    0.016857    0.024002    0.029974
    0.712000   -0.017210    0.017640    0.038064
    0.166000    0.011733   -0.032616    0.007407
   -0.140000   -0.014392    0.032612   -0.004898
    0.525000   -0.015748   -0.026564    0.025671
   -0.705000   -0.000953    0.026994   -0.033503
   -0.096000   -0.016576    0.031747   -0.002145
    0.740000   -0.020672   -0.013297    0.036697
    0.360000   -0.023534   -0.023172    0.016924
   -0.004000   -0.035418    0.003460    0.000064
   -0.056000    0.007569    0.034395    0.000099
    0.112000    0.014066    0.031862    0.008919
    0.268000    0.000585    0.033446    0.016358
    0.381000   -0.024237    0.021890    0.021420
    0.395000    0.003391    0.031874    0.022753
    0.516000    0.011565   -0.028212    0.024839
    0.742000   -0.024252   -0.003732    0.037835
    0.026000    0.020920   -0.027857    0.000765
   -0.014000    0.033561    0.009923    0.001895
   -0.748000    0.019277    0.015397   -0.036183
    0.116000    0.008683   -0.033889    0.004637
   -0.141000    0.032333    0.013659   -0.004110
   -0.499000   -0.021452   -0.020061   -0.027095
    0.380000   -0.031692    0.007196    0.019832
    0.084000   -0.034854    0.002913    0.003823
   -0.127000    0.024090   -0.024455   -0.006936
   -0.713000   -0.022723    0.010485   -0.036273
    0.560000   -0.025139   -0.016553    0.027876
    0.231000   -0.028525   -0.019282    0.009760
    0.235000    0.024284    0.023997    0.014591
    0.592000    0.004255    0.027198    0.032581
   -0.570000    0.021947   -0.018336   -0.028931
    0.554000    0.014582   -0.025299    0.028123
    0.165000   -0.034682    0.003504    0.008909
    0.635000   -0.015391   -0.023319    0.031178
   -0.468000   -0.026998    0.015283   -0.023063
   -0.655000   -0.014587    0.023707   -0.032146
   -0.572000    0.026929    0.011769   -0.027573
   -0.064000    0.026648    0.023965    0.000204
    0.716000   -0.001995   -0.025652    0.034951
   -0.713000    0.019642    0.017582   -0.033813
   -0.723000    0.003336    0.025636   -0.034250
    0.414000    0.015802    0.027531    0.023842
    0.011000   -0.007234    0.035197    0.002974
    0.439000   -0.018564    0.025426    0.024875
    0.354000   -0.018676   -0.027698    0.016202
   -0.355000    0.032409    0.007870   -0.016008
    0.471000    0.006400    0.029710    0.027562
   -0.263000    0.023155    0.026095   -0.010906
   -0.385000   -0.006487   -0.030446   -0.021091
   -0.203000   -0.021982   -0.025758   -0.012687
    0.214000   -0.027268    0.020924    0.012366
   -0.583000   -0.000341    0.030233   -0.027503
    0.479000    0.004605   -0.031121    0.023334
    0.112000    0.001477    0.035110    0.008848
    0.147000    0.025789    0.023005    0.010912
    0.510000   -0.021242   -0.022805    0.024072
    0.290000    0.033088    0.004918    0.016447
    0.707000    0.006799   -0.024960    0.035456
   -0.470000    0.012834    0.030123   -0.020434
   -0.173000    0.023373   -0.024230   -0.009621
    0.152000    0.025802   -0.023133    0.008148
   -0.669000   -0.018988   -0.015482   -0.034989
   -0.215000   -0.034024    0.003577   -0.011311
   -0.275000    0.027889   -0.018253   -0.014196
   -0.151000    0.018620   -0.028590   -0.008405
   -0.567000    0.000752    0.030524   -0.026161
   -0.068000   -0.021842    0.027643   -0.001687
    0.397000    0.016674    0.027521    0.023079
    0.568000    0.028283   -0.004500    0.030548
   -0.594000   -0.022403   -0.015150   -0.031100
   -0.101000   -0.033279    0.011714   -0.004370
    0.398000    0.014429    0.028317    0.023102
    0.362000    0.003037    0.032147    0.021055
    0.624000    0.026153   -0.005827    0.032668
    0.515000   -0.016490   -0.025793    0.024090
    0.664000   -0.015372    0.020783    0.035248
   -0.194000   -0.032945    0.010968   -0.009584
    0.006000    0.027958    0.021822    0.002953
   -0.347000    0.032394    0.008127   -0.016191
   -0.173000   -0.009734   -0.033042   -0.010778
    0.496000    0.014114   -0.027630    0.024988
   -0.478000    0.027837   -0.013214   -0.023687
   -0.598000   -0.025922    0.011079   -0.029808
    0.083000    0.013606    0.032903    0.007740
    0.458000   -0.031093    0.004158    0.023057
   -0.088000    0.000189    0.035503   -0.001720
    0.490000   -0.022410   -0.021443    0.023784
    0.054000    0.013407    0.032730    0.006374
   -0.114000    0.034453   -0.006145   -0.004505
    0.058000   -0.021200    0.028598    0.004482
    0.250000   -0.005334   -0.033534    0.010673
    0.431000    0.028999   -0.013034    0.022045
   -0.006000    0.020212    0.029386    0.002893
    0.100000   -0.026844   -0.022471    0.002953
   -0.065000   -0.028049    0.022208   -0.002393
   -0.121000    0.031554   -0.014613   -0.005606
    0.476000    0.013308   -0.028017    0.022913
    0.054000    0.024956    0.024897    0.005463
    0.419000    0.004562   -0.031975    0.020127
    0.033000    0.018449    0.029785    0.005139
    0.399000   -0.027244   -0.018017    0.018421
   -0.631000   -0.012277    0.025823   -0.030005
   -0.516000   -0.013782   -0.025725   -0.028474
    0.215000   -0.001863    0.034575    0.014007
   -0.329000   -0.017458    0.029205   -0.014301
   -0.573000   -0.017989    0.023684   -0.027240
   -0.429000   -0.019288   -0.023927   -0.023825
   -0.574000    0.026714   -0.009453   -0.029044
   -0.174000    0.009639   -0.032789   -0.010975
   -0.666000   -0.010172    0.025902   -0.031379
   -0.460000   -0.014254    0.028812   -0.020804
   -0.373000    0.032703   -0.000905   -0.017092
   -0.698000    0.024778    0.009423   -0.033302
    0.360000    0.019178   -0.026794    0.017760
    0.008000   -0.001654   -0.034587   -0.001608
   -0.613000    0.027618   -0.003611   -0.030489
   -0.170000    0.021698   -0.026965   -0.009133
   -0.330000   -0.014570    0.031174   -0.014412
   -0.750000    0.023849    0.003640   -0.037200
    0.065000    0.012791    0.033350    0.007102
    0.140000    0.021561    0.027736    0.010081
    0.603000   -0.008490    0.026622    0.032664
   -0.369000   -0.031003   -0.008373   -0.020340
    0.709000    0.017501   -0.017272    0.035642
   -0.197000   -0.033337    0.010373   -0.009766
   -0.717000    0.019446    0.017775   -0.033994
    0.565000    0.013323   -0.025847    0.028233
    0.737000    0.013438    0.018384    0.040410
   -0.571000    0.020680    0.021521   -0.026164
   -0.469000   -0.030635   -0.000481   -0.024744
   -0.600000   -0.015741    0.024394   -0.028241
    0.349000    0.032710    0.003210    0.019161
    0.028000   -0.022553    0.027801    0.003918
   -0.636000   -0.015840   -0.020199   -0.033900
   -0.694000   -0.024274   -0.003002   -0.035671
    0.664000   -0.021715   -0.016368    0.032744
    0.335000    0.007418   -0.032636    0.015871
    0.013000   -0.018240   -0.029685   -0.001489
    0.508000   -0.016972   -0.025787    0.024093
    0.293000   -0.013262   -0.031069    0.013291
   -0.324000   -0.029464   -0.014162   -0.018441
   -0.266000    0.023347    0.025457   -0.010917
    0.275000   -0.033917    0.003664    0.013711
    0.026000   -0.034892   -0.000089    0.001223
    0.389000    0.030372    0.009593    0.021830
   -0.749000    0.022571    0.009607   -0.036388
   -0.493000    0.029999   -0.003389   -0.023699
   -0.432000   -0.026496    0.017483   -0.020631
    0.508000   -0.023448    0.018563    0.027236
   -0.218000    0.034471   -0.000551   -0.010035
    0.323000    0.005359    0.032503    0.020000
    0.681000   -0.022862   -0.012712    0.033584
    0.004000    0.033722   -0.008202    0.000609
    0.050000   -0.032888    0.011735    0.003432
   -0.643000    0.009090    0.027068   -0.030053
    0.069000    0.012706    0.033403    0.007187
   -0.204000   -0.027344    0.021867   -0.009430
    0.368000    0.030011   -0.013083    0.019763
   -0.510000   -0.020594    0.023326   -0.023781
    0.750000    0.013752   -0.018848    0.037910
    0.308000   -0.032164   -0.008937    0.014290
    0.503000   -0.026725   -0.015117    0.024266
    0.735000    0.010998   -0.021765    0.037584
   -0.148000    0.002125   -0.033604   -0.009289
    0.093000   -0.013939    0.032261    0.007789
   -0.072000   -0.017478   -0.029447   -0.005292
    0.585000    0.027063   -0.006525    0.031416
   -0.117000   -0.032128    0.014404   -0.005578
   -0.283000   -0.032936   -0.004319   -0.015110
   -0.080000    0.024930    0.025470   -0.001202
    0.361000    0.031807   -0.006097    0.019218
   -0.097000   -0.022352    0.027423   -0.002429
   -0.510000    0.005143   -0.028974   -0.026920
    0.487000    0.025778   -0.016358    0.025517
    0.100000   -0.029529    0.019598    0.006230
   -0.204000   -0.023845   -0.024383   -0.011904
   -0.065000    0.030728    0.017480   -0.000268
    0.268000   -0.010957   -0.032643    0.011505
    0.689000    0.017002    0.017537    0.037477
   -0.612000    0.004516   -0.026176   -0.032993
    0.727000   -0.005567   -0.024311    0.035562
    0.091000    0.026304   -0.023212    0.003774
   -0.187000    0.004226   -0.033121   -0.011625
    0.674000    0.010378    0.022894    0.037702
   -0.448000   -0.029647    0.012078   -0.022295
    0.741000   -0.023476   -0.006084    0.037750
   -0.646000    0.025439   -0.007157   -0.031950
   -0.223000   -0.026572    0.022836   -0.010025
    0.719000    0.023276   -0.004187    0.037748
   -0.671000    0.010660   -0.022873   -0.034545
    0.135000    0.017677    0.029999    0.010664
   -0.396000    0.022307   -0.022000   -0.020058
    0.347000    0.031105    0.009213    0.019507
   -0.447000    0.031341   -0.002778   -0.021048
   -0.702000   -0.015725   -0.017351   -0.037378
   -0.367000   -0.013670   -0.028455   -0.021017
   -0.080000   -0.029083   -0.018816   -0.005719
   -0.382000   -0.030479   -0.009756   -0.020418
    0.452000   -0.024288    0.019985    0.024167
   -0.225000    0.030768    0.016384   -0.008196
    0.354000   -0.014108   -0.029686    0.015838
    0.483000   -0.031095   -0.004669    0.023481
    0.495000   -0.002985   -0.030845    0.023035
   -0.080000    0.020149   -0.028412   -0.005064
    0.161000    0.014000    0.032006    0.011841
   -0.708000   -0.022458   -0.006125   -0.036479
    0.565000    0.019521    0.020768    0.031027
   -0.385000   -0.026284   -0.017436   -0.020552
   -0.089000    0.035237   -0.000146   -0.003377
    0.125000   -0.021228    0.028511    0.008370
    0.315000   -0.008886    0.032178    0.018238
    0.028000   -0.032937    0.012636    0.001843
    0.307000    0.030756   -0.013071    0.016891
    0.721000   -0.002524    0.023749    0.039689
    0.459000    0.020397   -0.023676    0.023127
    0.711000   -0.024913   -0.006243    0.036113
    0.591000    0.008803    0.025813    0.033005
    0.397000    0.028490   -0.015412    0.020600
    0.224000   -0.031414   -0.013161    0.010646
    0.662000   -0.015441    0.021358    0.035423
   -0.747000   -0.018703    0.015089   -0.037380
    0.343000    0.017671   -0.028481    0.017175
   -0.326000   -0.026954   -0.018855   -0.018505
   -0.741000   -0.011212    0.022210   -0.036382
   -0.727000   -0.023530    0.002640   -0.036762
   -0.047000    0.028274   -0.020261   -0.002989
    0.329000    0.028475    0.015637    0.018863
    0.050000   -0.029185    0.019544    0.003906
   -0.341000    0.031635    0.011923   -0.015049
    0.666000    0.009063    0.023645    0.036363
    0.489000    0.012695    0.027560    0.028026
    0.649000   -0.021279    0.015723    0.033896
   -0.541000   -0.028911    0.005021   -0.027483
    0.160000   -0.012624   -0.032200    0.006107
    0.438000    0.022671    0.021818    0.024975
   -0.059000   -0.034529   -0.003393   -0.003898
   -0.070000   -0.008194   -0.033128   -0.006149
   -0.395000    0.010485   -0.029750   -0.021664
   -0.260000   -0.031295    0.014465   -0.012098
    0.203000   -0.030397   -0.015356    0.008972
   -0.034000   -0.023921    0.025737    0.000471
    0.068000    0.033628   -0.009578    0.004202
    0.270000   -0.033677   -0.003325    0.013261
    0.679000   -0.013466   -0.022791    0.033682
   -0.380000    0.030058    0.013713   -0.017108
    0.071000   -0.021947    0.027827    0.005978
    0.349000    0.015832    0.028823    0.020684
    0.277000   -0.001466    0.034161    0.016992
    0.009000    0.013193   -0.032074   -0.001433
   -0.033000   -0.035072    0.003234   -0.001540
    0.476000    0.014272   -0.027360    0.023960
   -0.387000    0.032117   -0.004193   -0.018061
   -0.440000   -0.010521    0.030569   -0.019847
   -0.545000   -0.028650   -0.002652   -0.028522
   -0.697000   -0.023558    0.008846   -0.034873
   -0.049000   -0.027914    0.022134   -0.001026
   -0.608000   -0.026051    0.010251   -0.031147
    0.261000   -0.034083   -0.002620    0.013191
   -0.253000   -0.006051    0.034263   -0.010519
   -0.087000    0.033418    0.010085   -0.002455
   -0.195000    0.000579   -0.034020   -0.012172
    0.125000    0.019830   -0.028472    0.006169
   -0.040000   -0.034864    0.004312   -0.002044
   -0.609000    0.005585   -0.026133   -0.031716
    0.497000   -0.007740    0.029423    0.028552
    0.137000   -0.033764   -0.008529    0.005611
   -0.059000    0.025736    0.024054    0.000041
   -0.290000   -0.016964   -0.028468   -0.016725
    0.439000   -0.001467    0.031504    0.025647
    0.407000    0.028513   -0.013383    0.021338
   -0.099000   -0.016822   -0.029846   -0.006803
    0.370000   -0.004554    0.032243    0.021796
    0.147000   -0.032442   -0.012755    0.005925
   -0.459000    0.030827    0.006467   -0.021847
   -0.629000    0.022414   -0.014375   -0.031857
   -0.207000    0.027727    0.021633   -0.007173
    0.273000   -0.025124   -0.022912    0.011590
   -0.201000    0.016004    0.031737   -0.007331
    0.556000    0.024995   -0.015184    0.029024
   -0.438000    0.002093   -0.030632   -0.023421
   -0.263000   -0.026336    0.021970   -0.012591
    0.117000   -0.024414   -0.025319    0.004171
    0.077000    0.017804    0.029999    0.006946
    0.286000   -0.029658    0.016085    0.015328
    0.547000    0.025764   -0.014285    0.028266
   -0.070000    0.034416   -0.007499   -0.002661
    0.348000   -0.023706    0.023538    0.019543
    0.671000   -0.010603    0.023269    0.036394
   -0.503000   -0.012918   -0.025739   -0.027343
    0.306000   -0.024971    0.022543    0.017831
   -0.051000    0.025655   -0.023082   -0.003456
   -0.183000   -0.011244    0.033476   -0.007183
    0.728000   -0.014344    0.019060    0.038807
    0.657000    0.023491    0.009339    0.035433
    0.192000   -0.025487    0.024025    0.011141
   -0.023000    0.001899   -0.034881   -0.002860
   -0.492000    0.029754   -0.007201   -0.023775
    0.485000   -0.030676    0.004517    0.025260
    0.257000    0.001500    0.034377    0.015869
   -0.649000    0.026861   -0.000284   -0.031276
   -0.666000   -0.012647   -0.021593   -0.035282
    0.123000   -0.034576    0.003986    0.005868
    0.496000   -0.024754   -0.018850    0.023357
   -0.066000   -0.017987   -0.030001   -0.005747
    0.078000   -0.001341    0.035791    0.007213
   -0.212000   -0.031424   -0.013459   -0.011590
   -0.744000    0.018071    0.017731   -0.035432
   -0.464000   -0.015701   -0.025323   -0.025127
   -0.318000   -0.030247    0.013524   -0.015622
    0.414000   -0.016089   -0.027840    0.019587
   -0.236000    0.033707   -0.005462   -0.010765
   -0.409000    0.001260   -0.031292   -0.022990
    0.170000   -0.020572   -0.028011    0.007193
    0.142000    0.017869   -0.029512    0.006681
    0.111000    0.025599   -0.022942    0.005501
   -0.379000   -0.023050    0.024220   -0.017221
   -0.439000    0.020886    0.025153   -0.019000
   -0.285000    0.021693    0.026775   -0.011205
   -0.186000    0.001126    0.035277   -0.006356
   -0.302000    0.032868    0.009930   -0.012997
    0.364000   -0.027076    0.018225    0.020323
    0.284000    0.023149    0.024666    0.017334
    0.503000   -0.000893   -0.030921    0.024384
    0.222000    0.033368   -0.005640    0.012174
    0.151000    0.031796   -0.012803    0.008062
    0.409000    0.027517   -0.016775    0.020548
   -0.626000   -0.007580   -0.024710   -0.033226
    0.140000    0.004080    0.035224    0.010305
    0.035000   -0.034224    0.009637    0.001968
   -0.157000   -0.034699   -0.002403   -0.008223
   -0.359000   -0.027002    0.019861   -0.016905
   -0.254000    0.019738    0.028692   -0.009084
    0.154000    0.028949   -0.018540    0.007641
    0.643000   -0.006377   -0.027030    0.031037
   -0.189000    0.029489    0.018485   -0.007021
    0.149000    0.030935    0.015196    0.010554
    0.192000   -0.023115   -0.025202    0.007532
    0.741000    0.021727    0.006177    0.039538
    0.117000    0.001165   -0.034635    0.004019
    0.552000   -0.027953   -0.011598    0.027380
   -0.639000    0.023149    0.016327   -0.030353
    0.276000    0.011281   -0.031962    0.012547
   -0.594000   -0.003700    0.029298   -0.028305
   -0.122000   -0.012599   -0.031896   -0.008527
   -0.086000    0.005307   -0.034188   -0.006662
    0.362000   -0.015565   -0.028774    0.016133
   -0.145000   -0.033645   -0.007451   -0.008361
   -0.064000    0.009673   -0.032941   -0.005065
    0.517000   -0.028936    0.007105    0.026211
   -0.002000   -0.033718    0.009166    0.000658
   -0.168000   -0.016520    0.031776   -0.005838
    0.540000    0.027464   -0.009490    0.028360
   -0.185000    0.001857    0.035014   -0.005832
    0.650000    0.025146   -0.009121    0.034515
   -0.670000   -0.022525    0.013960   -0.033950
   -0.257000    0.001251    0.034499   -0.009980
   -0.522000    0.015822    0.027456   -0.023169
    0.384000    0.000139   -0.032742    0.018483
   -0.116000    0.034531   -0.001762   -0.003907
    0.693000    0.014363    0.020210    0.037576
   -0.477000   -0.026120   -0.014400   -0.025397
    0.206000    0.017506    0.029412    0.013981
    0.507000   -0.029686    0.006169    0.025647
   -0.717000   -0.000122   -0.022771   -0.037268
    0.238000   -0.011936   -0.032527    0.010578
    0.117000    0.032154   -0.012850    0.006312
    0.226000    0.019658    0.028116    0.014997
    0.325000   -0.010084    0.031394    0.019462
   -0.613000   -0.002634   -0.026543   -0.032861
   -0.033000    0.016251    0.031980    0.001744
   -0.675000   -0.023537    0.011210   -0.034421
    0.080000    0.034308    0.003101    0.005758
   -0.325000    0.032462   -0.004047   -0.015276
   -0.497000   -0.002300    0.031640   -0.022484
    0.683000   -0.024132    0.007935    0.035087
   -0.728000    0.019334   -0.013346   -0.037053
    0.663000    0.022467    0.011868    0.035982
    0.164000   -0.015873    0.031058    0.011271
    0.133000    0.020665    0.028074    0.009933
   -0.160000    0.025961    0.023632   -0.004847
   -0.586000   -0.018062   -0.020053   -0.031420
   -0.308000   -0.033008   -0.000993   -0.016543
    0.488000    0.009697   -0.029177    0.023488
   -0.325000    0.032922    0.006806   -0.014165
   -0.322000   -0.032762   -0.005008   -0.017641
    0.294000    0.001930    0.033416    0.017799
   -0.045000    0.028857    0.020396    0.000909
   -0.137000   -0.032512    0.011486   -0.006849
    0.055000    0.032692    0.012638    0.005138
   -0.278000   -0.033624    0.000550   -0.014846
   -0.202000   -0.030159   -0.016577   -0.011374
   -0.411000   -0.025148   -0.018286   -0.022259
    0.549000   -0.014884    0.024552    0.029465
    0.443000   -0.028152    0.015064    0.023778
   -0.044000    0.000141    0.035815    0.001420
    0.736000   -0.003969    0.022653    0.039290
    0.060000    0.030357    0.017831    0.005660
   -0.220000    0.006395    0.034296   -0.008447
    0.210000    0.001963    0.034422    0.013303
    0.401000    0.024112   -0.020816    0.019873
    0.659000   -0.016280    0.020457    0.035574
   -0.296000    0.025931   -0.020956   -0.015029
   -0.471000    0.008501    0.030953   -0.021238
   -0.288000    0.033525   -0.001815   -0.013501
    0.514000   -0.030469   -0.002157    0.026108
   -0.730000    0.024049    0.006728   -0.035383
   -0.382000   -0.019955    0.026741   -0.017827
   -0.748000    0.022953    0.007563   -0.035844
   -0.203000   -0.028186   -0.019510   -0.012217
   -0.547000   -0.018876    0.023860   -0.026144
   -0.263000    0.032551    0.009854   -0.011428
    0.278000   -0.027332   -0.019582    0.013069
    0.265000    0.022656    0.024755    0.017085
    0.625000   -0.020437    0.017767    0.033210
   -0.146000    0.011538   -0.031820   -0.008951
   -0.035000   -0.025838    0.024695    0.000127
    0.640000    0.018708    0.018267    0.035291
    0.480000   -0.030492    0.004357    0.025186
   -0.588000    0.014435   -0.023540   -0.030389
    0.584000   -0.022899    0.016916    0.030961
    0.439000   -0.018938    0.024805    0.023845
    0.479000    0.015263   -0.026773    0.023103
    0.023000   -0.006445    0.035405    0.004358
   -0.498000    0.024268   -0.017375   -0.025840
    0.351000    0.023222   -0.022861    0.018162
   -0.634000    0.027613   -0.002751   -0.031624
   -0.011000    0.009996   -0.033143   -0.002300
   -0.562000   -0.023950   -0.014697   -0.029448
   -0.346000    0.010356    0.032408   -0.014328
    0.629000    0.024254    0.011160    0.034806
   -0.318000    0.003842   -0.032310   -0.017890
   -0.271000   -0.025686   -0.020916   -0.015892
    0.704000   -0.018710    0.016668    0.036957
    0.616000    0.025948    0.008219    0.033160
    0.624000   -0.000852    0.026669    0.034599
   -0.718000   -0.005833   -0.022103   -0.038052
    0.431000   -0.024841    0.019866    0.023447
    0.648000    0.012397    0.022256    0.036192
   -0.446000   -0.008503   -0.029047   -0.024194
   -0.290000   -0.010023   -0.031256   -0.017257
   -0.733000    0.022020    0.011980   -0.035852
   -0.016000   -0.031762   -0.013647   -0.001883
    0.416000    0.028360   -0.014486    0.021717
    0.502000   -0.025428    0.016261    0.026441
   -0.461000   -0.018938    0.025645   -0.021984
   -0.698000   -0.023638    0.007581   -0.035109
    0.663000   -0.021056    0.016163    0.035487
    0.085000   -0.001864   -0.034585    0.003031
   -0.219000    0.024221    0.025423   -0.008269
   -0.193000    0.018177   -0.028376   -0.011286
    0.054000   -0.034786   -0.004712    0.001539
    0.465000    0.022753    0.020433    0.026777
    0.022000   -0.014744   -0.031793   -0.001350
   -0.478000    0.031143    0.001816   -0.022756
    0.142000   -0.006742   -0.034223    0.004886
    0.697000   -0.001981    0.024463    0.038046
    0.545000   -0.012874   -0.027151    0.026509
   -0.477000   -0.020759    0.024333   -0.022750
    0.461000   -0.030915   -0.003249    0.023329
   -0.571000   -0.023211    0.018454   -0.027730
    0.520000   -0.015371    0.025296    0.028218
   -0.250000    0.018943    0.029438   -0.009704
   -0.669000   -0.025320    0.005496   -0.034567
   -0.365000   -0.025470    0.020892   -0.017064
    0.557000   -0.013862    0.025609    0.030422
    0.741000    0.022207   -0.006869    0.038511
    0.272000   -0.017867    0.028891    0.016162
   -0.101000   -0.032506    0.013504   -0.003952
   -0.531000   -0.014763   -0.024596   -0.028948
   -0.319000   -0.000160    0.034269   -0.013523
   -0.706000    0.018344    0.019190   -0.033721
   -0.474000    0.024485   -0.018575   -0.024698
   -0.192000   -0.010274    0.033554   -0.006868
   -0.133000   -0.033124   -0.010889   -0.008399
   -0.634000    0.015861    0.024145   -0.029862
   -0.065000    0.028100    0.021961   -0.000391
   -0.202000   -0.003016   -0.033444   -0.011932
    0.722000   -0.019457    0.014215    0.037736
    0.002000    0.032719    0.012303    0.002844
   -0.438000    0.031393   -0.001819   -0.020566
   -0.640000    0.012271    0.026024   -0.030511
    0.224000   -0.029483   -0.017035    0.009528
    0.005000   -0.031073    0.016476    0.001702
   -0.364000    0.026121    0.021335   -0.015644
    0.575000   -0.006751    0.027456    0.031946
   -0.714000   -0.023454   -0.002329   -0.036517
    0.253000   -0.008203   -0.033322    0.010642
   -0.001000    0.035150   -0.001177    0.002080
   -0.285000    0.033227    0.001221   -0.013047
    0.065000   -0.033493    0.010611    0.003854
    0.382000   -0.023458   -0.023465    0.017347
   -0.069000    0.026041   -0.023315   -0.003183
    0.275000   -0.022924    0.024954    0.015620
   -0.140000    0.034486    0.007116   -0.005154
    0.301000    0.026834    0.019643    0.018216
   -0.523000    0.021289    0.022851   -0.024208
    0.619000    0.027035   -0.002770    0.032365
    0.439000   -0.025266   -0.019912    0.021443
    0.155000    0.033648   -0.007581    0.009454
   -0.672000    0.018557    0.020778   -0.031140
   -0.290000   -0.029280   -0.015067   -0.016161
    0.436000    0.028738    0.011184    0.024971
   -0.644000    0.011247    0.025921   -0.029865
   -0.152000    0.014815    0.032451   -0.004304
    0.712000    0.011666   -0.022095    0.036285
   -0.541000    0.007539   -0.027394   -0.028896
   -0.560000    0.006923    0.030098   -0.025302
   -0.325000    0.001146    0.034267   -0.013798
   -0.467000    0.022315   -0.020228   -0.024168
   -0.334000    0.013645   -0.029538   -0.018807
    0.653000   -0.014667   -0.023571    0.031337
    0.222000    0.024523    0.024096    0.014940
    0.565000    0.004452    0.027944    0.031475
   -0.410000   -0.028509   -0.013651   -0.021761
    0.314000    0.033028    0.002071    0.018017
    0.430000   -0.026704   -0.018378    0.020996
   -0.484000    0.019004    0.025302   -0.021620
   -0.580000    0.010728    0.028189   -0.026670
    0.119000   -0.034355   -0.006612    0.004758
   -0.724000    0.024608    0.001277   -0.035126
    0.350000   -0.032134   -0.006530    0.017526
   -0.453000    0.015958   -0.026249   -0.023346
   -0.500000    0.028172   -0.010359   -0.025296
   -0.738000    0.023268    0.005334   -0.035660
    0.365000    0.017765    0.027494    0.021612
   -0.504000    0.029405    0.010402   -0.023991
    0.527000    0.004600   -0.030043    0.025840
    0.104000   -0.034592   -0.003107    0.005284
   -0.395000   -0.028722   -0.013331   -0.021926
    0.568000   -0.007487    0.027924    0.032124
   -0.437000    0.026532   -0.016368   -0.021677
   -0.605000    0.022849    0.018545   -0.028495
    0.264000    0.032984   -0.005180    0.015228
   -0.585000   -0.000435    0.029640   -0.027574
   -0.743000   -0.002060    0.025662   -0.036030
    0.715000   -0.014796   -0.020685    0.035662
   -0.724000   -0.003088    0.025947   -0.034090
    0.308000   -0.031993   -0.011148    0.014996
    0.719000    0.006374    0.022742    0.039805
   -0.699000    0.004630   -0.023348   -0.036631
    0.539000    0.003563   -0.029616    0.026376
   -0.120000    0.002697    0.035475   -0.002921
    0.407000   -0.013201   -0.030094    0.018340
   -0.486000    0.031004    0.004030   -0.022790
    0.037000    0.030234    0.017630    0.005106
   -0.169000    0.033882   -0.006677   -0.007300
    0.112000    0.000672   -0.034889    0.004371
   -0.320000   -0.029111    0.017233   -0.014849
   -0.161000   -0.032023   -0.012144   -0.009865
    0.192000    0.029298   -0.017464    0.010291
   -0.640000   -0.022199   -0.012738   -0.033541
   -0.238000   -0.033272    0.008389   -0.011423
   -0.215000    0.030990    0.015677   -0.008486
    0.154000    0.023713    0.025670    0.010876
   -0.042000   -0.032994   -0.012473   -0.003321
   -0.296000    0.032718    0.008087   -0.012994
    0.625000   -0.019139    0.019449    0.033602
    0.242000   -0.026375   -0.022127    0.010651
    0.405000   -0.025506   -0.020996    0.019647
    0.347000    0.032258   -0.004971    0.019109
   -0.628000    0.020017    0.020394   -0.029818
    0.599000    0.025495    0.008552    0.033076
    0.666000   -0.007984    0.024713    0.036854
   -0.095000   -0.031844   -0.014311   -0.006375
   -0.471000    0.030448    0.008186   -0.022420
   -0.068000   -0.013893   -0.032197   -0.005656
   -0.706000   -0.022073   -0.008909   -0.036311
   -0.061000    0.025237   -0.023295   -0.002968
    0.495000    0.008290    0.028857    0.028545
    0.707000   -0.020823    0.013329    0.036802
   -0.243000   -0.018579   -0.027409   -0.014264
   -0.265000    0.012754   -0.030632   -0.014559
   -0.444000   -0.018474   -0.024316   -0.024336
    0.646000   -0.020022   -0.018671    0.031520
   -0.139000   -0.019369   -0.028619   -0.008852
    0.218000   -0.018733   -0.028453    0.009646
    0.567000    0.004266   -0.029264    0.027328
   -0.642000    0.024808    0.012568   -0.030479
    0.474000   -0.019183    0.024125    0.026233
   -0.471000   -0.028110    0.012895   -0.022841
    0.330000   -0.021490    0.025289    0.018954
    0.550000    0.025278   -0.013812    0.028571
    0.217000    0.012462    0.031890    0.014074
    0.177000    0.016404   -0.030307    0.007993
    0.310000   -0.026965    0.019263    0.017116
   -0.621000    0.022405    0.018347   -0.029309
    0.247000    0.032613    0.008848    0.014986
    0.246000    0.030597   -0.014898    0.012960
   -0.252000    0.021255    0.027277   -0.010282
   -0.531000   -0.028683    0.006865   -0.026828
   -0.153000    0.030358    0.016699   -0.005251
   -0.604000    0.008813   -0.025518   -0.031631
   -0.426000    0.031459    0.001869   -0.020126
