   -0.022361    0.033201    0.007525   -0.001674
   -0.022361   -0.024927    0.024990    0.006066
   -0.022361   -0.024438   -0.010997    0.025357
   -0.022361    0.027739   -0.020776   -0.012042
   -0.022361    0.030099   -0.011579   -0.026909
   -0.022361   -0.015721   -0.029490    0.005282
   -0.022361    0.024132   -0.022732    0.004225
   -0.022361    0.031726   -0.008492    0.009533
   -0.022361    0.021361    0.011438   -0.048989
   -0.022361    0.026148    0.007095    0.024480
   -0.022361   -0.000200   -0.035137   -0.006406
   -0.022361    0.017258   -0.028927   -0.023994
   -0.022361    0.033147    0.006828   -0.013588
   -0.022361   -0.025854    0.002604    0.028332
   -0.022361    0.018930   -0.029052   -0.007505
   -0.022361    0.012700   -0.006468   -0.059925
   -0.022361   -0.031947    0.007950   -0.032563
   -0.022361    0.030970    0.007691    0.011911
   -0.022361   -0.001313   -0.034569   -0.019283
   -0.022361   -0.026980    0.022671    0.004230
   -0.022361   -0.004668   -0.034649   -0.006582
   -0.022361    0.018164    0.028566    0.005291
   -0.022361   -0.009157   -0.027517    0.022645
   -0.022361    0.023706    0.022088   -0.025810
   -0.022361    0.011976    0.032380    0.000624
   -0.022361    0.023360   -0.020389   -0.034622
   -0.022361    0.026533   -0.021042   -0.019070
   -0.022361    0.027162    0.020315    0.002290
   -0.022361    0.030548    0.015298   -0.008041
   -0.022361   -0.018450   -0.028348    0.009442
   -0.022361   -0.018876   -0.030281   -0.008657
   -0.022361    0.020691    0.013116    0.029460
   -0.022361    0.030992   -0.007311    0.010991
   -0.022361   -0.006553   -0.026059    0.026453
   -0.022361    0.019651   -0.021020    0.019904
   -0.022361   -0.001344   -0.028630    0.020853
   -0.022361    0.015861    0.025381    0.019926
   -0.022361    0.021610    0.019811    0.022007
   -0.022361    0.009387   -0.032542    0.007080
   -0.022361    0.024965   -0.022579    0.001763
   -0.022361   -0.021420   -0.009170    0.032693
   -0.022361   -0.020865    0.017157   -0.045833
   -0.022361   -0.003792   -0.025099    0.028781
   -0.022361   -0.025857   -0.022202   -0.021520
   -0.022361    0.032678    0.009219   -0.001513
   -0.022361    0.010521    0.024360    0.025905
   -0.022361   -0.033053   -0.003383   -0.027298
   -0.022361   -0.012817   -0.024340    0.024341
   -0.022361   -0.018069   -0.030447   -0.015401
   -0.022361    0.029108   -0.016531    0.003664
   -0.022361    0.022820   -0.003284    0.030375
   -0.022361   -0.009501   -0.030297   -0.032781
   -0.022361   -0.009627    0.023512   -0.047609
   -0.022361   -0.026903    0.023630   -0.014614
   -0.022361    0.022129   -0.023241   -0.028650
   -0.022361   -0.032048   -0.014546   -0.020578
   -0.022361   -0.018739   -0.026398   -0.031941
   -0.022361   -0.022737    0.015319    0.025819
   -0.022361   -0.017481   -0.022459    0.024159
   -0.022361    0.032005   -0.008152   -0.025109
   -0.022361    0.021050   -0.019606    0.020699
   -0.022361   -0.030874    0.013935    0.010879
   -0.022361    0.011562    0.020835    0.030983
   -0.022361    0.034286   -0.000233   -0.015928
   -0.022361   -0.024862   -0.005444    0.030375
   -0.022361   -0.035804    0.002456   -0.013342
   -0.022361   -0.001566   -0.034112   -0.023118
   -0.022361    0.021486    0.026783   -0.016880
   -0.022361   -0.016795    0.019792    0.028791
   -0.022361    0.009901   -0.033116   -0.017866
   -0.022361   -0.024082   -0.023393   -0.025254
   -0.022361   -0.022395   -0.026606   -0.003127
   -0.022361    0.001637   -0.027434    0.025792
   -0.022361    0.021701   -0.023872    0.008427
   -0.022361    0.019985    0.011820    0.029934
   -0.022361   -0.025258    0.012483    0.025519
   -0.022361    0.026043   -0.018191    0.011140
   -0.022361   -0.021586   -0.027997    0.001221
   -0.022361    0.007336    0.030222   -0.036963
   -0.022361   -0.000267    0.034653   -0.018136
   -0.022361    0.008292   -0.027487    0.022164
   -0.022361   -0.026385   -0.021914   -0.020314
   -0.022361   -0.019572    0.004323   -0.055182
   -0.022361    0.018711    0.023811    0.016470
   -0.022361    0.019557   -0.023838   -0.034470
   -0.022361   -0.014096   -0.027019    0.019966
   -0.022361   -0.012040    0.020898    0.032263
   -0.022361   -0.010228    0.025947    0.024259
   -0.022361   -0.031974    0.012823   -0.023993
   -0.022361    0.014389   -0.030771   -0.015503
   -0.022361   -0.012670   -0.033531   -0.011108
   -0.022361    0.029723   -0.015156    0.004573
   -0.022361    0.015850    0.022061    0.025590
   -0.022361   -0.010586    0.032330    0.007418
   -0.022361    0.024301    0.004023    0.028624
   -0.022361    0.006588    0.028330    0.023569
   -0.022361   -0.033446    0.014107   -0.012169
   -0.022361   -0.034696    0.002042    0.003878
   -0.022361   -0.021089    0.025442    0.010394
   -0.022361   -0.017532   -0.028256    0.010238
   -0.022361    0.024038    0.020621    0.015051
   -0.022361    0.019825    0.024091    0.015001
   -0.022361    0.011002   -0.028799    0.016276
   -0.022361    0.020866    0.009456    0.032157
   -0.022361   -0.036337   -0.000567   -0.010149
   -0.022361    0.030825    0.007191    0.013183
   -0.022361   -0.005095    0.032820   -0.029018
   -0.022361    0.032405    0.005348    0.004151
   -0.022361    0.029117    0.019117   -0.011502
   -0.022361    0.019041    0.028945   -0.015727
   -0.022361   -0.019997   -0.028983    0.000751
   -0.022361   -0.022093    0.017684    0.022997
   -0.022361    0.001795    0.022648   -0.050040
   -0.022361   -0.006606    0.034610   -0.003301
   -0.022361    0.029854    0.010281    0.015001
   -0.022361    0.032680   -0.009618   -0.016101
   -0.022361   -0.026606   -0.012789   -0.039936
   -0.022361    0.032273    0.007079   -0.021139
   -0.022361   -0.030949    0.000444   -0.036813
   -0.022361    0.019411   -0.021067   -0.038998
   -0.022361   -0.031248   -0.017475   -0.003252
   -0.022361    0.008024   -0.031819    0.010058
   -0.022361    0.033960    0.003663   -0.020232
   -0.022361    0.031859    0.010681    0.005807
   -0.022361    0.012256   -0.024255   -0.042022
   -0.022361    0.024370   -0.018146   -0.034821
   -0.022361   -0.018229    0.023389    0.021318
   -0.022361    0.006382   -0.028368    0.020657
   -0.022361   -0.026220   -0.021863   -0.026661
   -0.022361    0.022873   -0.008642    0.029296
   -0.022361    0.032037    0.012816   -0.008173
   -0.022361    0.020596   -0.016765    0.025486
   -0.022361   -0.008278   -0.022762    0.031208
   -0.022361   -0.011489   -0.022515    0.028911
   -0.022361   -0.025803    0.024104   -0.012668
   -0.022361   -0.023711   -0.010092    0.028262
   -0.022361   -0.027010    0.016314    0.018179
   -0.022361    0.023395    0.019655    0.015403
   -0.022361   -0.021744    0.024644    0.013199
   -0.022361   -0.030769   -0.017720   -0.007976
   -0.022361   -0.034511   -0.006250    0.001921
   -0.022361   -0.001504    0.029074    0.020820
   -0.022361   -0.015762    0.020226    0.029802
   -0.022361   -0.034257    0.001757    0.007701
   -0.022361    0.034862    0.000325   -0.007407
   -0.022361    0.027186    0.022475   -0.004248
   -0.022361   -0.010483   -0.028963    0.016224
   -0.022361    0.018712   -0.023917    0.017883
   -0.022361   -0.023060    0.024831   -0.027053
   -0.022361    0.028762   -0.011748    0.011037
   -0.022361    0.015726    0.024760    0.019242
   -0.022361   -0.032151    0.010327   -0.025365
   -0.022361   -0.029368   -0.019932   -0.010203
   -0.022361    0.027305    0.008582    0.021504
   -0.022361    0.024647   -0.022853    0.005472
   -0.022361   -0.026545    0.010519    0.023835
   -0.022361   -0.026466    0.012768   -0.039550
   -0.022361    0.034067   -0.005500    0.000965
   -0.022361   -0.015290    0.028902   -0.031646
   -0.022361   -0.025824    0.006768    0.028015
   -0.022361   -0.020934    0.025213    0.013424
   -0.022361   -0.022564    0.023623   -0.034705
   -0.022361   -0.028996    0.018219    0.007016
   -0.022361    0.021157    0.018539    0.021780
   -0.022361    0.022536    0.015593    0.024581
   -0.022361    0.000724   -0.034129   -0.015181
   -0.022361   -0.015105   -0.030156    0.007429
   -0.022361   -0.025989    0.008753    0.026594
   -0.022361   -0.019318    0.019287    0.026195
   -0.022361   -0.015203    0.029999    0.008920
   -0.022361    0.025089   -0.019286    0.011225
   -0.022361    0.034039   -0.006225   -0.002427
   -0.022361   -0.014239    0.031245    0.006285
   -0.022361   -0.001521    0.024750   -0.049810
   -0.022361    0.006737   -0.026626    0.023630
   -0.022361    0.020293    0.016937    0.026939
   -0.022361    0.017935    0.029979    0.000442
   -0.022361    0.034150   -0.000034   -0.000227
   -0.022361    0.033070   -0.006636   -0.016989
   -0.022361   -0.011198    0.031501    0.011851
   -0.022361   -0.033556   -0.007567    0.006351
   -0.022361   -0.029581   -0.007375    0.018215
   -0.022361    0.028602    0.019611   -0.016028
   -0.022361    0.019196   -0.024122    0.016972
   -0.022361   -0.022388    0.009021    0.030595
   -0.022361    0.030872   -0.011319    0.003942
   -0.022361   -0.005549    0.031171   -0.032499
   -0.022361    0.012624   -0.031509    0.004588
   -0.022361   -0.028526   -0.000238    0.022879
   -0.022361   -0.003957    0.034219    0.007387
   -0.022361    0.009682   -0.024905    0.025257
   -0.022361    0.018640   -0.015334    0.029766
   -0.022361   -0.029424    0.002162   -0.039980
   -0.022361   -0.026282    0.009489    0.026106
   -0.022361    0.020065   -0.018848    0.025175
   -0.022361    0.014190    0.023751    0.023673
   -0.022361   -0.009987   -0.024278    0.026004
   -0.022361    0.011752    0.032223    0.006002
   -0.022361   -0.005573   -0.034585   -0.008501
   -0.022361    0.004732    0.035093   -0.016733
   -0.022361   -0.014884   -0.019886    0.028342
   -0.022361    0.022614    0.011784   -0.046695
   -0.022361    0.003279   -0.027307    0.022821
   -0.022361   -0.024949   -0.025608   -0.003623
   -0.022361    0.033337    0.009485   -0.006810
   -0.022361    0.016752    0.030523   -0.020366
   -0.022361    0.026599    0.015983    0.014415
   -0.022361    0.008404    0.032281    0.008196
   -0.022361   -0.008793   -0.033126   -0.019639
   -0.022361   -0.015910    0.027202    0.014548
   -0.022361    0.027962    0.020379   -0.003756
   -0.022361    0.001078   -0.033872   -0.019151
   -0.022361    0.033537    0.007182   -0.012548
   -0.022361    0.000575   -0.032684    0.010808
   -0.022361   -0.001511   -0.034586    0.001813
   -0.022361    0.002872   -0.032293    0.007644
   -0.022361   -0.026880   -0.011348   -0.041310
   -0.022361    0.028276    0.016841   -0.027067
   -0.022361    0.007262    0.034867   -0.004728
   -0.022361    0.003069    0.029982    0.018238
   -0.022361   -0.004421    0.011605   -0.061836
   -0.022361   -0.016140   -0.018733   -0.049023
   -0.022361   -0.017774   -0.030935   -0.009938
   -0.022361    0.023082   -0.017889    0.020736
   -0.022361   -0.001043   -0.032426   -0.030338
   -0.022361    0.012956   -0.031968   -0.006453
   -0.022361    0.022172    0.026267   -0.020161
   -0.022361   -0.026974    0.001913   -0.045755
   -0.022361   -0.015280   -0.011820   -0.056120
   -0.022361   -0.007047   -0.032545    0.009826
   -0.022361   -0.028284   -0.021155   -0.010895
   -0.022361    0.028384   -0.002937    0.021265
   -0.022361    0.011906   -0.028114    0.018170
   -0.022361    0.015216    0.031392   -0.017836
   -0.022361   -0.013182   -0.031537    0.005797
   -0.022361   -0.035273    0.008625   -0.008976
   -0.022361   -0.001701    0.024912    0.029405
   -0.022361    0.031903   -0.005300    0.008956
   -0.022361   -0.016501   -0.027154    0.013443
   -0.022361    0.009429    0.027042    0.022734
   -0.022361    0.023667   -0.020185   -0.032896
   -0.022361   -0.012969   -0.020634    0.031622
   -0.022361    0.025932   -0.019441   -0.026511
   -0.022361    0.006349   -0.033988   -0.016697
   -0.022361    0.010732    0.033788   -0.012058
   -0.022361    0.026111    0.022179   -0.008145
   -0.022361   -0.022141    0.023796    0.013843
   -0.022361    0.007890   -0.034624   -0.007257
   -0.022361   -0.001648   -0.034133    0.002433
   -0.022361   -0.030171    0.000309   -0.040445
   -0.022361    0.006516    0.033504    0.003332
   -0.022361   -0.005399   -0.035103   -0.004775
   -0.022361   -0.012731    0.032686   -0.002454
   -0.022361   -0.003483    0.035734   -0.005938
   -0.022361    0.025055    0.013749    0.020092
   -0.022361    0.028767   -0.007884   -0.037358
   -0.022361    0.004958   -0.032923    0.009353
   -0.022361   -0.008405    0.023102    0.030456
   -0.022361    0.021636   -0.025363    0.002935
   -0.022361    0.025034   -0.017368    0.016013
   -0.022361   -0.032385   -0.007905    0.011943
   -0.022361   -0.023607   -0.018829    0.021518
   -0.022361   -0.002021    0.029140    0.022754
   -0.022361    0.003787   -0.023512    0.031135
   -0.022361    0.028776    0.012349    0.016300
   -0.022361   -0.025082   -0.018472    0.018215
   -0.022361    0.026812    0.021912   -0.001708
   -0.022361    0.003828   -0.032346    0.009901
   -0.022361   -0.016805    0.031080   -0.016202
   -0.022361    0.014002   -0.029488    0.004592
   -0.022361    0.014032    0.018495   -0.050861
   -0.022361   -0.034524    0.009886   -0.014352
   -0.022361    0.021600    0.028553   -0.006539
   -0.022361    0.018980    0.018928    0.026654
   -0.022361   -0.026429   -0.022378    0.006329
   -0.022361   -0.030296   -0.002402    0.017893
   -0.022361    0.005932    0.031148    0.016337
   -0.022361   -0.026502    0.008375   -0.044674
   -0.022361    0.024138    0.003514    0.028833
   -0.022361    0.014673    0.031985   -0.002837
   -0.022361    0.011142    0.021877    0.028198
   -0.022361    0.031846    0.000106    0.010532
   -0.022361   -0.023775   -0.017223    0.021948
   -0.022361   -0.005603    0.031666   -0.031306
   -0.022361   -0.014035    0.031915   -0.022361
   -0.022361   -0.031566    0.002702    0.015160
   -0.022361    0.033789   -0.003155   -0.001194
   -0.022361    0.025401    0.015418    0.016866
   -0.022361    0.020612    0.026038    0.008842
   -0.022361   -0.025179   -0.023221    0.007151
   -0.022361    0.008385   -0.023069    0.030473
   -0.022361    0.016650    0.030488   -0.002408
   -0.022361    0.003025   -0.034984   -0.006788
   -0.022361   -0.019653    0.028179    0.005108
   -0.022361    0.012568    0.031901   -0.016722
   -0.022361    0.030285   -0.011271   -0.027217
   -0.022361    0.034125    0.005257   -0.011179
   -0.022361   -0.035345   -0.000987   -0.010445
   -0.022361   -0.011766   -0.020352    0.031655
   -0.022361   -0.035828   -0.004248   -0.011890
   -0.022361    0.032665   -0.008314    0.002641
   -0.022361    0.017853    0.027691    0.011580
   -0.022361    0.015744    0.018679    0.031508
   -0.022361   -0.028578   -0.001352    0.025380
   -0.022361    0.019000    0.013221    0.030539
   -0.022361    0.033301   -0.007178   -0.005466
   -0.022361    0.016229    0.030909   -0.006891
   -0.022361    0.033149   -0.003521    0.006423
   -0.022361    0.003200    0.034243   -0.023272
   -0.022361    0.033373    0.000723    0.005101
   -0.022361    0.025767    0.003322   -0.043595
   -0.022361   -0.017918    0.022229    0.022798
   -0.022361   -0.034799    0.006661   -0.000923
   -0.022361   -0.030725   -0.018050   -0.018352
   -0.022361   -0.031053    0.008486    0.015210
   -0.022361   -0.006754   -0.034484   -0.015854
   -0.022361   -0.024321    0.018862    0.017799
   -0.022361   -0.016010   -0.031154   -0.014425
   -0.022361    0.000999    0.032330    0.013600
   -0.022361   -0.016542   -0.027549    0.013169
   -0.022361   -0.028097   -0.006130    0.023525
   -0.022361    0.025923   -0.019646    0.005809
   -0.022361   -0.020535    0.013774    0.031342
   -0.022361   -0.030989    0.018119   -0.010371
   -0.022361   -0.000108   -0.035426   -0.003847
   -0.022361    0.019092    0.029820   -0.010143
   -0.022361    0.031570   -0.011268   -0.021410
   -0.022361   -0.011079   -0.020387   -0.051183
   -0.022361    0.016082    0.020143    0.028908
   -0.022361    0.004607   -0.034527    0.000978
   -0.022361   -0.016688   -0.025002   -0.038703
   -0.022361    0.002489   -0.031337    0.014772
   -0.022361   -0.031051   -0.017880   -0.011357
   -0.022361    0.014731    0.028716    0.011720
   -0.022361   -0.005055    0.029059    0.020704
   -0.022361   -0.032397    0.014376   -0.018717
   -0.022361    0.025533    0.014777   -0.038557
   -0.022361    0.022032    0.025686    0.004814
   -0.022361    0.031569   -0.011248    0.004713
   -0.022361   -0.026870   -0.014646    0.016706
   -0.022361    0.031140   -0.014268   -0.017542
   -0.022361   -0.004637    0.029490    0.022477
   -0.022361   -0.016993    0.020753    0.028714
   -0.022361   -0.003268    0.031490    0.018204
   -0.022361    0.002480   -0.030683    0.014116
   -0.022361   -0.034704   -0.004190   -0.012631
   -0.022361    0.013307    0.032189   -0.004241
   -0.022361   -0.027822   -0.017031    0.012899
   -0.022361    0.016905   -0.027360    0.007842
   -0.022361    0.024277   -0.010180   -0.044330
   -0.022361    0.029615    0.007017   -0.036179
   -0.022361    0.026760   -0.007088    0.023168
   -0.022361    0.014627    0.031550   -0.006924
   -0.022361    0.009432   -0.033228   -0.012115
   -0.022361   -0.013424    0.032860   -0.009886
   -0.022361    0.013143   -0.025729    0.019587
   -0.022361   -0.032823    0.013860   -0.008060
   -0.022361   -0.006758   -0.030047   -0.036099
   -0.022361   -0.027022   -0.021913    0.004083
   -0.022361   -0.019402    0.026247    0.015058
   -0.022361    0.032196   -0.007054   -0.021629
   -0.022361   -0.017847   -0.022904    0.021762
   -0.022361    0.032848    0.001608   -0.024650
   -0.022361   -0.013364   -0.023845    0.027071
   -0.022361    0.002496    0.024851    0.030252
   -0.022361    0.008041   -0.034115   -0.012208
   -0.022361   -0.004259    0.031096   -0.034683
   -0.022361    0.027838   -0.011201    0.016578
   -0.022361   -0.019849   -0.028341    0.000608
   -0.022361    0.026092    0.022181    0.003853
   -0.022361   -0.006434   -0.034976   -0.007438
   -0.022361    0.020509    0.025370   -0.026184
   -0.022361    0.004483    0.035405   -0.006744
   -0.022361    0.016230    0.026578    0.017194
   -0.022361    0.030013   -0.012698    0.008012
   -0.022361    0.024754    0.010660    0.023738
   -0.022361   -0.033237    0.012007   -0.018534
   -0.022361    0.001127    0.031003    0.016516
   -0.022361   -0.004439    0.031909    0.015498
   -0.022361    0.017597   -0.029752   -0.003744
   -0.022361    0.027389   -0.014452    0.015832
   -0.022361   -0.027290    0.020582    0.002981
   -0.022361    0.011495   -0.027240    0.018036
   -0.022361   -0.035695    0.000614   -0.007913
   -0.022361    0.015315   -0.023646   -0.039631
   -0.022361   -0.032921   -0.011250   -0.017885
   -0.022361    0.007375    0.023787    0.030930
   -0.022361   -0.023903    0.020523    0.015011
   -0.022361    0.003664   -0.033831   -0.000408
   -0.022361   -0.011409    0.033824   -0.004356
   -0.022361    0.030860   -0.012360   -0.026305
   -0.022361   -0.008304   -0.022433    0.029585
   -0.022361   -0.029351   -0.018037    0.007122
   -0.022361    0.017361    0.028308    0.008285
   -0.022361    0.001982    0.035961   -0.006509
   -0.022361   -0.010465   -0.022209   -0.048119
   -0.022361    0.002680    0.026335    0.028564
   -0.022361   -0.027847    0.001358    0.024924
   -0.022361   -0.008832    0.033987   -0.015349
   -0.022361   -0.009613    0.034084   -0.020637
   -0.022361   -0.028151   -0.020541   -0.011637
   -0.022361   -0.004050   -0.017459   -0.055339
   -0.022361    0.023542   -0.021553    0.014515
   -0.022361    0.032332    0.009950   -0.022395
   -0.022361   -0.024640    0.011338    0.027097
   -0.022361   -0.017762    0.029811   -0.024740
   -0.022361    0.005648   -0.031821   -0.030609
   -0.022361   -0.013316    0.033614   -0.013878
   -0.022361   -0.004881    0.022929   -0.050456
   -0.022361    0.024377    0.005125    0.027649
   -0.022361   -0.021831   -0.027774   -0.009842
   -0.022361   -0.012792   -0.022224    0.028940
   -0.022361   -0.031933    0.012355   -0.028967
   -0.022361    0.003886    0.030322    0.017766
   -0.022361    0.021046   -0.025479   -0.023783
   -0.022361    0.032465   -0.011618   -0.016643
   -0.022361    0.002035    0.032387   -0.031971
   -0.022361   -0.007985   -0.023876    0.028444
   -0.022361   -0.035558    0.001860    0.000999
   -0.022361   -0.028860    0.005728   -0.039981
   -0.022361   -0.022245   -0.022240    0.017121
   -0.022361   -0.018083    0.029692   -0.021792
   -0.022361    0.008280   -0.030768    0.010163
   -0.022361   -0.025439   -0.002910    0.027490
   -0.022361    0.034570   -0.001378   -0.004340
   -0.022361    0.009165    0.027246   -0.040678
   -0.022361    0.017512   -0.024354    0.018612
   -0.022361    0.025375   -0.000017   -0.046425
   -0.022361    0.004334    0.015679   -0.057868
   -0.022361    0.025265   -0.022647   -0.017399
   -0.022361   -0.006137   -0.033593   -0.022044
   -0.022361    0.026305    0.012880    0.019951
   -0.022361    0.009552    0.033086   -0.021310
   -0.022361    0.018457   -0.027909   -0.000251
   -0.022361    0.012086   -0.031398    0.007382
   -0.022361    0.009565    0.028127   -0.038934
   -0.022361   -0.005268    0.025459   -0.047021
   -0.022361   -0.034181    0.006630   -0.020815
   -0.022361    0.019207   -0.012059    0.030822
   -0.022361    0.015458    0.032025   -0.002951
   -0.022361   -0.007885    0.027497    0.024195
   -0.022361    0.016833   -0.028831   -0.024702
   -0.022361    0.018826   -0.002363   -0.055775
   -0.022361   -0.012831   -0.029398    0.011559
   -0.022361   -0.008331   -0.033314   -0.015547
   -0.022361    0.008004   -0.033515   -0.019167
   -0.022361    0.020669   -0.018246   -0.042979
   -0.022361    0.029323   -0.017904   -0.013897
   -0.022361   -0.005290    0.035168   -0.012934
   -0.022361    0.021700   -0.010508    0.029383
   -0.022361    0.024607   -0.005420    0.028357
   -0.022361    0.010716   -0.032308    0.000861
   -0.022361   -0.020833   -0.025403    0.010080
   -0.022361    0.007271    0.025907    0.026335
   -0.022361    0.021218    0.021950    0.019337
   -0.022361   -0.006395    0.033199   -0.029784
   -0.022361    0.020347   -0.011703    0.030087
   -0.022361    0.034036    0.007949   -0.004729
   -0.022361   -0.031004   -0.011308    0.008608
   -0.022361   -0.030702    0.011964    0.015152
   -0.022361   -0.009728    0.025797    0.024908
   -0.022361    0.015291    0.020252    0.026836
   -0.022361   -0.028403   -0.015769   -0.032567
   -0.022361    0.025891   -0.002955    0.025041
   -0.022361   -0.033924    0.001093    0.007133
   -0.022361    0.025714    0.020135   -0.027141
   -0.022361    0.030308    0.016684   -0.018595
   -0.022361   -0.031566    0.015584   -0.002669
   -0.022361    0.018607   -0.023129   -0.037747
   -0.022361   -0.033978    0.006635    0.003308
   -0.022361   -0.009127    0.021967    0.031957
   -0.022361    0.029309   -0.001330    0.019757
   -0.022361   -0.019105   -0.018578    0.027937
   -0.022361    0.002909   -0.026248    0.026902
   -0.022361    0.030541   -0.007529    0.012532
   -0.022361    0.019397   -0.016878    0.027544
   -0.022361    0.032409    0.003239    0.010460
   -0.022361   -0.017832    0.029999    0.001610
   -0.022361   -0.000907    0.036170   -0.005889
   -0.022361   -0.013479   -0.020127    0.029949
   -0.022361   -0.019882    0.030095   -0.009847
   -0.022361   -0.006585   -0.019541   -0.053876
   -0.022361    0.017036    0.029228   -0.028074
   -0.022361    0.001338   -0.034596    0.001654
   -0.022361    0.021768    0.016041    0.026326
   -0.022361   -0.029152   -0.016145   -0.027512
   -0.022361   -0.024618    0.007941    0.029151
   -0.022361    0.029187    0.003821    0.017811
   -0.022361    0.013446    0.031288    0.002063
   -0.022361    0.006447   -0.021134   -0.050736
   -0.022361   -0.028052    0.019034   -0.027020
   -0.022361    0.018203   -0.019049    0.026200
   -0.022361    0.026486    0.021651    0.000110
   -0.022361    0.005246   -0.032889    0.009351
   -0.022361    0.015111    0.019957    0.029995
   -0.022361    0.027375   -0.006038    0.022748
   -0.022361   -0.008953   -0.032451   -0.024490
   -0.022361    0.014965   -0.029366    0.010364
   -0.022361    0.033671    0.009140   -0.012579
   -0.022361    0.014094    0.032576   -0.013700
   -0.022361   -0.029869   -0.000370    0.021672
   -0.022361   -0.031375   -0.013721    0.008907
   -0.022361    0.000927   -0.030342   -0.037234
   -0.022361    0.033216   -0.000657    0.008483
   -0.022361   -0.015788    0.024847    0.021762
   -0.022361    0.006398    0.030563    0.017640
   -0.022361   -0.014882   -0.023081    0.025392
   -0.022361   -0.027375    0.006935    0.026326
   -0.022361    0.032414    0.012198   -0.015864
   -0.022361   -0.022587    0.017854   -0.043291
   -0.022361   -0.009859   -0.030100    0.014124
   -0.022361   -0.026800   -0.018853    0.007819
   -0.022361    0.005672   -0.034095   -0.005268
   -0.022361    0.013879   -0.023972    0.024524
   -0.022361    0.029492    0.013012    0.010914
   -0.022361    0.018705   -0.024242   -0.036621
   -0.022361   -0.024822    0.023006    0.010365
   -0.022361    0.010327    0.030419    0.011100
   -0.022361    0.010666   -0.033101   -0.006943
   -0.022361    0.000012   -0.029497    0.021851
   -0.022361   -0.032281    0.007486    0.013211
   -0.022361    0.018075    0.016580    0.029250
   -0.022361   -0.034464    0.009944   -0.008775
   -0.022361   -0.003570   -0.035391   -0.007069
   -0.022361    0.023718    0.024310    0.004483
   -0.022361   -0.007659    0.033808   -0.020729
   -0.022361   -0.026295    0.019665    0.014215
   -0.022361   -0.024079   -0.025305    0.000849
   -0.022361   -0.010861   -0.030693    0.011723
   -0.022361   -0.036024    0.005124   -0.011945
   -0.022361    0.017444    0.023042    0.022424
   -0.022361    0.028779   -0.019167   -0.002565
   -0.022361   -0.001283   -0.034448   -0.003100
   -0.022361    0.002827    0.029709    0.018707
   -0.022361    0.004728    0.023699   -0.050245
   -0.022361   -0.006269   -0.025843    0.026651
   -0.022361    0.003160   -0.029162    0.019806
   -0.022361    0.022159    0.017227    0.025121
   -0.022361   -0.002116   -0.033169   -0.027311
   -0.022361    0.027380   -0.017833   -0.025178
   -0.022361   -0.034836    0.002928   -0.022018
   -0.022361   -0.012644   -0.015439   -0.055511
   -0.022361    0.028631    0.008491    0.019060
   -0.022361   -0.001100    0.023006   -0.051608
   -0.022361   -0.026864   -0.019718    0.010554
   -0.022361   -0.001000   -0.033991    0.000648
   -0.022361   -0.013607    0.032752    0.000005
   -0.022361    0.028413    0.017033    0.006665
   -0.022361   -0.023793    0.024507    0.011254
   -0.022361    0.013034   -0.024713    0.022934
   -0.022361    0.014686    0.004702   -0.058433
   -0.022361    0.002863   -0.034050   -0.020189
   -0.022361    0.032306    0.002781   -0.028509
   -0.022361    0.001708   -0.034321   -0.014779
   -0.022361   -0.021822    0.013019    0.030665
   -0.022361   -0.016809    0.016601    0.032733
   -0.022361   -0.028558    0.004028    0.022755
   -0.022361   -0.016514    0.028132    0.015123
   -0.022361    0.005634    0.033808   -0.023778
   -0.022361   -0.030106    0.018908    0.000838
   -0.022361   -0.009539   -0.034186   -0.004679
   -0.022361    0.033283    0.000243   -0.023557
   -0.022361    0.022768    0.027481   -0.007917
   -0.022361    0.000275    0.024299    0.029511
   -0.022361   -0.006903   -0.030134    0.014143
   -0.022361    0.017838   -0.022606   -0.039648
   -0.022361    0.010375   -0.024093   -0.045339
   -0.022361    0.032973   -0.011418   -0.003856
   -0.022361    0.031198   -0.009551   -0.028195
   -0.022361    0.027446    0.012217    0.019834
   -0.022361    0.020996    0.027757   -0.016458
   -0.022361   -0.006005    0.030816    0.017771
   -0.022361    0.007428   -0.033568    0.000429
   -0.022361   -0.016092    0.029369    0.008586
   -0.022361    0.012947   -0.026052    0.022148
   -0.022361    0.030285   -0.007047    0.014763
   -0.022361    0.013206   -0.029247    0.012431
   -0.022361   -0.015957    0.031220    0.004708
   -0.022361   -0.032882    0.013142    0.002335
   -0.022361   -0.009620    0.022935    0.030953
   -0.022361    0.009299   -0.029390    0.014562
   -0.022361    0.029572   -0.014270   -0.026065
   -0.022361    0.002052   -0.029056    0.020848
   -0.022361    0.010662    0.028821    0.015461
   -0.022361    0.018373    0.015074    0.030227
   -0.022361   -0.035065   -0.001849   -0.001341
   -0.022361   -0.017045   -0.016461    0.030036
   -0.022361    0.033206    0.010140   -0.001712
   -0.022361   -0.034082    0.001001   -0.028921
   -0.022361   -0.030622   -0.015783    0.002303
   -0.022361   -0.023749   -0.005002    0.029571
   -0.022361    0.009673   -0.006751   -0.061712
   -0.022361    0.014882   -0.027686    0.013754
   -0.022361    0.004770   -0.033862   -0.005097
   -0.022361   -0.001475    0.024460    0.030286
   -0.022361    0.029767   -0.006730   -0.036608
   -0.022361   -0.025735    0.017879    0.017438
   -0.022361   -0.022823   -0.020808    0.017074
   -0.022361    0.000301   -0.033828    0.000225
   -0.022361    0.031558    0.011187    0.004984
   -0.022361   -0.021625    0.020416   -0.041071
   -0.022361    0.024885   -0.023088   -0.018008
   -0.022361   -0.015044   -0.017538    0.032062
   -0.022361   -0.030674    0.017042   -0.016216
   -0.022361    0.032827    0.008476   -0.022921
   -0.022361    0.034086   -0.002037   -0.008676
   -0.022361    0.024130   -0.023299    0.004450
   -0.022361    0.000554    0.029414    0.022138
   -0.022361   -0.028985    0.015611    0.013220
   -0.022361    0.029217   -0.006654    0.017338
   -0.022361   -0.004094   -0.024728    0.028255
   -0.022361    0.034948    0.001043   -0.008318
   -0.022361   -0.029005   -0.020838   -0.009942
   -0.022361   -0.021554   -0.025676   -0.026499
   -0.022361    0.007049   -0.033354   -0.022683
   -0.022361   -0.026434    0.004651    0.028557
   -0.022361    0.029853   -0.016109   -0.000892
   -0.022361   -0.026943   -0.021532   -0.001009
   -0.022361   -0.031219   -0.010457    0.010152
   -0.022361    0.018275    0.017369    0.029147
   -0.022361   -0.000354   -0.035118   -0.005494
   -0.022361    0.018527   -0.029270   -0.013584
   -0.022361   -0.009999    0.033676    0.002987
   -0.022361   -0.005681   -0.034292   -0.004167
   -0.022361    0.028217   -0.015471   -0.026787
   -0.022361   -0.009063    0.016190   -0.058107
   -0.022361   -0.022523    0.012754   -0.048180
   -0.022361    0.001278   -0.029506    0.020064
   -0.022361    0.007936    0.034010   -0.001980
   -0.022361   -0.029462    0.016983   -0.027260
   -0.022361   -0.005556   -0.026229    0.026028
   -0.022361   -0.024306    0.025605   -0.022802
   -0.022361   -0.033182    0.007535   -0.025041
   -0.022361    0.008523   -0.032798   -0.018739
   -0.022361   -0.016788    0.020583    0.027475
   -0.022361    0.027565    0.019509    0.002457
   -0.022361   -0.030948    0.008186   -0.033879
   -0.022361   -0.026971   -0.002574    0.027528
   -0.022361    0.015512   -0.018430    0.028569
   -0.022361   -0.005516    0.035625   -0.007284
   -0.022361   -0.010013    0.029523    0.016001
   -0.022361    0.030812    0.009582    0.009495
   -0.022361    0.025552   -0.022398   -0.014813
   -0.022361    0.033800    0.007566   -0.019743
   -0.022361   -0.006813   -0.034957   -0.007014
   -0.022361   -0.000546    0.029291    0.022483
   -0.022361    0.003926   -0.033814    0.002205
   -0.022361   -0.001775    0.031725    0.015351
   -0.022361   -0.036049    0.002910   -0.002225
   -0.022361    0.032070   -0.005111   -0.029381
   -0.022361   -0.027113    0.006115    0.024655
   -0.022361    0.031742   -0.007632    0.007886
   -0.022361    0.026805   -0.019160    0.010118
   -0.022361   -0.031101    0.013415    0.006009
   -0.022361    0.027707   -0.009552    0.020095
   -0.022361   -0.007602   -0.028566    0.019553
   -0.022361   -0.008351    0.033290   -0.019681
   -0.022361   -0.016393    0.031551   -0.015358
   -0.022361   -0.030152    0.017897   -0.021191
   -0.022361   -0.013370    0.023633    0.025786
   -0.022361   -0.021549    0.028683   -0.013720
   -0.022361   -0.028271    0.019446   -0.026973
   -0.022361   -0.029516   -0.015243    0.009024
   -0.022361   -0.033412    0.013689   -0.005009
   -0.022361    0.020713   -0.027384   -0.012832
   -0.022361    0.019499    0.028971   -0.003942
   -0.022361    0.008233   -0.025548    0.026486
   -0.022361   -0.034738    0.002746    0.005870
   -0.022361   -0.030767    0.016271    0.004617
   -0.022361   -0.030593   -0.008415    0.017996
   -0.022361    0.034369    0.003500   -0.002453
   -0.022361    0.023513    0.018152    0.019907
   -0.022361    0.032837   -0.008903   -0.010043
   -0.022361    0.029349    0.018215   -0.015333
   -0.022361   -0.025165    0.023835    0.001752
   -0.022361    0.031359    0.005248    0.012789
   -0.022361   -0.025962   -0.009221    0.026737
   -0.022361   -0.031504    0.005526    0.013406
   -0.022361   -0.028554   -0.007597    0.020245
   -0.022361    0.012603    0.033470   -0.012723
   -0.022361    0.027762   -0.015504    0.013176
   -0.022361   -0.024828    0.022804    0.005888
   -0.022361    0.027266   -0.013167    0.018948
   -0.022361   -0.021239    0.021365    0.020775
   -0.022361   -0.006509    0.029064   -0.040219
   -0.022361   -0.033965   -0.001155    0.009723
   -0.022361    0.016355    0.028274    0.009337
   -0.022361   -0.021712    0.012813    0.030642
   -0.022361    0.031703    0.004146    0.010361
   -0.022361   -0.034356   -0.009398   -0.018650
   -0.022361    0.032447    0.009757   -0.019566
   -0.022361    0.011755    0.033047   -0.014410
   -0.022361    0.014624   -0.018073   -0.049793
   -0.022361   -0.020474   -0.027841   -0.018582
   -0.022361   -0.030900    0.016992   -0.006992
   -0.022361    0.018428   -0.026052   -0.032658
   -0.022361   -0.034513    0.006571   -0.019259
   -0.022361    0.028821   -0.014384    0.008661
   -0.022361   -0.031519   -0.012820   -0.023984
   -0.022361   -0.000197   -0.030171    0.017380
   -0.022361   -0.012963   -0.028343    0.014340
   -0.022361    0.002766    0.034315    0.003436
   -0.022361   -0.007049    0.026689    0.025702
   -0.022361    0.023076    0.015489    0.023212
   -0.022361    0.010261   -0.015682   -0.056305
   -0.022361   -0.027268   -0.017163    0.015310
   -0.022361   -0.024768    0.026503   -0.009249
   -0.022361    0.020883    0.026977    0.003312
   -0.022361    0.005388    0.035151   -0.006451
   -0.022361    0.034601   -0.001646   -0.004472
   -0.022361    0.023439    0.026052   -0.011474
   -0.022361    0.005002   -0.034948   -0.004023
   -0.022361    0.029082    0.006344    0.017428
   -0.022361   -0.018871    0.006551   -0.055481
   -0.022361    0.010038    0.029634    0.016231
   -0.022361    0.023526    0.021411   -0.032435
   -0.022361   -0.034526   -0.000476    0.002809
   -0.022361   -0.034173   -0.001558    0.004659
   -0.022361    0.027154    0.019043    0.008143
   -0.022361   -0.031388   -0.013397    0.005495
   -0.022361    0.000774    0.033371    0.006925
   -0.022361    0.003988    0.028681    0.022930
   -0.022361    0.018206    0.017970    0.029444
   -0.022361    0.016914    0.030734   -0.020943
   -0.022361    0.026543   -0.021075   -0.016715
   -0.022361    0.020183   -0.026491   -0.024417
   -0.022361   -0.030830   -0.015270    0.004408
   -0.022361   -0.024464   -0.022904    0.006004
   -0.022361    0.029456    0.015093   -0.027324
   -0.022361    0.028128   -0.017914    0.006958
   -0.022361    0.031558    0.007454   -0.028473
   -0.022361   -0.013912    0.016992   -0.052384
   -0.022361   -0.016418   -0.031639   -0.008275
   -0.022361   -0.030772    0.007728    0.016524
   -0.022361   -0.013565    0.032560    0.000968
   -0.022361    0.004021   -0.026077    0.026692
   -0.022361   -0.004663   -0.033367   -0.025962
   -0.022361    0.008750    0.030784    0.014614
   -0.022361    0.030632   -0.010780   -0.023958
   -0.022361    0.015193    0.022385    0.025092
   -0.022361   -0.030679   -0.014783    0.005026
   -0.022361   -0.019962   -0.021413    0.020921
   -0.022361   -0.027912    0.009378    0.021721
   -0.022361    0.033770    0.002780    0.005463
   -0.022361    0.014187    0.028679    0.011960
   -0.022361    0.014613   -0.031095   -0.016344
   -0.022361   -0.004404   -0.031232    0.015095
   -0.022361   -0.034477   -0.009446   -0.008286
   -0.022361   -0.030469    0.018253   -0.002722
   -0.022361    0.019326   -0.014129    0.030448
   -0.022361    0.028039   -0.004685    0.021607
   -0.022361   -0.000631   -0.032621    0.011640
   -0.022361    0.003399   -0.027786   -0.041782
   -0.022361    0.034142   -0.002827   -0.015341
   -0.022361   -0.034713   -0.009468   -0.007947
   -0.022361    0.026328   -0.021261   -0.002452
   -0.022361    0.012962   -0.029877    0.009183
   -0.022361    0.022029    0.006968   -0.051154
   -0.022361    0.002503    0.035498   -0.011232
   -0.022361    0.013666    0.018410    0.032011
   -0.022361    0.012601    0.033577   -0.008876
   -0.022361    0.022251   -0.026012   -0.007017
   -0.022361   -0.013300    0.028534    0.014975
   -0.022361   -0.017542    0.029346   -0.026711
   -0.022361    0.033190    0.002138    0.004267
   -0.022361    0.020925    0.027957   -0.008739
   -0.022361   -0.031003   -0.008945   -0.034631
   -0.022361   -0.018499   -0.019076    0.027433
   -0.022361    0.016782   -0.021175    0.024865
   -0.022361    0.031690    0.012681   -0.002610
   -0.022361    0.021059   -0.027055   -0.010239
   -0.022361   -0.029528   -0.006904    0.019585
   -0.022361    0.024932   -0.023861   -0.014928
   -0.022361    0.001123   -0.024997    0.029243
   -0.022361   -0.024716   -0.020234    0.014657
   -0.022361   -0.002641    0.030414    0.019453
   -0.022361    0.030606    0.012917   -0.025499
   -0.022361    0.029775    0.017072   -0.014968
   -0.022361    0.027010   -0.020867    0.000012
   -0.022361   -0.011227   -0.027372    0.018580
   -0.022361   -0.030491   -0.000748   -0.039098
   -0.022361    0.017951    0.024192    0.018182
   -0.022361   -0.006057   -0.033538    0.003226
   -0.022361   -0.028118   -0.010630    0.019299
   -0.022361    0.015760    0.017633    0.030802
   -0.022361    0.023593    0.025353   -0.022538
   -0.022361   -0.009035    0.034185   -0.018253
   -0.022361    0.002113   -0.030427    0.016300
   -0.022361    0.033250    0.008163   -0.019696
   -0.022361    0.012095   -0.026402    0.021920
   -0.022361   -0.015244    0.028178   -0.033174
   -0.022361   -0.024991   -0.017045    0.018207
   -0.022361    0.015393   -0.024694    0.020171
   -0.022361    0.004720   -0.034267    0.003413
   -0.022361   -0.035104   -0.003210   -0.004177
   -0.022361    0.021369   -0.025954   -0.000879
   -0.022361   -0.014089   -0.026671   -0.037811
   -0.022361   -0.019697    0.030618   -0.007567
   -0.022361   -0.033114   -0.002205   -0.030907
   -0.022361   -0.014506   -0.029480    0.010649
   -0.022361    0.019433    0.027708   -0.025479
   -0.022361    0.026542    0.023971   -0.013020
   -0.022361    0.016455   -0.030740   -0.017767
   -0.022361    0.008218    0.032781   -0.026396
   -0.022361   -0.024880   -0.020532    0.010924
   -0.022361   -0.001668    0.035212    0.001644
   -0.022361   -0.032400    0.014185   -0.015238
   -0.022361   -0.016470    0.031711   -0.011452
   -0.022361    0.029364    0.001785   -0.036229
   -0.022361   -0.013731   -0.032881   -0.007237
   -0.022361   -0.016667   -0.019006    0.028856
   -0.022361   -0.035399   -0.001361   -0.021030
   -0.022361    0.022945    0.022464   -0.030629
   -0.022361   -0.014327    0.032504   -0.003921
   -0.022361    0.023903    0.008356    0.029058
   -0.022361    0.024725    0.024123   -0.005688
   -0.022361    0.009580   -0.024604    0.025912
   -0.022361    0.031072    0.011790    0.003580
   -0.022361   -0.028204   -0.021843   -0.010761
   -0.022361   -0.030171    0.011358    0.014042
   -0.022361   -0.024647    0.023590    0.011252
   -0.022361   -0.026847   -0.023600   -0.015972
   -0.022361   -0.027736    0.022727   -0.012127
   -0.022361   -0.028320    0.013530    0.017214
   -0.022361    0.024876   -0.004536    0.026009
   -0.022361    0.029209    0.003836    0.020299
   -0.022361   -0.021141   -0.021933   -0.036561
   -0.022361   -0.019639    0.027241    0.008249
   -0.022361    0.030500    0.013262    0.007346
   -0.022361    0.029847    0.013378    0.005686
   -0.022361   -0.002149    0.033980   -0.025739
   -0.022361   -0.030876   -0.007691    0.014295
   -0.022361   -0.014715    0.031675    0.001001
   -0.022361   -0.009839   -0.012899   -0.057968
   -0.022361    0.015116   -0.029743    0.005736
   -0.022361   -0.029668    0.006612   -0.040755
   -0.022361    0.030518   -0.007328    0.012631
   -0.022361    0.022287    0.007846    0.031729
   -0.022361   -0.024930    0.008831    0.028266
   -0.022361   -0.023274    0.003992    0.032833
   -0.022361    0.031294    0.001228   -0.031684
   -0.022361    0.028302    0.005247   -0.039191
   -0.022361    0.009442    0.024650    0.026422
   -0.022361   -0.026935    0.022481    0.000089
   -0.022361    0.003816   -0.032587   -0.030084
   -0.022361    0.011638    0.020534   -0.049073
   -0.022361   -0.010375    0.028312    0.020623
   -0.022361    0.010004    0.031585    0.011409
   -0.022361    0.005225   -0.027868    0.020472
   -0.022361    0.026634    0.012586    0.021210
   -0.022361   -0.016971    0.029240    0.007993
   -0.022361    0.002117   -0.020856   -0.053088
   -0.022361   -0.019981    0.017025   -0.048326
   -0.022361   -0.017547   -0.027124    0.015253
   -0.022361   -0.034380    0.006395    0.002798
   -0.022361   -0.026426   -0.000895    0.028366
   -0.022361   -0.030356   -0.017329   -0.010016
   -0.022361   -0.033869    0.011903   -0.003088
   -0.022361   -0.033877   -0.007205    0.004763
   -0.022361    0.025871    0.010412   -0.043608
   -0.022361    0.031595    0.009267   -0.026029
   -0.022361   -0.002534    0.028300    0.025474
   -0.022361    0.026066    0.011432    0.021799
   -0.022361   -0.029486   -0.005282   -0.039668
   -0.022361   -0.032908   -0.000571   -0.030403
   -0.022361   -0.029064    0.004839    0.022875
   -0.022361   -0.017928   -0.019123    0.027262
   -0.022361    0.018910   -0.019472   -0.041622
   -0.022361   -0.030609   -0.016234   -0.024255
   -0.022361    0.016611   -0.025195    0.017479
   -0.022361   -0.021392   -0.015623    0.026397
   -0.022361    0.016311    0.030793   -0.000453
   -0.022361    0.024043   -0.025345   -0.007448
   -0.022361    0.029908    0.008111   -0.032986
   -0.022361    0.008703    0.022709    0.031491
   -0.022361   -0.010530   -0.026913   -0.039355
   -0.022361    0.031255   -0.015454   -0.013133
   -0.022361   -0.022397   -0.027340   -0.010097
   -0.022361   -0.026928   -0.002522    0.026936
   -0.022361   -0.034747    0.004421    0.004594
   -0.022361    0.009056   -0.033004    0.004421
   -0.022361    0.024559    0.004459    0.028457
   -0.022361   -0.035083    0.007115   -0.004032
   -0.022361   -0.023671   -0.023408   -0.026404
   -0.022361    0.007420   -0.033290   -0.003480
   -0.022361   -0.026076    0.022907   -0.025176
   -0.022361   -0.011327    0.023411    0.029118
   -0.022361    0.008849    0.022621    0.030910
   -0.022361    0.015566    0.030852   -0.000432
   -0.022361   -0.017457    0.027510    0.013988
   -0.022361   -0.028271   -0.009989    0.021907
   -0.022361    0.022921   -0.021570    0.012427
   -0.022361   -0.032109   -0.000455   -0.034527
   -0.022361    0.022436    0.013401    0.026866
   -0.022361    0.026468   -0.019818   -0.022180
   -0.022361    0.004679    0.032950   -0.026675
   -0.022361    0.013411    0.020690    0.029456
   -0.022361   -0.002596    0.024084    0.031123
   -0.022361   -0.021802   -0.023326    0.013942
   -0.022361   -0.034228   -0.006886   -0.021759
   -0.022361    0.002950    0.035071   -0.003796
   -0.022361    0.000361   -0.034784   -0.018741
   -0.022361    0.019390    0.028957   -0.013037
   -0.022361    0.024316    0.001060   -0.049014
   -0.022361    0.014654   -0.029204    0.003935
   -0.022361   -0.024363    0.025962   -0.016206
   -0.022361    0.019337    0.016617    0.027960
   -0.022361   -0.008386    0.023834    0.030532
   -0.022361   -0.030178   -0.006982   -0.038666
   -0.022361    0.013889    0.031730   -0.005310
   -0.022361   -0.029415   -0.018426   -0.001208
   -0.022361   -0.022231    0.027683    0.001710
   -0.022361    0.024450   -0.018712    0.015339
   -0.022361    0.025260    0.003005    0.028318
   -0.022361   -0.025245   -0.025904   -0.011448
   -0.022361   -0.000435    0.034893   -0.012847
   -0.022361   -0.013693   -0.031786    0.002723
   -0.022361    0.020908   -0.027358   -0.015762
   -0.022361   -0.027253    0.023483   -0.017007
   -0.022361   -0.007277   -0.024512   -0.047072
   -0.022361    0.027593   -0.007548   -0.037844
   -0.022361   -0.033327   -0.002669    0.009113
   -0.022361    0.033062    0.003661   -0.022185
   -0.022361   -0.007939    0.031690    0.013131
   -0.022361    0.028054    0.011375    0.018466
   -0.022361    0.025704   -0.021113    0.007758
   -0.022361   -0.004970    0.027952    0.023618
   -0.022361   -0.029589   -0.017336    0.006475
   -0.022361    0.028249    0.018938    0.002359
   -0.022361    0.005338    0.029815    0.018878
   -0.022361    0.017034    0.029658   -0.022897
   -0.022361    0.024522    0.019438   -0.034604
   -0.022361    0.032505   -0.010564   -0.000648
   -0.022361    0.004109   -0.031598    0.012590
   -0.022361   -0.029025    0.015539    0.014276
   -0.022361    0.004458    0.035173   -0.006716
   -0.022361   -0.011197   -0.027477    0.019113
   -0.022361   -0.031088    0.018642   -0.005702
   -0.022361   -0.017604   -0.024914    0.018983
   -0.022361    0.034377    0.005312   -0.004389
   -0.022361    0.006425   -0.033406    0.004533
   -0.022361    0.027211   -0.011950    0.019154
   -0.022361   -0.030305   -0.004673    0.018796
   -0.022361   -0.031553   -0.016577   -0.007816
   -0.022361    0.029339   -0.016198    0.001803
   -0.022361    0.026165    0.023595   -0.003749
   -0.022361    0.000414   -0.032112    0.013746
   -0.022361    0.006492   -0.022118    0.031307
   -0.022361    0.007542   -0.023404    0.027993
   -0.022361   -0.029718   -0.019086   -0.014177
   -0.022361   -0.001487    0.033957    0.008246
   -0.022361    0.015419   -0.023841    0.021840
   -0.022361    0.029072    0.019308   -0.007361
   -0.022361    0.022298    0.027740   -0.005445
   -0.022361    0.000532    0.025323    0.028655
   -0.022361   -0.034405    0.011417   -0.012665
   -0.022361    0.024681    0.017251   -0.037661
   -0.022361    0.017845    0.027968    0.007671
   -0.022361   -0.022475   -0.008112    0.030570
   -0.022361    0.031564    0.008971    0.007448
   -0.022361    0.018416    0.029475    0.004267
   -0.022361   -0.026376   -0.012251    0.022750
   -0.022361   -0.025591    0.016355   -0.038025
   -0.022361   -0.034679   -0.005194   -0.014628
   -0.022361    0.010464   -0.016231   -0.055692
   -0.022361    0.031254   -0.004530    0.011381
   -0.022361    0.032547   -0.013104   -0.011876
   -0.022361   -0.029885    0.007094    0.019032
   -0.022361    0.030252   -0.000646   -0.034037
   -0.022361    0.017719   -0.029936   -0.004595
   -0.022361   -0.031081    0.001828    0.017158
   -0.022361    0.015394    0.030280    0.006637
   -0.022361    0.015478    0.031296   -0.020494
   -0.022361   -0.021756   -0.024051    0.012415
   -0.022361   -0.029432   -0.010851   -0.036803
   -0.022361   -0.003489    0.023366    0.031583
   -0.022361   -0.014166   -0.029545   -0.031086
   -0.022361   -0.028776   -0.006679    0.021822
   -0.022361    0.023596    0.023636    0.006617
   -0.022361    0.029299   -0.018504   -0.004060
   -0.022361   -0.031494   -0.014933    0.002020
   -0.022361    0.018579   -0.028439    0.003138
   -0.022361    0.030570   -0.015381    0.003601
   -0.022361    0.003930    0.028290   -0.040366
   -0.022361   -0.021639    0.018421    0.025838
   -0.022361   -0.035195   -0.006008   -0.005841
   -0.022361   -0.025767    0.021737    0.006571
   -0.022361    0.022941    0.017767    0.020007
   -0.022361    0.034578    0.006367   -0.011616
   -0.022361   -0.032083   -0.014713   -0.015412
   -0.022361   -0.013351    0.024311    0.023940
   -0.022361   -0.020414    0.029037   -0.004246
   -0.022361    0.029190   -0.011351    0.015163
   -0.022361   -0.036166   -0.002835   -0.006243
   -0.022361    0.026907   -0.021678   -0.009555
   -0.022361   -0.030869    0.018100    0.001079
   -0.022361   -0.035418    0.007985   -0.013938
   -0.022361    0.030152    0.015422   -0.003408
   -0.022361   -0.013279    0.033518   -0.017025
   -0.022361    0.015682   -0.028319    0.009657
   -0.022361   -0.008215    0.032239    0.010655
   -0.022361   -0.021235   -0.027553    0.003981
   -0.022361    0.017105   -0.029976   -0.017855
   -0.022361    0.031498    0.008285   -0.027840
   -0.022361   -0.015155   -0.026314    0.020656
   -0.022361    0.032083    0.013597   -0.008326
   -0.022361    0.025811   -0.022566   -0.002190
   -0.022361   -0.022361   -0.027703   -0.006119
   -0.022361    0.022673   -0.020858    0.014993
   -0.022361   -0.009606   -0.016911   -0.055333
   -0.022361   -0.024784    0.013845    0.024590
   -0.022361    0.023584   -0.004867    0.029082
   -0.022361   -0.033320   -0.004750    0.011279
   -0.022361   -0.003443    0.014304   -0.060276
   -0.022361    0.015443    0.030234   -0.028069
   -0.022361   -0.000339   -0.035068   -0.010464
   -0.022361   -0.012848    0.016511   -0.054165
   -0.022361    0.033392    0.001299   -0.020649
   -0.022361   -0.008989    0.029456    0.017270
   -0.022361    0.033856   -0.004297   -0.000304
   -0.022361   -0.033712   -0.007284    0.005244
   -0.022361   -0.026402    0.015526    0.018734
   -0.022361   -0.017453    0.023549    0.023160
   -0.022361   -0.003886    0.024531    0.030028
   -0.022361   -0.006589    0.032019    0.012285
   -0.022361   -0.026692    0.020988    0.006795
   -0.022361    0.012172   -0.030171   -0.028797
   -0.022361    0.026279   -0.003492    0.024977
   -0.022361    0.032599    0.010556    0.001012
   -0.022361   -0.000755    0.028461    0.023877
   -0.022361   -0.013616    0.022522    0.027074
   -0.022361   -0.031761    0.000652   -0.036103
   -0.022361   -0.027246    0.019807    0.011165
   -0.022361   -0.023379    0.023667    0.013775
   -0.022361   -0.035368    0.000799   -0.006085
   -0.022361   -0.032490    0.001576   -0.031197
   -0.022361    0.006443   -0.030638   -0.034854
   -0.022361   -0.033924    0.003838   -0.026320
   -0.022361    0.020232   -0.020054    0.022429
   -0.022361    0.002525    0.031472    0.014285
   -0.022361   -0.023636    0.005006    0.031313
   -0.022361    0.018499    0.025542   -0.032167
   -0.022361    0.015789    0.029920   -0.021602
   -0.022361    0.011385    0.026453   -0.040647
   -0.022361   -0.031264    0.008966    0.014927
   -0.022361    0.015275   -0.030510   -0.000255
   -0.022361   -0.020210    0.029621    0.001020
   -0.022361   -0.030337   -0.016102    0.005115
   -0.022361   -0.008578   -0.025910    0.026403
   -0.022361    0.020996    0.013124    0.028134
   -0.022361    0.008091   -0.033214   -0.005662
   -0.022361    0.033719   -0.004383   -0.003601
   -0.022361   -0.019252    0.029677    0.002018
   -0.022361   -0.023652   -0.023322    0.009236
   -0.022361   -0.032070   -0.003898    0.015101
   -0.022361   -0.022107    0.010627    0.032001
   -0.022361    0.015451    0.020273    0.029737
   -0.022361    0.028142    0.008418    0.019140
   -0.022361   -0.018211    0.016686    0.031887
   -0.022361   -0.005572   -0.023165    0.031063
   -0.022361    0.030838   -0.016467   -0.007686
   -0.022361    0.023037    0.008546    0.028006
   -0.022361    0.000447   -0.027559    0.024636
   -0.022361   -0.003212    0.035657   -0.004318
   -0.022361    0.026868    0.008845    0.023250
   -0.022361   -0.008696   -0.030937    0.014870
   -0.022361    0.023081   -0.018637   -0.037518
   -0.022361   -0.008906   -0.032900   -0.020080
   -0.022361    0.023162   -0.021577   -0.032202
   -0.022361    0.026971    0.015282    0.014049
   -0.022361    0.008419   -0.031538    0.009639
   -0.022361   -0.016855    0.018557    0.029700
   -0.022361    0.020879    0.026354    0.006719
   -0.022361   -0.032031   -0.015748   -0.015417
   -0.022361    0.023499    0.020273    0.016813
   -0.022361    0.025844   -0.020538   -0.023747
   -0.022361   -0.025909   -0.020878    0.009119
   -0.022361    0.002785   -0.032072    0.010156
   -0.022361   -0.030551    0.002971    0.020972
   -0.022361   -0.029081   -0.020353   -0.004707
   -0.022361    0.001601    0.034873   -0.009777
   -0.022361    0.026569    0.006993    0.023761
   -0.022361    0.026996    0.000669    0.024336
   -0.022361   -0.016442   -0.017337    0.031384
   -0.022361   -0.011142    0.030742    0.012678
   -0.022361   -0.034360    0.009730   -0.005120
   -0.022361   -0.013060    0.033110   -0.010541
   -0.022361    0.027606   -0.014708    0.015024
   -0.022361    0.006221   -0.025832   -0.043913
   -0.022361    0.021363    0.024114    0.013575
   -0.022361    0.012313    0.033381   -0.009539
   -0.022361    0.023057    0.002379    0.030859
   -0.022361   -0.016771   -0.020994    0.025775
   -0.022361    0.010284   -0.033553   -0.015508
   -0.022361   -0.029079   -0.018990   -0.021202
   -0.022361   -0.033589   -0.008704    0.002425
   -0.022361    0.016060    0.024717    0.020371
   -0.022361    0.032588    0.012170   -0.003613
   -0.022361   -0.031470   -0.001342    0.016419
   -0.022361    0.013447    0.032763   -0.004054
   -0.022361    0.025195   -0.010437    0.024091
   -0.022361   -0.034449    0.007158    0.003760
   -0.022361    0.026389    0.019522   -0.025947
   -0.022361    0.026595    0.013320    0.019059
   -0.022361   -0.034430    0.007125   -0.015730
   -0.022361   -0.031031    0.016438   -0.002901
   -0.022361    0.014469    0.025271    0.020770
   -0.022361   -0.024334    0.026324    0.003525
   -0.022361   -0.024802   -0.022301    0.008328
   -0.022361    0.027131    0.010525    0.021374
   -0.022361   -0.017249    0.020561    0.027326
   -0.022361    0.017927   -0.016941    0.027021
   -0.022361    0.010796   -0.024139    0.025782
   -0.022361   -0.026805    0.004414    0.027322
   -0.022361    0.003758   -0.029106    0.021329
   -0.022361    0.021122   -0.027135   -0.016002
   -0.022361   -0.021579   -0.028236   -0.012538
   -0.022361    0.011298   -0.013201   -0.055106
   -0.022361   -0.017656    0.021090    0.026327
   -0.022361   -0.018023   -0.021928    0.024173
   -0.022361   -0.000628    0.027992    0.025510
   -0.022361    0.016430    0.031780   -0.009214
   -0.022361    0.029166    0.019419   -0.012223
   -0.022361   -0.007817    0.029563   -0.039027
   -0.022361   -0.002838   -0.034613   -0.007545
   -0.022361   -0.030086    0.003994    0.020966
   -0.022361    0.022883    0.009747    0.028963
   -0.022361   -0.014308   -0.032329   -0.000431
   -0.022361   -0.015583    0.000313   -0.059539
   -0.022361    0.002971    0.033476    0.005106
   -0.022361    0.029463   -0.008982    0.014654
   -0.022361   -0.006492    0.027803   -0.043513
   -0.022361    0.030084   -0.001980    0.018276
   -0.022361    0.026056   -0.008998    0.023370
   -0.022361   -0.009671    0.030244    0.014852
   -0.022361    0.004547   -0.033607   -0.025772
   -0.022361    0.020490    0.016834    0.025733
   -0.022361    0.019893   -0.025219   -0.032625
   -0.022361    0.028742   -0.009198    0.018221
   -0.022361   -0.024316    0.020689   -0.034460
   -0.022361    0.033968    0.004244   -0.017606
   -0.022361   -0.015017    0.028994    0.015392
   -0.022361   -0.030196    0.016955   -0.026809
   -0.022361   -0.019596   -0.025330   -0.029999
   -0.022361   -0.031959   -0.004994   -0.034459
   -0.022361   -0.023523   -0.021609    0.015864
   -0.022361    0.016824   -0.029035   -0.024075
   -0.022361    0.033655   -0.005550   -0.007765
   -0.022361    0.029642    0.014759   -0.023759
   -0.022361    0.007808   -0.030914    0.013524
   -0.022361    0.000030    0.029975    0.017647
   -0.022361   -0.031517    0.015634   -0.020002
   -0.022361    0.009565    0.031896    0.008548
   -0.022361    0.034263    0.004540   -0.009780
   -0.022361    0.018158   -0.019533    0.026720
   -0.022361    0.019809    0.012310    0.030351
   -0.022361   -0.034749    0.004994   -0.015688
   -0.022361    0.025907    0.020079   -0.027850
   -0.022361    0.003138    0.032031   -0.032884
   -0.022361    0.004712   -0.033315    0.003124
   -0.022361    0.006337    0.020114   -0.053294
   -0.022361    0.026440   -0.002667    0.024672
   -0.022361    0.026427   -0.017662    0.010955
   -0.022361    0.006081   -0.032330    0.005999
   -0.022361    0.004380   -0.032537    0.008963
   -0.022361   -0.008032    0.034091   -0.000841
   -0.022361    0.025520    0.022952    0.003037
   -0.022361   -0.022079    0.020164   -0.041919
   -0.022361   -0.027070    0.008261    0.024749
   -0.022361   -0.014973    0.024646    0.022477
   -0.022361   -0.002464   -0.032721   -0.028968
   -0.022361    0.029520   -0.007775    0.017888
   -0.022361   -0.004255   -0.031852    0.012022
   -0.022361    0.021034   -0.011435    0.029169
   -0.022361   -0.002045   -0.030053    0.017946
   -0.022361   -0.034372    0.007803   -0.003351
   -0.022361   -0.008471    0.035256   -0.011517
   -0.022361   -0.034080    0.011007   -0.011574
   -0.022361   -0.017586    0.031209   -0.013997
   -0.022361   -0.012422    0.032280    0.005530
   -0.022361   -0.003156   -0.034950   -0.018822
   -0.022361    0.033199    0.008967   -0.010178
   -0.022361   -0.007205   -0.025458    0.026787
   -0.022361   -0.029718   -0.013884    0.011735
   -0.022361    0.015298    0.023645    0.022631
   -0.022361   -0.031301   -0.004718    0.016634
   -0.022361   -0.028866   -0.020912   -0.012414
   -0.022361    0.008180   -0.033159   -0.002237
   -0.022361   -0.012823    0.032615   -0.020367
   -0.022361    0.002013    0.031228    0.017741
   -0.022361    0.001099   -0.024047    0.029317
   -0.022361    0.032481    0.012400   -0.014263
   -0.022361   -0.022069   -0.024802    0.010451
   -0.022361    0.013083    0.032000   -0.006355
   -0.022361    0.027368    0.016156    0.014366
   -0.022361   -0.032128    0.013166   -0.021751
   -0.022361   -0.035591    0.001236    0.000028
   -0.022361    0.029848   -0.013103   -0.026156
   -0.022361   -0.011301   -0.031678    0.003545
   -0.022361   -0.033478    0.013403   -0.016026
   -0.022361    0.029597   -0.018671   -0.008903
   -0.022361   -0.023408   -0.019384    0.020705
   -0.022361    0.001876    0.030687    0.019941
   -0.022361    0.010645    0.024635    0.026086
   -0.022361    0.016745   -0.017180    0.030438
   -0.022361   -0.029479   -0.013802    0.014744
   -0.022361   -0.011176    0.021857    0.030974
   -0.022361    0.004098    0.034569   -0.019989
   -0.022361    0.031647   -0.010727   -0.020733
   -0.022361   -0.017780   -0.028782   -0.027387
   -0.022361    0.004940    0.034782    0.002381
   -0.022361    0.005252   -0.032717   -0.025356
   -0.022361   -0.009520    0.028345    0.020947
   -0.022361    0.008399   -0.029124    0.017120
   -0.022361   -0.004773   -0.030389    0.016589
   -0.022361    0.005485   -0.029579    0.017698
   -0.022361    0.020651    0.013574   -0.048545
   -0.022361   -0.032055    0.005502    0.011756
   -0.022361    0.015740    0.018375    0.029714
   -0.022361   -0.019495   -0.021853   -0.040031
   -0.022361   -0.008967   -0.029274    0.017510
   -0.022361    0.034218   -0.004160   -0.006231
   -0.022361   -0.031883   -0.009905    0.010351
   -0.022361    0.006775   -0.016948   -0.054271
   -0.022361    0.007568    0.030755    0.014089
   -0.022361   -0.014497   -0.006950   -0.058737
   -0.022361   -0.009659    0.034333   -0.008041
   -0.022361   -0.006579    0.024044    0.028707
   -0.022361    0.030221   -0.014345    0.001254
   -0.022361    0.020261   -0.024476   -0.029858
   -0.022361    0.013769    0.031448   -0.023660
   -0.022361   -0.005335   -0.028118    0.020464
   -0.022361    0.002444   -0.023671    0.028968
   -0.022361   -0.031876   -0.006210    0.013043
   -0.022361   -0.033113   -0.007736    0.010342
   -0.022361    0.014730    0.022841    0.025511
   -0.022361   -0.028515    0.012107    0.017509
   -0.022361    0.033803    0.006158   -0.008851
   -0.022361    0.031686    0.004217   -0.031146
   -0.022361    0.027583    0.014474    0.015067
   -0.022361   -0.009249    0.029634    0.017708
   -0.022361    0.022155    0.016091    0.025572
   -0.022361   -0.016372    0.031812   -0.002788
   -0.022361   -0.027622   -0.021035   -0.002370
   -0.022361    0.005546    0.029706    0.020987
   -0.022361    0.002436   -0.031790   -0.030389
   -0.022361   -0.018779    0.026022    0.013598
   -0.022361    0.007516    0.033664    0.005662
   -0.022361   -0.029248    0.011534   -0.035816
   -0.022361    0.010863   -0.032993   -0.012092
   -0.022361   -0.008667   -0.032829    0.001561
   -0.022361   -0.009361   -0.034270   -0.005987
   -0.022361    0.032857   -0.002325    0.006969
   -0.022361    0.027998    0.002925    0.022247
   -0.022361    0.028389   -0.020196   -0.007226
   -0.022361    0.005558   -0.028505    0.020865
   -0.022361   -0.018750   -0.018856    0.026580
   -0.022361   -0.030389   -0.018331   -0.014241
   -0.022361    0.024676   -0.024070   -0.004217
   -0.022361   -0.015574   -0.027878    0.014231
   -0.022361    0.010782   -0.028361    0.017284
   -0.022361   -0.026142   -0.021297    0.006670
   -0.022361    0.032444   -0.007498    0.006902
   -0.022361   -0.010666   -0.024639    0.025927
   -0.022361    0.023247   -0.010931   -0.045244
   -0.022361    0.025052   -0.020722    0.012035
   -0.022361   -0.030738   -0.016302   -0.018169
   -0.022361    0.013450   -0.031844   -0.021350
   -0.022361    0.025229   -0.020570    0.007746
   -0.022361   -0.034958   -0.002412   -0.005081
   -0.022361    0.012185    0.024340    0.024757
   -0.022361   -0.014837    0.032682   -0.013455
   -0.022361   -0.012481   -0.032159    0.003413
   -0.022361    0.006823    0.035043   -0.007293
   -0.022361   -0.023291    0.024386    0.007760
   -0.022361    0.033999   -0.005789   -0.004946
   -0.022361   -0.032247    0.000424   -0.035262
   -0.022361    0.009318   -0.023623    0.028247
   -0.022361    0.020817    0.024314    0.010834
   -0.022361   -0.024033    0.009394    0.028567
   -0.022361    0.031785    0.008641    0.005181
   -0.022361    0.027049    0.021535    0.000269
   -0.022361   -0.033550   -0.011038   -0.019277
   -0.022361   -0.034284    0.011610   -0.010263
   -0.022361    0.029282    0.009884   -0.036185
   -0.022361    0.029809   -0.013764    0.007282
   -0.022361    0.000082   -0.028457    0.022632
   -0.022361    0.029905    0.014580    0.002391
   -0.022361   -0.020711   -0.015824    0.028125
   -0.022361    0.010304    0.032501   -0.022396
   -0.022361    0.008276   -0.030271   -0.033062
   -0.022361   -0.005290   -0.034634   -0.001179
   -0.022361   -0.029325    0.008180    0.018773
   -0.022361    0.029527   -0.002498    0.018310
   -0.022361   -0.010539    0.030001    0.013729
   -0.022361   -0.026541   -0.015546   -0.039163
   -0.022361    0.029600    0.017497    0.002157
   -0.022361    0.009029   -0.026158   -0.041460
   -0.022361    0.016243    0.026708    0.015109
   -0.022361   -0.004773    0.025327    0.028185
   -0.022361    0.018108   -0.000322   -0.055963
   -0.022361   -0.014433    0.024094   -0.041885
   -0.022361   -0.010090   -0.021047    0.031628
   -0.022361   -0.022619    0.011373   -0.047674
   -0.022361   -0.006843   -0.030778    0.015136
   -0.022361   -0.005762   -0.030097    0.018607
   -0.022361   -0.014526   -0.021231    0.027107
   -0.022361   -0.034232    0.006017    0.003274
   -0.022361   -0.008519   -0.033039   -0.022460
   -0.022361    0.030987   -0.012450   -0.021418
   -0.022361   -0.010854    0.033617    0.001702
   -0.022361    0.007933    0.034151   -0.022334
   -0.022361   -0.013014    0.034080   -0.009067
   -0.022361   -0.032180   -0.008128    0.008780
   -0.022361   -0.028706    0.017454    0.011646
   -0.022361   -0.032457   -0.010048   -0.029328
   -0.022361   -0.034111    0.009710   -0.021272
   -0.022361    0.033919   -0.003778    0.001200
   -0.022361    0.016486    0.027252    0.014047
   -0.022361   -0.032179   -0.013482   -0.004734
   -0.022361   -0.031204    0.015784    0.006388
   -0.022361   -0.005506   -0.023562   -0.049624
   -0.022361   -0.024897    0.014767    0.022201
   -0.022361    0.025217    0.021978    0.001801
   -0.022361   -0.033797   -0.009813   -0.013754
   -0.022361    0.022312    0.027363   -0.003956
   -0.022361   -0.005178   -0.034251   -0.006997
   -0.022361   -0.030551    0.014324    0.007338
   -0.022361   -0.027130    0.019237    0.010740
   -0.022361    0.015713   -0.021754    0.023451
   -0.022361    0.029197    0.019459    0.001074
   -0.022361    0.024731   -0.009765    0.027097
   -0.022361   -0.003150    0.021876   -0.051972
   -0.022361   -0.031508   -0.002385   -0.034947
   -0.022361    0.022635    0.001137    0.030867
   -0.022361   -0.018071    0.030959   -0.007588
   -0.022361    0.025660    0.017009    0.015783
   -0.022361    0.014951   -0.023362   -0.041590
   -0.022361   -0.027428   -0.020438    0.006110
   -0.022361    0.009688   -0.022663    0.028496
   -0.022361   -0.004631    0.025584    0.028468
   -0.022361   -0.032484    0.012848   -0.021130
   -0.022361    0.033513    0.003548    0.000107
   -0.022361    0.030109   -0.010616    0.012088
   -0.022361    0.011209   -0.032439    0.006150
   -0.022361    0.004039    0.034962    0.000629
   -0.022361    0.023433    0.025693   -0.010086
   -0.022361    0.012672   -0.024855    0.022330
   -0.022361    0.026329   -0.021639   -0.005705
   -0.022361    0.032882   -0.011155   -0.007377
   -0.022361    0.024508    0.024235   -0.017644
   -0.022361   -0.032194   -0.014243   -0.017408
   -0.022361    0.014676   -0.027814    0.014625
   -0.022361    0.005626   -0.027898    0.021575
   -0.022361    0.007946   -0.033984   -0.003796
   -0.022361    0.016858   -0.012101   -0.052608
   -0.022361    0.027519   -0.011799    0.018957
   -0.022361   -0.031474    0.009069    0.011392
   -0.022361    0.004148   -0.025984    0.026673
   -0.022361   -0.027530    0.009205    0.022058
   -0.022361   -0.034832    0.004028    0.006835
   -0.022361   -0.008121    0.035214   -0.010751
   -0.022361   -0.024299   -0.007790    0.030145
   -0.022361    0.028104   -0.002148   -0.042474
   -0.022361   -0.026216    0.024593   -0.017481
   -0.022361   -0.033088    0.002169    0.013267
   -0.022361    0.004699   -0.028005    0.023032
   -0.022361    0.018836   -0.018747    0.025442
   -0.022361    0.033635    0.003876    0.002212
   -0.022361    0.004283   -0.034533   -0.017389
   -0.022361   -0.013396   -0.031299   -0.024623
   -0.022361   -0.000321    0.031787    0.016237
   -0.022361    0.024242   -0.003738    0.029032
   -0.022361    0.025275   -0.016021    0.016848
   -0.022361   -0.024348    0.005527    0.031640
   -0.022361   -0.031998   -0.001411   -0.034525
   -0.022361    0.032744    0.004888   -0.023631
   -0.022361    0.023936   -0.005523    0.029576
   -0.022361   -0.007293    0.034442   -0.016704
   -0.022361   -0.030338    0.016029   -0.024181
   -0.022361    0.022242   -0.010322   -0.048065
   -0.022361   -0.034888   -0.001043    0.003560
   -0.022361   -0.000294   -0.034547    0.003038
   -0.022361   -0.027939   -0.017136    0.009703
   -0.022361   -0.033206   -0.008445    0.002833
   -0.022361    0.006572   -0.023130    0.030112
   -0.022361    0.018182    0.030313   -0.001782
   -0.022361    0.017838    0.023543   -0.038792
   -0.022361   -0.033862   -0.001374    0.006849
   -0.022361    0.031493   -0.012262   -0.016588
   -0.022361    0.021727   -0.026921    0.001138
   -0.022361   -0.007762   -0.033103   -0.024269
   -0.022361   -0.028395   -0.004435    0.024174
   -0.022361    0.014946    0.031807    0.001467
   -0.022361   -0.033070   -0.010243    0.001503
   -0.022361    0.010464    0.034038   -0.005056
   -0.022361   -0.002421    0.029020   -0.040974
   -0.022361   -0.028677   -0.019560   -0.024016
   -0.022361   -0.017518   -0.030198    0.001899
   -0.022361    0.002264   -0.026173    0.026171
   -0.022361   -0.022651   -0.015120    0.026499
   -0.022361    0.005982   -0.030944    0.015913
   -0.022361    0.033495   -0.008141   -0.000284
   -0.022361   -0.024841   -0.016991    0.018754
   -0.022361   -0.010951    0.029935    0.017098
   -0.022361   -0.007214   -0.031746   -0.029866
   -0.022361   -0.009821   -0.030920    0.011965
   -0.022361   -0.031522    0.011748    0.007372
   -0.022361    0.011031    0.034059   -0.010299
   -0.022361   -0.020256    0.013604    0.031966
   -0.022361   -0.001633   -0.025707    0.026786
   -0.022361    0.026277   -0.022088   -0.012644
   -0.022361    0.033149    0.005689    0.001815
   -0.022361   -0.029684    0.016634    0.008184
   -0.022361   -0.019766   -0.014473    0.029699
   -0.022361   -0.028218    0.002492    0.025360
   -0.022361   -0.030964    0.009906    0.013776
   -0.022361   -0.024071    0.025635   -0.004973
   -0.022361   -0.034346   -0.006307   -0.003167
   -0.022361   -0.003622    0.023934    0.032370
   -0.022361    0.024909   -0.014982    0.021394
   -0.022361    0.000781    0.035551   -0.004819
   -0.022361    0.016769    0.029767    0.004459
   -0.022361   -0.024623   -0.003375    0.030224
   -0.022361   -0.020595    0.021020    0.022100
   -0.022361    0.029272    0.000169   -0.037848
   -0.022361    0.000164   -0.027581   -0.042426
   -0.022361   -0.022287   -0.026543    0.001360
   -0.022361   -0.014134    0.031764   -0.021313
   -0.022361   -0.024272    0.026562   -0.007438
   -0.022361    0.020731   -0.018133   -0.040583
   -0.022361    0.022287   -0.009184    0.030520
   -0.022361   -0.006485    0.024295    0.030078
   -0.022361    0.024790   -0.018559    0.014416
   -0.022361    0.025233   -0.023175   -0.000999
   -0.022361   -0.031487    0.014630    0.004589
   -0.022361    0.029385    0.003183    0.019217
   -0.022361   -0.023331    0.027366   -0.006102
   -0.022361   -0.014013    0.032321    0.002973
   -0.022361    0.029749   -0.004584   -0.033636
   -0.022361    0.034656    0.003609   -0.006101
   -0.022361   -0.029053    0.014091    0.011871
   -0.022361   -0.009616    0.030284   -0.032282
   -0.022361    0.008774   -0.022289    0.030158
   -0.022361   -0.029172    0.002066    0.022535
   -0.022361   -0.033968    0.000209    0.009970
   -0.022361   -0.011935   -0.021759    0.029335
   -0.022361    0.002172    0.034856   -0.002456
   -0.022361    0.004924   -0.034200   -0.000808
   -0.022361   -0.018766    0.029869   -0.012845
   -0.022361    0.013641    0.022097    0.028899
   -0.022361   -0.003916   -0.032131    0.011028
   -0.022361   -0.032044    0.008476    0.010330
   -0.022361    0.032204   -0.009708    0.000820
   -0.022361   -0.025301   -0.022016    0.007382
   -0.022361    0.028368   -0.003958    0.022247
   -0.022361   -0.027832    0.017549    0.014956
   -0.022361    0.012096    0.033012   -0.016959
   -0.022361    0.003712    0.029366    0.020157
   -0.022361    0.019926    0.024506   -0.031395
   -0.022361   -0.019593   -0.005651   -0.053035
   -0.022361    0.023266    0.009844    0.028707
   -0.022361   -0.029793    0.018477    0.002756
   -0.022361   -0.018751   -0.028570    0.003077
   -0.022361   -0.031339   -0.009328    0.014028
   -0.022361   -0.032037   -0.014030   -0.001244
   -0.022361    0.005173    0.030040   -0.038755
   -0.022361   -0.029571   -0.017191   -0.024452
   -0.022361    0.002044    0.034479   -0.021437
   -0.022361   -0.016822   -0.023883    0.022392
   -0.022361    0.008278    0.026373    0.025354
   -0.022361   -0.011950    0.027685    0.020613
   -0.022361    0.029156   -0.016337    0.004202
   -0.022361   -0.035206    0.003779   -0.002357
   -0.022361   -0.030526   -0.005849    0.019688
   -0.022361   -0.029607    0.015647   -0.030274
   -0.022361   -0.035035    0.007758   -0.015524
   -0.022361    0.022318    0.016276    0.024034
   -0.022361    0.008030   -0.026694    0.022873
   -0.022361    0.019678   -0.019222    0.024599
   -0.022361    0.027456   -0.006591    0.022585
   -0.022361    0.004760    0.015530   -0.059084
   -0.022361   -0.012496    0.027080    0.021078
   -0.022361   -0.003812   -0.034298   -0.011459
   -0.022361    0.009990    0.031665    0.009552
   -0.022361   -0.002500   -0.031412    0.013408
   -0.022361    0.003110   -0.030597    0.015874
   -0.022361    0.017871   -0.027797    0.010162
   -0.022361    0.018569    0.029522   -0.013352
   -0.022361   -0.017659   -0.020280    0.026151
   -0.022361    0.025363   -0.016067   -0.035323
   -0.022361    0.014687    0.021209    0.028372
   -0.022361   -0.030569   -0.011788    0.009379
   -0.022361   -0.007122    0.023742    0.030965
   -0.022361    0.020590    0.028755   -0.003363
   -0.022361   -0.033227   -0.006082   -0.023300
   -0.022361    0.022573   -0.000693    0.031039
   -0.022361   -0.010279   -0.032386   -0.023006
   -0.022361   -0.028118    0.004150    0.025687
   -0.022361    0.026902    0.019128    0.007586
   -0.022361    0.005380    0.026940    0.024950
   -0.022361    0.023437   -0.018355    0.017753
   -0.022361   -0.023625   -0.025080    0.000735
   -0.022361    0.005831   -0.022930    0.031261
   -0.022361    0.005997   -0.031779    0.011266
   -0.022361   -0.032767   -0.007355   -0.028470
   -0.022361   -0.034651    0.004085    0.006656
   -0.022361    0.012010   -0.024080    0.026542
   -0.022361    0.018675    0.024713    0.016409
   -0.022361   -0.004391    0.024457    0.030470
   -0.022361   -0.013911   -0.027008    0.019290
   -0.022361   -0.006906    0.034550   -0.009003
   -0.022361    0.011946    0.027021    0.019524
   -0.022361    0.032518    0.013517   -0.009871
   -0.022361   -0.036086   -0.002644   -0.012962
   -0.022361    0.032243   -0.009928    0.005927
   -0.022361   -0.024324   -0.026448   -0.005355
   -0.022361    0.006958    0.035177   -0.008603
   -0.022361    0.020849   -0.018274    0.022448
   -0.022361   -0.016234   -0.018337   -0.047735
   -0.022361   -0.004442    0.028210   -0.042161
   -0.022361    0.033766   -0.001361   -0.021997
   -0.022361    0.008736    0.031350    0.014751
   -0.022361   -0.013320   -0.023923   -0.041712
   -0.022361   -0.006199    0.035446   -0.007161
   -0.022361    0.031356    0.014770    0.001554
   -0.022361   -0.010264   -0.031232    0.012511
   -0.022361    0.006143   -0.033404    0.001818
   -0.022361   -0.018146    0.000437   -0.056496
   -0.022361    0.007626   -0.022768    0.029301
   -0.022361   -0.009908   -0.032102    0.005314
   -0.022361   -0.032337   -0.014656   -0.011825
   -0.022361   -0.032674   -0.002272    0.013728
   -0.022361    0.015800    0.031047   -0.013632
   -0.022361    0.005715   -0.033499    0.004588
   -0.022361   -0.024588    0.006518    0.029935
   -0.022361   -0.013525   -0.030137    0.008593
   -0.022361   -0.032840    0.012626    0.001969
   -0.022361    0.025459    0.022785   -0.001280
   -0.022361   -0.034474   -0.001025    0.004798
   -0.022361    0.020695    0.026892   -0.018953
   -0.022361    0.033196    0.000302   -0.021709
   -0.022361   -0.009311    0.026789    0.025029
   -0.022361   -0.022331   -0.022565   -0.034143
   -0.022361   -0.011020   -0.030066    0.011481
   -0.022361    0.002160   -0.028674    0.020135
   -0.022361   -0.033152    0.013102   -0.016193
   -0.022361    0.027908   -0.014787    0.009388
   -0.022361   -0.027978   -0.018575   -0.027710
   -0.022361   -0.022663    0.004709   -0.051895
   -0.022361   -0.029968   -0.019746   -0.008177
   -0.022361    0.028685   -0.005137    0.019086
   -0.022361   -0.018744   -0.029317   -0.007107
   -0.022361    0.006522   -0.026261    0.023180
   -0.022361    0.019004   -0.026003    0.011131
   -0.022361   -0.028804    0.011964    0.018769
   -0.022361   -0.032601    0.012843    0.004682
   -0.022361    0.031298    0.005613   -0.032366
   -0.022361    0.026895    0.002611    0.026069
   -0.022361    0.032718   -0.008728    0.004333
   -0.022361    0.016769    0.024335   -0.038534
   -0.022361    0.001847   -0.024153    0.028799
   -0.022361    0.012811   -0.028327   -0.030897
   -0.022361    0.011002   -0.031169    0.009655
   -0.022361   -0.025284    0.024480   -0.001469
   -0.022361   -0.013585    0.019571    0.032050
   -0.022361    0.021462    0.025307    0.006340
   -0.022361    0.017199    0.015599    0.031366
   -0.022361   -0.008994    0.034077   -0.007873
   -0.022361    0.033033    0.002286    0.003457
   -0.022361   -0.016765    0.026662    0.017798
   -0.022361    0.010366    0.033811   -0.000362
   -0.022361   -0.000778    0.033726    0.006861
   -0.022361   -0.005476    0.035018   -0.018492
   -0.022361   -0.025551    0.024541    0.003906
   -0.022361    0.032254    0.011534   -0.014894
   -0.022361    0.015057   -0.030858   -0.013244
   -0.022361    0.027675   -0.004077    0.020978
   -0.022361   -0.031247   -0.007739    0.014685
   -0.022361   -0.035089   -0.002328   -0.011393
   -0.022361   -0.031608   -0.014403   -0.023215
   -0.022361    0.013825    0.031552   -0.017585
   -0.022361   -0.004742   -0.022917   -0.050530
   -0.022361    0.030221    0.012898    0.009334
   -0.022361    0.004482   -0.032002    0.012593
   -0.022361    0.028526    0.005086   -0.039367
   -0.022361    0.023146   -0.007293    0.029406
   -0.022361   -0.024265    0.017434    0.021535
   -0.022361   -0.026931   -0.022222   -0.019481
   -0.022361    0.014622    0.026028    0.020794
   -0.022361    0.025679    0.007625    0.026357
   -0.022361   -0.028376    0.006315    0.022964
   -0.022361    0.029000   -0.018122    0.003370
   -0.022361   -0.002685    0.034223    0.008452
   -0.022361   -0.002546   -0.032465   -0.029173
   -0.022361   -0.023002    0.025737    0.007507
   -0.022361   -0.003668    0.034828   -0.018002
   -0.022361    0.026534   -0.011743    0.018852
   -0.022361    0.012676   -0.031583   -0.004490
   -0.022361    0.023934   -0.011062    0.026070
   -0.022361   -0.015966    0.022059    0.026552
   -0.022361    0.004159   -0.030364   -0.036390
   -0.022361    0.022101   -0.025009    0.005839
   -0.022361    0.023313    0.023882   -0.024242
   -0.022361    0.027412    0.009075   -0.038748
   -0.022361    0.026601    0.011104    0.021522
   -0.022361   -0.007312   -0.032434    0.005490
   -0.022361    0.003730   -0.032227    0.010355
   -0.022361    0.025465   -0.011779   -0.042031
   -0.022361   -0.025307   -0.023841   -0.015378
   -0.022361   -0.020212   -0.011033   -0.050008
   -0.022361    0.010422    0.027588    0.019896
   -0.022361   -0.014415    0.021757    0.028537
   -0.022361    0.011022   -0.025452   -0.041968
   -0.022361   -0.033595   -0.012538   -0.011606
   -0.022361   -0.009410    0.029159    0.020304
   -0.022361    0.031133    0.013156   -0.004156
   -0.022361    0.021990   -0.023352    0.010419
   -0.022361    0.027781    0.021148   -0.012353
   -0.022361   -0.013704    0.032602   -0.004051
   -0.022361   -0.014057   -0.018564   -0.051948
   -0.022361   -0.014325   -0.019794    0.029663
   -0.022361    0.014630   -0.010572   -0.055517
   -0.022361    0.008171   -0.032985    0.001642
   -0.022361   -0.025480   -0.007575    0.028065
   -0.022361    0.008663    0.032825    0.006771
   -0.022361   -0.010220   -0.021120    0.031183
   -0.022361   -0.009307   -0.033065    0.002352
   -0.022361   -0.020325    0.021316    0.020442
   -0.022361    0.024019   -0.008062    0.027470
   -0.022361    0.021273   -0.026837   -0.017010
   -0.022361   -0.035457    0.001231   -0.007516
   -0.022361   -0.032891   -0.002878    0.009290
   -0.022361   -0.024040    0.022478    0.010477
   -0.022361    0.015384    0.031172    0.002999
   -0.022361    0.026311   -0.022564   -0.013938
   -0.022361    0.005981    0.032950   -0.027762
   -0.022361   -0.035111   -0.000329   -0.016082
   -0.022361    0.014281   -0.030991   -0.014124
   -0.022361    0.018081    0.024103    0.017963
   -0.022361   -0.019675    0.021544    0.022966
   -0.022361    0.027439   -0.018478    0.007508
   -0.022361   -0.022395    0.008335   -0.050899
   -0.022361   -0.028218    0.017336   -0.028283
   -0.022361    0.005809   -0.031157   -0.031579
   -0.022361    0.012750   -0.032091    0.000949
   -0.022361    0.019486   -0.027951   -0.014760
   -0.022361   -0.022943   -0.024462   -0.024480
   -0.022361   -0.022503    0.010557    0.028478
   -0.022361   -0.033111    0.013372   -0.002560
   -0.022361    0.019314    0.023658    0.016831
   -0.022361    0.009892    0.030067    0.012574
   -0.022361   -0.006847    0.035300   -0.011906
   -0.022361    0.017588    0.030557   -0.008042
   -0.022361    0.032599    0.008338   -0.018007
   -0.022361    0.029235   -0.004876    0.017756
   -0.022361    0.028155   -0.014447    0.013694
   -0.022361   -0.025740    0.001169    0.027766
   -0.022361   -0.004865    0.025244    0.028903
   -0.022361   -0.008994    0.032397    0.008717
   -0.022361    0.012779    0.029716   -0.032505
   -0.022361    0.005067   -0.022567   -0.051430
   -0.022361    0.027859    0.019070    0.003313
   -0.022361    0.007027    0.025228    0.027693
   -0.022361    0.020482   -0.025148    0.010338
   -0.022361    0.028749   -0.015968   -0.029156
   -0.022361   -0.031026   -0.011480    0.011984
   -0.022361    0.011899   -0.031819    0.002419
   -0.022361    0.031089    0.005114    0.015111
   -0.022361   -0.017285   -0.028670   -0.023653
   -0.022361   -0.003131   -0.033698   -0.019468
   -0.022361   -0.034430   -0.008880   -0.011027
   -0.022361   -0.020420    0.029662   -0.017501
   -0.022361   -0.002858    0.028122    0.025073
   -0.022361   -0.021394   -0.027983   -0.009665
   -0.022361    0.031180    0.004846    0.012102
   -0.022361    0.029577   -0.008708   -0.033234
   -0.022361    0.018182    0.017874    0.029175
   -0.022361    0.023288   -0.022153   -0.029310
   -0.022361   -0.035277   -0.004732   -0.006665
   -0.022361    0.017818   -0.013372    0.032084
   -0.022361   -0.015550    0.029134   -0.029284
   -0.022361    0.033153   -0.009699   -0.003421
   -0.022361    0.010246    0.032179   -0.025953
   -0.022361    0.009284   -0.024842    0.026540
   -0.022361    0.028162    0.007541    0.020524
   -0.022361    0.032004    0.001600    0.012421
   -0.022361   -0.028026    0.013243   -0.037657
   -0.022361    0.011706    0.023240    0.028770
   -0.022361   -0.029587   -0.017700   -0.020513
   -0.022361    0.024024   -0.000665    0.029538
   -0.022361   -0.034613    0.010213   -0.007993
   -0.022361   -0.019229    0.028546   -0.024845
   -0.022361    0.033698   -0.006649   -0.000910
   -0.022361    0.033556    0.002294   -0.018864
   -0.022361    0.007841   -0.033334    0.004254
   -0.022361    0.034877   -0.000154   -0.003234
   -0.022361   -0.015536    0.026614    0.019454
   -0.022361    0.014201   -0.028965    0.011612
   -0.022361    0.025884   -0.003773    0.025396
   -0.022361    0.005000   -0.029024    0.020900
   -0.022361    0.032113   -0.011167   -0.006664
   -0.022361   -0.018521    0.029860    0.000806
   -0.022361   -0.029048   -0.019739   -0.016797
   -0.022361    0.023430   -0.005151   -0.046821
   -0.022361    0.007484   -0.033294   -0.017994
   -0.022361    0.034306    0.003295   -0.015690
   -0.022361   -0.027876    0.002058    0.025127
   -0.022361   -0.033648    0.012944   -0.003683
   -0.022361   -0.022480    0.025949    0.006405
   -0.022361    0.028250   -0.018464   -0.015775
   -0.022361   -0.000280   -0.023703    0.029404
   -0.022361   -0.028625   -0.004848    0.023150
   -0.022361    0.020625    0.013265    0.030150
   -0.022361    0.022236   -0.024551    0.005858
   -0.022361    0.030761   -0.004928    0.015234
   -0.022361    0.032978   -0.008588   -0.001306
   -0.022361    0.033035    0.008485   -0.009007
   -0.022361   -0.011874    0.032994    0.003806
   -0.022361   -0.030575   -0.018116    0.002084
   -0.022361    0.014471    0.021412    0.027258
   -0.022361   -0.028883    0.021719   -0.003841
   -0.022361   -0.021262    0.028766   -0.018330
   -0.022361    0.005492   -0.027600    0.022956
   -0.022361   -0.022857   -0.021013   -0.035111
   -0.022361   -0.020086    0.017505    0.027552
   -0.022361   -0.007667    0.022225    0.030791
   -0.022361   -0.030182   -0.015096    0.010114
   -0.022361    0.024485    0.022250   -0.029074
   -0.022361   -0.020092   -0.024531   -0.033094
   -0.022361    0.033386    0.004313   -0.001158
   -0.022361   -0.023590   -0.025097    0.000473
   -0.022361    0.033580    0.003183   -0.003171
   -0.022361   -0.031939   -0.010679    0.007188
   -0.022361    0.017199   -0.020156    0.025947
   -0.022361   -0.007941    0.034812   -0.011962
   -0.022361    0.010229    0.028648   -0.037830
   -0.022361    0.016393    0.030029    0.003327
   -0.022361    0.016335    0.022019    0.025343
   -0.022361   -0.022819    0.004296   -0.051054
   -0.022361   -0.018920    0.023677    0.019159
   -0.022361    0.005735    0.035125   -0.012680
   -0.022361    0.010381   -0.030568   -0.028960
   -0.022361   -0.003347   -0.031757   -0.028721
   -0.022361    0.030068    0.016466   -0.021308
   -0.022361   -0.032688   -0.005441    0.012102
   -0.022361    0.011430    0.030922    0.008903
   -0.022361   -0.017009    0.030684   -0.019842
   -0.022361    0.008722   -0.028892    0.019444
   -0.022361    0.033840    0.005225   -0.016283
   -0.022361    0.006221    0.032819    0.010884
   -0.022361    0.031004   -0.013070    0.003109
   -0.022361   -0.034423    0.001728    0.008478
   -0.022361    0.033879    0.001467    0.001749
   -0.022361   -0.030874   -0.016719    0.002366
   -0.022361   -0.031769   -0.012549    0.008777
   -0.022361   -0.014280   -0.020330    0.029761
   -0.022361   -0.014793   -0.025449    0.020273
   -0.022361   -0.032022    0.002072    0.016164
   -0.022361   -0.003867   -0.033200    0.008635
   -0.022361    0.018657   -0.021167    0.020426
   -0.022361   -0.017608    0.026678    0.017608
   -0.022361   -0.005337   -0.034698   -0.008543
   -0.022361   -0.011076    0.032494    0.004517
   -0.022361   -0.021804    0.028689   -0.000421
   -0.022361   -0.029260   -0.019744   -0.019074
   -0.022361    0.006433    0.033117    0.006999
   -0.022361    0.034050   -0.004590    0.001967
   -0.022361    0.001045    0.026486    0.027264
   -0.022361    0.002092   -0.034128    0.002337
   -0.022361    0.026639   -0.016083   -0.033793
   -0.022361   -0.022167    0.027851    0.000923
   -0.022361   -0.024168    0.020586    0.015282
   -0.022361   -0.022550    0.014208    0.028446
   -0.022361    0.014780    0.018102    0.031233
   -0.022361    0.030396   -0.012952    0.005465
   -0.022361   -0.019541   -0.030236   -0.004882
   -0.022361    0.000318   -0.034371   -0.010585
   -0.022361    0.021468   -0.015548    0.025493
   -0.022361   -0.025374   -0.020181    0.014752
   -0.022361    0.019926   -0.010267   -0.051463
   -0.022361    0.016975   -0.030411   -0.001961
   -0.022361    0.024240   -0.025053   -0.017502
   -0.022361   -0.000544   -0.030122    0.018040
   -0.022361   -0.026634    0.020478    0.012596
   -0.022361    0.012485   -0.032843   -0.008634
   -0.022361    0.008999    0.032168    0.007628
   -0.022361   -0.025283   -0.005395    0.029170
   -0.022361    0.006337   -0.030951    0.013963
   -0.022361    0.028237    0.017199    0.005753
   -0.022361   -0.027888   -0.000058    0.025269
   -0.022361    0.004800    0.032707    0.007349
   -0.022361   -0.004758   -0.031332    0.013200
   -0.022361    0.006634   -0.030713    0.013334
   -0.022361    0.026530   -0.021551   -0.010390
   -0.022361   -0.032124   -0.015719   -0.004321
   -0.022361   -0.017921    0.030982   -0.014533
   -0.022361    0.008896    0.024531    0.028880
   -0.022361    0.014276   -0.020329    0.029145
   -0.022361    0.031926   -0.011966   -0.014881
   -0.022361    0.000756    0.035148   -0.018518
   -0.022361   -0.024803    0.024003    0.003318
   -0.022361   -0.032544    0.005618    0.013461
   -0.022361   -0.030015   -0.016329    0.006406
   -0.022361   -0.020111   -0.028704    0.002233
   -0.022361    0.034220   -0.001709   -0.001829
   -0.022361    0.009292    0.031241   -0.031735
   -0.022361    0.021498    0.023255    0.013846
   -0.022361    0.007743   -0.034277   -0.015225
   -0.022361    0.023475    0.013897   -0.043795
   -0.022361    0.033782    0.002338   -0.002926
   -0.022361    0.028561   -0.016570    0.009008
   -0.022361   -0.022593   -0.005506   -0.051797
   -0.022361    0.006177    0.023729    0.029807
   -0.022361   -0.034407    0.000421   -0.021899
   -0.022361   -0.032437    0.008119   -0.028934
   -0.022361   -0.014098   -0.031390   -0.003083
   -0.022361    0.019082   -0.024193    0.016164
   -0.022361    0.028975   -0.001821    0.021241
   -0.022361    0.017010    0.026341    0.016248
   -0.022361   -0.015310   -0.026942    0.018909
   -0.022361   -0.010507    0.034260   -0.007437
   -0.022361   -0.030325   -0.007181    0.017939
   -0.022361   -0.025930    0.004862   -0.047204
   -0.022361    0.006958    0.034336   -0.019420
   -0.022361   -0.014725   -0.028717    0.012987
   -0.022361   -0.024020    0.011383   -0.044873
   -0.022361   -0.004847   -0.024414    0.029934
   -0.022361   -0.027715   -0.021749   -0.016410
   -0.022361   -0.017547    0.031523   -0.011504
   -0.022361   -0.031929    0.016112   -0.006183
   -0.022361    0.013074    0.021213    0.028895
   -0.022361   -0.025853    0.023275    0.008832
   -0.022361    0.005748   -0.026037    0.026016
   -0.022361    0.021160   -0.028134   -0.006726
   -0.022361   -0.033447    0.012497   -0.005755
   -0.022361    0.023790    0.014677    0.023943
   -0.022361    0.028483   -0.006086   -0.039756
   -0.022361    0.007971   -0.033963    0.000118
   -0.022361    0.024580    0.022958    0.005025
   -0.022361    0.027975   -0.011006    0.018616
   -0.022361   -0.005111   -0.033045    0.006084
   -0.022361    0.005217    0.026890    0.026191
   -0.022361    0.001710    0.029638    0.021337
   -0.022361    0.011449    0.030901   -0.029219
   -0.022361    0.010013    0.030422    0.015640
   -0.022361    0.009761   -0.029793    0.016066
   -0.022361   -0.031311    0.016337   -0.002932
   -0.022361    0.025918   -0.022967   -0.005266
   -0.022361    0.029760   -0.007400    0.014736
   -0.022361   -0.008622   -0.033857   -0.006865
   -0.022361    0.026471    0.005071    0.025454
   -0.022361   -0.018366   -0.027577    0.010454
   -0.022361    0.019839    0.026262    0.011678
   -0.022361    0.030321    0.000110    0.017660
   -0.022361    0.003006    0.029345   -0.038398
   -0.022361   -0.012387    0.032433   -0.019228
   -0.022361   -0.026461   -0.005336    0.027851
   -0.022361   -0.031693   -0.010931   -0.026039
   -0.022361   -0.032410   -0.015357   -0.018272
   -0.022361    0.029816    0.016416   -0.021568
   -0.022361   -0.023904   -0.012427    0.027918
   -0.022361    0.008664   -0.033347   -0.015249
   -0.022361   -0.036133   -0.001677   -0.007885
   -0.022361    0.028380    0.006994    0.020774
   -0.022361   -0.001448    0.030422   -0.039628
   -0.022361   -0.006620   -0.032103   -0.028877
   -0.022361    0.018739   -0.023841    0.018616
   -0.022361    0.023145    0.025492   -0.017280
   -0.022361    0.000105   -0.031413   -0.032094
   -0.022361   -0.031484   -0.001959    0.016511
   -0.022361   -0.023517    0.021971    0.016891
   -0.022361   -0.005273   -0.035010   -0.004794
   -0.022361    0.022210   -0.013757    0.027713
   -0.022361    0.020474    0.028781   -0.013387
   -0.022361    0.031368    0.007166   -0.028629
   -0.022361    0.001943    0.035140   -0.005428
   -0.022361   -0.033043   -0.012023   -0.001430
   -0.022361   -0.009137   -0.033071   -0.017553
   -0.022361   -0.011982    0.033538   -0.018576
   -0.022361   -0.035231    0.003992   -0.020889
   -0.022361    0.025475    0.010640    0.023153
   -0.022361   -0.027759    0.022792   -0.011731
   -0.022361    0.012648   -0.029051   -0.033277
   -0.022361   -0.030560    0.015492    0.009636
   -0.022361    0.024705    0.000102    0.028724
   -0.022361    0.002381    0.035341    0.000389
   -0.022361    0.020433   -0.014720    0.027413
   -0.022361   -0.025844    0.024625   -0.005771
   -0.022361   -0.006965   -0.028845    0.020911
   -0.022361   -0.028352   -0.006041   -0.040417
   -0.022361    0.020787    0.025601    0.010347
   -0.022361   -0.011207   -0.021658    0.030342
   -0.022361   -0.009422   -0.032193    0.009674
   -0.022361    0.011746    0.030471    0.011286
   -0.022361   -0.026323    0.008770    0.024503
   -0.022361   -0.021336    0.026501    0.008721
   -0.022361   -0.028820    0.018561    0.004353
   -0.022361    0.033561   -0.003805    0.000763
   -0.022361    0.010565    0.027640   -0.039263
   -0.022361   -0.025279   -0.007671    0.028285
   -0.022361    0.029348    0.003438    0.016498
   -0.022361    0.011053    0.029623   -0.033752
   -0.022361   -0.011089    0.025529    0.024361
   -0.022361    0.027397    0.016876    0.011228
   -0.022361    0.027719    0.014047    0.015409
   -0.022361    0.011951   -0.022519    0.027613
   -0.022361   -0.008258    0.028597    0.022245
   -0.022361   -0.007687    0.022967    0.029703
   -0.022361   -0.033553   -0.001569    0.010890
   -0.022361    0.022471   -0.018290    0.018711
   -0.022361   -0.021177   -0.023653    0.015166
   -0.022361    0.013826   -0.028805    0.013165
   -0.022361   -0.020724   -0.019958    0.023937
   -0.022361    0.024869    0.009150    0.026817
   -0.022361    0.005149   -0.033201    0.004630
   -0.022361   -0.033725   -0.010214   -0.004468
   -0.022361    0.007591   -0.027026    0.023883
   -0.022361   -0.018865   -0.018387   -0.045332
   -0.022361    0.029951    0.001379    0.017800
   -0.022361   -0.032953    0.002465    0.012622
   -0.022361    0.023409   -0.007653    0.028768
   -0.022361   -0.011696   -0.032853   -0.008775
   -0.022361   -0.021658   -0.011157    0.030625
   -0.022361    0.029445    0.002028    0.017256
   -0.022361    0.028219   -0.008436   -0.034968
   -0.022361    0.003658    0.033908   -0.026840
   -0.022361    0.022813    0.024028    0.006802
   -0.022361   -0.035630    0.003664    0.000878
   -0.022361   -0.011020   -0.022559    0.029027
   -0.022361   -0.026878   -0.012831    0.021662
   -0.022361   -0.009970   -0.031566   -0.026114
   -0.022361    0.009527   -0.033511   -0.008130
   -0.022361    0.021318   -0.025124    0.009599
   -0.022361   -0.012768   -0.029824    0.010036
   -0.022361   -0.033485   -0.006041    0.009126
   -0.022361    0.003001    0.031998   -0.034259
   -0.022361   -0.000505   -0.032367    0.012286
   -0.022361   -0.013414    0.019986    0.030847
   -0.022361    0.025286   -0.022083    0.002068
   -0.022361   -0.005839   -0.022757    0.032198
   -0.022361    0.008082   -0.030153    0.014324
   -0.022361   -0.028682    0.022239   -0.008455
   -0.022361    0.022563   -0.018256    0.022599
   -0.022361    0.025833   -0.008540    0.023915
   -0.022361    0.014522    0.016312   -0.052291
   -0.022361   -0.001470   -0.035593   -0.007077
   -0.022361   -0.010646    0.028643   -0.039407
   -0.022361   -0.031702   -0.004688    0.015530
   -0.022361    0.029698    0.008524    0.015131
   -0.022361    0.015893   -0.018550    0.030829
   -0.022361   -0.011597   -0.033151    0.002205
   -0.022361   -0.034852    0.003654   -0.016111
   -0.022361   -0.006840   -0.033166   -0.022712
   -0.022361   -0.031105   -0.004714    0.019273
   -0.022361   -0.001805    0.034815   -0.021615
   -0.022361    0.020763    0.013379    0.029305
   -0.022361    0.004783   -0.032999    0.004891
   -0.022361    0.031703    0.014721    0.000894
   -0.022361    0.023100    0.025489   -0.021297
   -0.022361   -0.011078   -0.028311    0.020707
   -0.022361    0.033869    0.007429   -0.012477
   -0.022361   -0.024695   -0.012480    0.025181
   -0.022361   -0.000212   -0.025946    0.028029
   -0.022361   -0.027465   -0.013000    0.019609
   -0.022361    0.029720    0.002364    0.019410
   -0.022361    0.005741    0.028501    0.022619
   -0.022361   -0.022618   -0.021647    0.018744
   -0.022361    0.014440    0.030882   -0.021969
   -0.022361    0.032568   -0.011136   -0.014936
   -0.022361   -0.023488   -0.025398   -0.000182
   -0.022361    0.021472    0.026679   -0.013833
   -0.022361   -0.026590   -0.021676    0.002441
   -0.022361    0.029500   -0.009411   -0.034576
   -0.022361   -0.033942   -0.004605    0.009855
   -0.022361   -0.020152    0.022741   -0.037771
   -0.022361   -0.032211   -0.008158    0.008545
   -0.022361   -0.034465   -0.010077   -0.018304
   -0.022361    0.028889    0.014050    0.010231
   -0.022361   -0.026534    0.021650    0.010929
   -0.022361    0.014776    0.031635    0.001116
   -0.022361    0.012525   -0.032070   -0.005108
   -0.022361    0.024721   -0.017606    0.017004
   -0.022361   -0.030814    0.018483   -0.018603
   -0.022361    0.012273    0.031278    0.005816
   -0.022361    0.029423    0.018884   -0.016379
   -0.022361    0.001567    0.029246    0.021351
   -0.022361   -0.027301    0.021218   -0.023800
   -0.022361    0.016516   -0.026265   -0.031970
   -0.022361    0.022282    0.024153    0.012448
   -0.022361    0.028614   -0.011257    0.015832
   -0.022361    0.000624    0.034364    0.006720
   -0.022361    0.033432    0.003088   -0.024273
   -0.022361   -0.004170    0.035295   -0.018747
   -0.022361   -0.023669   -0.020528    0.014865
   -0.022361    0.030009    0.001386   -0.036827
   -0.022361   -0.012899   -0.027312    0.018799
   -0.022361   -0.023949   -0.005174   -0.050182
   -0.022361    0.004342   -0.024048    0.029333
   -0.022361   -0.033527   -0.010312    0.000856
