    0.022361   -0.033145    0.007073   -0.001902
    0.022361    0.024625    0.025344    0.005799
    0.022361    0.024612   -0.010589    0.024773
    0.022361   -0.027294   -0.021172   -0.012259
    0.022361   -0.029860   -0.012034   -0.027286
    0.022361    0.016123   -0.029187    0.005170
    0.022361   -0.023643   -0.023054    0.003986
    0.022361   -0.031371   -0.008918    0.009157
    0.022361   -0.021640    0.011193   -0.049909
    0.022361   -0.026106    0.006740    0.023887
    0.022361    0.000696   -0.035091   -0.006434
    0.022361   -0.016805   -0.029210   -0.024226
    0.022361   -0.033131    0.006377   -0.013811
    0.022361    0.025851    0.003010    0.027632
    0.022361   -0.018417   -0.029311   -0.007637
    0.022361   -0.012711   -0.006712   -0.061307
    0.022361    0.032111    0.008487   -0.033095
    0.022361   -0.030903    0.007269    0.011550
    0.022361    0.001796   -0.034544   -0.019358
    0.022361    0.026733    0.023064    0.003971
    0.022361    0.005146   -0.034534   -0.006598
    0.022361   -0.018566    0.028315    0.005148
    0.022361    0.009527   -0.027320    0.022189
    0.022361   -0.024060    0.021813   -0.026068
    0.022361   -0.012472    0.032220    0.000547
    0.022361   -0.023053   -0.020787   -0.035113
    0.022361   -0.026125   -0.021441   -0.019317
    0.022361   -0.027370    0.019946    0.002112
    0.022361   -0.030677    0.014889   -0.008208
    0.022361    0.018831   -0.027987    0.009241
    0.022361    0.019310   -0.029930   -0.008708
    0.022361   -0.020799    0.012835    0.028776
    0.022361   -0.030670   -0.007730    0.010614
    0.022361    0.006910   -0.025912    0.025894
    0.022361   -0.019210   -0.021275    0.019431
    0.022361    0.001754   -0.028564    0.020456
    0.022361   -0.016209    0.025156    0.019540
    0.022361   -0.021822    0.019510    0.021526
    0.022361   -0.008866   -0.032625    0.006896
    0.022361   -0.024476   -0.022915    0.001539
    0.022361    0.021554   -0.008817    0.031883
    0.022361    0.020836    0.017572   -0.046687
    0.022361    0.004145   -0.025001    0.028151
    0.022361    0.026278   -0.021774   -0.021701
    0.022361   -0.032658    0.008775   -0.001732
    0.022361   -0.010879    0.024215    0.025394
    0.022361    0.033351   -0.002838   -0.027688
    0.022361    0.013142   -0.024097    0.023843
    0.022361    0.018518   -0.030126   -0.015469
    0.022361   -0.028667   -0.016924    0.003385
    0.022361   -0.022635   -0.003593    0.029618
    0.022361    0.009952   -0.030191   -0.033080
    0.022361    0.009370    0.023793   -0.048468
    0.022361    0.026706    0.024056   -0.014846
    0.022361   -0.021758   -0.023611   -0.028994
    0.022361    0.032421   -0.014006   -0.020832
    0.022361    0.019192   -0.026122   -0.032258
    0.022361    0.022543    0.015657    0.025213
    0.022361    0.017779   -0.022137    0.023638
    0.022361   -0.031796   -0.008620   -0.025477
    0.022361   -0.020616   -0.019879    0.020191
    0.022361    0.030763    0.014401    0.010508
    0.022361   -0.011855    0.020678    0.030308
    0.022361   -0.034143   -0.000709   -0.016201
    0.022361    0.024956   -0.005040    0.029610
    0.022361    0.035975    0.003042   -0.013618
    0.022361    0.002042   -0.034096   -0.023239
    0.022361   -0.021892    0.026524   -0.017012
    0.022361    0.016507    0.020035    0.028137
    0.022361   -0.009406   -0.033266   -0.017974
    0.022361    0.024516   -0.023004   -0.025475
    0.022361    0.022790   -0.026199   -0.003206
    0.022361   -0.001228   -0.027411    0.025236
    0.022361   -0.021211   -0.024157    0.008156
    0.022361   -0.020080    0.011551    0.029250
    0.022361    0.025114    0.012862    0.024892
    0.022361   -0.025593   -0.018537    0.010791
    0.022361    0.021979   -0.027587    0.001105
    0.022361   -0.007838    0.030233   -0.037435
    0.022361   -0.000270    0.034713   -0.018245
    0.022361   -0.007843   -0.027565    0.021689
    0.022361    0.026801   -0.021474   -0.020485
    0.022361    0.019749    0.004671   -0.056392
    0.022361   -0.019022    0.023553    0.016156
    0.022361   -0.019211   -0.024191   -0.034922
    0.022361    0.014453   -0.026738    0.019566
    0.022361    0.011719    0.021070    0.031519
    0.022361    0.009830    0.026089    0.023774
    0.022361    0.032028    0.013351   -0.024361
    0.022361   -0.013904   -0.030991   -0.015614
    0.022361    0.013134   -0.033284   -0.011141
    0.022361   -0.029296   -0.015558    0.004280
    0.022361   -0.016141    0.021841    0.025058
    0.022361    0.010100    0.032471    0.007245
    0.022361   -0.024224    0.003694    0.027921
    0.022361   -0.007021    0.028228    0.023114
    0.022361    0.033433    0.014636   -0.012443
    0.022361    0.034795    0.002601    0.003580
    0.022361    0.020756    0.025744    0.010125
    0.022361    0.017912   -0.027914    0.010034
    0.022361   -0.024251    0.020286    0.014712
    0.022361   -0.020132    0.023815    0.014704
    0.022361   -0.010518   -0.028915    0.015929
    0.022361   -0.020908    0.009174    0.031374
    0.022361    0.036531    0.000032   -0.010417
    0.022361   -0.030748    0.006771    0.012799
    0.022361    0.004621    0.032985   -0.029314
    0.022361   -0.032306    0.004906    0.003887
    0.022361   -0.029330    0.018732   -0.011666
    0.022361   -0.019487    0.028720   -0.015838
    0.022361    0.020400   -0.028601    0.000652
    0.022361    0.021866    0.018010    0.022478
    0.022361   -0.002153    0.022768   -0.050956
    0.022361    0.006082    0.034713   -0.003376
    0.022361   -0.029833    0.009873    0.014593
    0.022361   -0.032395   -0.010085   -0.016372
    0.022361    0.027011   -0.012379   -0.040555
    0.022361   -0.032307    0.006642   -0.021418
    0.022361    0.031228    0.000958   -0.037420
    0.022361   -0.019131   -0.021431   -0.039568
    0.022361    0.031575   -0.016927   -0.003429
    0.022361   -0.007521   -0.031885    0.009842
    0.022361   -0.033905    0.003195   -0.020537
    0.022361   -0.031845    0.010246    0.005527
    0.022361   -0.011946   -0.024536   -0.042634
    0.022361   -0.024097   -0.018556   -0.035320
    0.022361    0.017898    0.023647    0.020857
    0.022361   -0.005934   -0.028417    0.020235
    0.022361    0.026654   -0.021434   -0.026934
    0.022361   -0.022594   -0.008949    0.028551
    0.022361   -0.032107    0.012384   -0.008364
    0.022361   -0.020209   -0.017036    0.024859
    0.022361    0.008587   -0.022598    0.030494
    0.022361    0.011790   -0.022299    0.028274
    0.022361    0.025585    0.024513   -0.012869
    0.022361    0.023866   -0.009698    0.027587
    0.022361    0.026829    0.016712    0.017712
    0.022361   -0.023604    0.019335    0.015075
    0.022361    0.021419    0.024951    0.012872
    0.022361    0.031117   -0.017186   -0.008131
    0.022361    0.034716   -0.005673    0.001657
    0.022361    0.001047    0.029091    0.020450
    0.022361    0.015462    0.020453    0.029119
    0.022361    0.034343    0.002308    0.007360
    0.022361   -0.034679   -0.000154   -0.007661
    0.022361   -0.027442    0.022107   -0.004396
    0.022361    0.010872   -0.028744    0.015934
    0.022361   -0.018232   -0.024150    0.017449
    0.022361    0.022860    0.025236   -0.027411
    0.022361   -0.028395   -0.012139    0.010684
    0.022361   -0.016068    0.024543    0.018884
    0.022361    0.032252    0.010861   -0.025747
    0.022361    0.029740   -0.019421   -0.010342
    0.022361   -0.027279    0.008210    0.020980
    0.022361   -0.024143   -0.023176    0.005202
    0.022361    0.026440    0.010923    0.023250
    0.022361    0.026544    0.013240   -0.040222
    0.022361   -0.033758   -0.005964    0.000668
    0.022361    0.014965    0.029217   -0.032049
    0.022361    0.025761    0.007167    0.027316
    0.022361    0.020596    0.025507    0.013100
    0.022361    0.022404    0.024041   -0.035239
    0.022361    0.028825    0.018652    0.006720
    0.022361   -0.021358    0.018250    0.021324
    0.022361   -0.022671    0.015285    0.024028
    0.022361   -0.000242   -0.034133   -0.015218
    0.022361    0.015510   -0.029853    0.007280
    0.022361    0.025901    0.009150    0.025934
    0.022361    0.019049    0.019567    0.025602
    0.022361    0.014771    0.030209    0.008705
    0.022361   -0.024633   -0.019620    0.010884
    0.022361   -0.033733   -0.006691   -0.002700
    0.022361    0.013786    0.031441    0.006105
    0.022361    0.001162    0.024922   -0.050735
    0.022361   -0.006312   -0.026687    0.023133
    0.022361   -0.020466    0.016658    0.026335
    0.022361   -0.018367    0.029732    0.000338
    0.022361   -0.033945   -0.000501   -0.000496
    0.022361   -0.032838   -0.007106   -0.017263
    0.022361    0.010722    0.031645    0.011607
    0.022361    0.033756   -0.007003    0.006054
    0.022361    0.029737   -0.006884    0.017760
    0.022361   -0.028843    0.019239   -0.016214
    0.022361   -0.018709   -0.024360    0.016551
    0.022361    0.022281    0.009363    0.029856
    0.022361   -0.030504   -0.011741    0.003659
    0.022361    0.005108    0.031359   -0.032868
    0.022361   -0.012098   -0.031648    0.004421
    0.022361    0.028580    0.000218    0.022314
    0.022361    0.003424    0.034262    0.007231
    0.022361   -0.009261   -0.025013    0.024699
    0.022361   -0.018292   -0.015581    0.029025
    0.022361    0.029682    0.002654   -0.040669
    0.022361    0.026184    0.009889    0.025454
    0.022361   -0.019645   -0.019105    0.024545
    0.022361   -0.014521    0.023554    0.023210
    0.022361    0.010315   -0.024085    0.025468
    0.022361   -0.012239    0.032053    0.005868
    0.022361    0.006050   -0.034458   -0.008515
    0.022361   -0.005288    0.035071   -0.016831
    0.022361    0.015153   -0.019624    0.027725
    0.022361   -0.022889    0.011520   -0.047532
    0.022361   -0.002865   -0.027317    0.022365
    0.022361    0.025337   -0.025151   -0.003730
    0.022361   -0.033329    0.009032   -0.007024
    0.022361   -0.017238    0.030339   -0.020520
    0.022361   -0.026717    0.015619    0.014071
    0.022361   -0.008902    0.032160    0.008051
    0.022361    0.009260   -0.032982   -0.019709
    0.022361    0.015520    0.027426    0.014252
    0.022361   -0.028180    0.020002   -0.003906
    0.022361   -0.000601   -0.033894   -0.019224
    0.022361   -0.033515    0.006725   -0.012775
    0.022361   -0.000103   -0.032633    0.010610
    0.022361    0.001998   -0.034503    0.001738
    0.022361   -0.002397   -0.032290    0.007504
    0.022361    0.027277   -0.010932   -0.041980
    0.022361   -0.028522    0.016486   -0.027394
    0.022361   -0.007809    0.034775   -0.004784
    0.022361   -0.003538    0.029934    0.017929
    0.022361    0.004304    0.011773   -0.063325
    0.022361    0.016540   -0.018549   -0.049884
    0.022361    0.018215   -0.030604   -0.009984
    0.022361   -0.022652   -0.018190    0.020205
    0.022361    0.001496   -0.032452   -0.030585
    0.022361   -0.012441   -0.032137   -0.006538
    0.022361   -0.022574    0.026003   -0.020336
    0.022361    0.027235    0.002366   -0.046621
    0.022361    0.015610   -0.011639   -0.057309
    0.022361    0.007489   -0.032368    0.009651
    0.022361    0.028666   -0.020663   -0.011022
    0.022361   -0.028149   -0.003320    0.020710
    0.022361   -0.011422   -0.028241    0.017770
    0.022361   -0.015715    0.031225   -0.017954
    0.022361    0.013604   -0.031262    0.005675
    0.022361    0.035336    0.009188   -0.009249
    0.022361    0.001309    0.024937    0.028797
    0.022361   -0.031609   -0.005732    0.008605
    0.022361    0.016867   -0.026838    0.013193
    0.022361   -0.009834    0.026906    0.022305
    0.022361   -0.023356   -0.020583   -0.033343
    0.022361    0.013243   -0.020396    0.030881
    0.022361   -0.025591   -0.019852   -0.026848
    0.022361   -0.005855   -0.034080   -0.016775
    0.022361   -0.011265    0.033668   -0.012126
    0.022361   -0.026391    0.021838   -0.008265
    0.022361    0.021831    0.024111    0.013505
    0.022361   -0.007366   -0.034703   -0.007322
    0.022361    0.002128   -0.034052    0.002357
    0.022361    0.030459    0.000810   -0.041158
    0.022361   -0.007039    0.033415    0.003244
    0.022361    0.005881   -0.034963   -0.004805
    0.022361    0.012263    0.032876   -0.002557
    0.022361    0.002933    0.035793   -0.006006
    0.022361   -0.025144    0.013408    0.019642
    0.022361   -0.028653   -0.008328   -0.037959
    0.022361   -0.004459   -0.032937    0.009159
    0.022361    0.008045    0.023223    0.029796
    0.022361   -0.021134   -0.025650    0.002730
    0.022361   -0.024600   -0.017698    0.015580
    0.022361    0.032567   -0.007361    0.011571
    0.022361    0.023869   -0.018408    0.021025
    0.022361    0.001563    0.029158    0.022322
    0.022361   -0.003422   -0.023536    0.030413
    0.022361   -0.028800    0.011954    0.015878
    0.022361    0.025349   -0.018027    0.017798
    0.022361   -0.027058    0.021549   -0.001857
    0.022361   -0.003345   -0.032350    0.009712
    0.022361    0.016415    0.031363   -0.016369
    0.022361   -0.013502   -0.029664    0.004436
    0.022361   -0.014408    0.018406   -0.051825
    0.022361    0.034591    0.010441   -0.014638
    0.022361   -0.022000    0.028264   -0.006644
    0.022361   -0.019196    0.018667    0.026067
    0.022361    0.026763   -0.021896    0.006117
    0.022361    0.030396   -0.001911    0.017436
    0.022361   -0.006413    0.031054    0.016052
    0.022361    0.026665    0.008842   -0.045515
    0.022361   -0.024054    0.003188    0.028125
    0.022361   -0.015157    0.031790   -0.002909
    0.022361   -0.011457    0.021728    0.027626
    0.022361   -0.031644   -0.000327    0.010173
    0.022361    0.024022   -0.016807    0.021452
    0.022361    0.005153    0.031849   -0.031649
    0.022361    0.013626    0.032177   -0.022586
    0.022361    0.031610    0.003204    0.014735
    0.022361   -0.033540   -0.003618   -0.001456
    0.022361   -0.025521    0.015071    0.016490
    0.022361   -0.020952    0.025750    0.008638
    0.022361    0.025518   -0.022759    0.006941
    0.022361   -0.007997   -0.023159    0.029751
    0.022361   -0.017103    0.030267   -0.002484
    0.022361   -0.002520   -0.034991   -0.006825
    0.022361    0.019279    0.028460    0.004910
    0.022361   -0.013079    0.031775   -0.016813
    0.022361   -0.030051   -0.011728   -0.027603
    0.022361   -0.034056    0.004790   -0.011414
    0.022361    0.035547   -0.000406   -0.010687
    0.022361    0.012039   -0.020139    0.030927
    0.022361    0.036073   -0.003651   -0.012146
    0.022361   -0.032325   -0.008759    0.002348
    0.022361   -0.018233    0.027437    0.011346
    0.022361   -0.015975    0.018462    0.030782
    0.022361    0.028636   -0.000892    0.024728
    0.022361   -0.019125    0.012965    0.029841
    0.022361   -0.033005   -0.007640   -0.005711
    0.022361   -0.016698    0.030704   -0.006955
    0.022361   -0.032872   -0.003970    0.006090
    0.022361   -0.003741    0.034267   -0.023448
    0.022361   -0.033174    0.000269    0.004794
    0.022361   -0.025892    0.002964   -0.044343
    0.022361    0.017604    0.022486    0.022309
    0.022361    0.034856    0.007214   -0.001195
    0.022361    0.031113   -0.017526   -0.018562
    0.022361    0.031013    0.008966    0.014775
    0.022361    0.007233   -0.034355   -0.015896
    0.022361    0.024093    0.019219    0.017376
    0.022361    0.016461   -0.030870   -0.014473
    0.022361   -0.001506    0.032305    0.013370
    0.022361    0.016911   -0.027229    0.012921
    0.022361    0.028221   -0.005668    0.022943
    0.022361   -0.025465   -0.019997    0.005543
    0.022361    0.020347    0.014080    0.030578
    0.022361    0.030893    0.018604   -0.010611
    0.022361    0.000609   -0.035370   -0.003889
    0.022361   -0.019536    0.029577   -0.010231
    0.022361   -0.031293   -0.011730   -0.021724
    0.022361    0.011454   -0.020306   -0.052113
    0.022361   -0.016337    0.019921    0.028269
    0.022361   -0.004094   -0.034541    0.000888
    0.022361    0.017132   -0.024786   -0.039190
    0.022361   -0.002025   -0.031319    0.014496
    0.022361    0.031413   -0.017342   -0.011523
    0.022361   -0.015147    0.028509    0.011508
    0.022361    0.004601    0.029124    0.020325
    0.022361    0.032405    0.014900   -0.019026
    0.022361   -0.025812    0.014473   -0.039139
    0.022361   -0.022363    0.025382    0.004653
    0.022361   -0.031185   -0.011675    0.004403
    0.022361    0.027107   -0.014186    0.016320
    0.022361   -0.030794   -0.014719   -0.017819
    0.022361    0.004174    0.029541    0.022039
    0.022361    0.016688    0.020995    0.028049
    0.022361    0.002773    0.031518    0.017866
    0.022361   -0.002026   -0.030674    0.013866
    0.022361    0.034952   -0.003615   -0.012862
    0.022361   -0.013802    0.032019   -0.004298
    0.022361    0.028091   -0.016543    0.012572
    0.022361   -0.016407   -0.027576    0.007622
    0.022361   -0.024184   -0.010586   -0.045108
    0.022361   -0.029737    0.006620   -0.036738
    0.022361   -0.026471   -0.007448    0.022570
    0.022361   -0.015112    0.031368   -0.006980
    0.022361   -0.008929   -0.033357   -0.012182
    0.022361    0.012970    0.033077   -0.009994
    0.022361   -0.012688   -0.025886    0.019165
    0.022361    0.032795    0.014377   -0.008304
    0.022361    0.007199   -0.030001   -0.036481
    0.022361    0.027359   -0.021424    0.003896
    0.022361    0.019036    0.026514    0.014709
    0.022361   -0.031991   -0.007520   -0.021939
    0.022361    0.018155   -0.022577    0.021312
    0.022361   -0.032797    0.001149   -0.024999
    0.022361    0.013678   -0.023588    0.026473
    0.022361   -0.002883    0.024815    0.029613
    0.022361   -0.007531   -0.034216   -0.012273
    0.022361    0.003812    0.031272   -0.035106
    0.022361   -0.027477   -0.011575    0.016122
    0.022361    0.020248   -0.027969    0.000519
    0.022361   -0.026333    0.021822    0.003664
    0.022361    0.006914   -0.034826   -0.007459
    0.022361   -0.020926    0.025148   -0.026431
    0.022361   -0.005040    0.035357   -0.006797
    0.022361   -0.016596    0.026346    0.016864
    0.022361   -0.029617   -0.013103    0.007678
    0.022361   -0.024790    0.010324    0.023193
    0.022361    0.033286    0.012546   -0.018844
    0.022361   -0.001613    0.030980    0.016238
    0.022361    0.003940    0.031956    0.015217
    0.022361   -0.017074   -0.029983   -0.003876
    0.022361   -0.026974   -0.014815    0.015379
    0.022361    0.027089    0.020992    0.002753
    0.022361   -0.011031   -0.027371    0.017658
    0.022361    0.035866    0.001198   -0.008163
    0.022361   -0.015006   -0.023961   -0.040187
    0.022361    0.033258   -0.010699   -0.018120
    0.022361   -0.007732    0.023683    0.030258
    0.022361    0.023654    0.020873    0.014650
    0.022361   -0.003168   -0.033845   -0.000469
    0.022361    0.010918    0.033994   -0.004454
    0.022361   -0.030592   -0.012821   -0.026691
    0.022361    0.008610   -0.022275    0.028943
    0.022361    0.029646   -0.017516    0.006870
    0.022361   -0.017760    0.028066    0.008111
    0.022361   -0.002545    0.035944   -0.006569
    0.022361    0.010851   -0.022136   -0.048913
    0.022361   -0.003089    0.026292    0.027971
    0.022361    0.027873    0.001799    0.024304
    0.022361    0.008344    0.034156   -0.015462
    0.022361    0.009134    0.034275   -0.020820
    0.022361    0.028533   -0.020057   -0.011760
    0.022361    0.004330   -0.017504   -0.056444
    0.022361   -0.023051   -0.021853    0.014106
    0.022361   -0.032411    0.009516   -0.022697
    0.022361    0.024509    0.011710    0.026434
    0.022361    0.017423    0.030133   -0.025027
    0.022361   -0.005205   -0.031956   -0.030883
    0.022361    0.012855    0.033834   -0.014016
    0.022361    0.004586    0.023148   -0.051410
    0.022361   -0.024320    0.004795    0.026983
    0.022361    0.022251   -0.027382   -0.009908
    0.022361    0.013087   -0.021986    0.028294
    0.022361    0.032014    0.012889   -0.029434
    0.022361   -0.004359    0.030261    0.017463
    0.022361   -0.020627   -0.025819   -0.024036
    0.022361   -0.032145   -0.012082   -0.016925
    0.022361   -0.002544    0.032460   -0.032315
    0.022361    0.008310   -0.023716    0.027831
    0.022361    0.035671    0.002436    0.000709
    0.022361    0.029065    0.006220   -0.040674
    0.022361    0.022551   -0.021833    0.016751
    0.022361    0.017742    0.030011   -0.022030
    0.022361   -0.007793   -0.030849    0.009959
    0.022361    0.025513   -0.002501    0.026832
    0.022361   -0.034350   -0.001853   -0.004598
    0.022361   -0.009634    0.027240   -0.041255
    0.022361   -0.017036   -0.024570    0.018171
    0.022361   -0.025456   -0.000389   -0.047281
    0.022361   -0.004612    0.015737   -0.059138
    0.022361   -0.024836   -0.023026   -0.017618
    0.022361    0.006608   -0.033500   -0.022144
    0.022361   -0.026364    0.012520    0.019483
    0.022361   -0.010087    0.033014   -0.021455
    0.022361   -0.017952   -0.028156   -0.000397
    0.022361   -0.011562   -0.031524    0.007179
    0.022361   -0.010046    0.028110   -0.039460
    0.022361    0.004933    0.025682   -0.047843
    0.022361    0.034326    0.007190   -0.021146
    0.022361   -0.018909   -0.012318    0.030060
    0.022361   -0.015937    0.031815   -0.003031
    0.022361    0.007457    0.027600    0.023711
    0.022361   -0.016387   -0.029112   -0.024939
    0.022361   -0.018910   -0.002663   -0.056983
    0.022361    0.013226   -0.029140    0.011359
    0.022361    0.008797   -0.033168   -0.015578
    0.022361   -0.007514   -0.033641   -0.019277
    0.022361   -0.020445   -0.018629   -0.043688
    0.022361   -0.028919   -0.018327   -0.014132
    0.022361    0.004761    0.035277   -0.013021
    0.022361   -0.021403   -0.010800    0.028644
    0.022361   -0.024364   -0.005751    0.027630
    0.022361   -0.010199   -0.032428    0.000751
    0.022361    0.021186   -0.025016    0.009867
    0.022361   -0.007664    0.025803    0.025813
    0.022361   -0.021470    0.021652    0.018924
    0.022361    0.005922    0.033380   -0.030110
    0.022361   -0.020044   -0.011976    0.029336
    0.022361   -0.033982    0.007484   -0.004963
    0.022361    0.031236   -0.010782    0.008326
    0.022361    0.030606    0.012429    0.014706
    0.022361    0.009331    0.025933    0.024407
    0.022361   -0.015559    0.020046    0.026285
    0.022361    0.028818   -0.015315   -0.032994
    0.022361   -0.025684   -0.003305    0.024420
    0.022361    0.034022    0.001640    0.006812
    0.022361   -0.026030    0.019826   -0.027444
    0.022361   -0.030496    0.016287   -0.018825
    0.022361    0.031485    0.016072   -0.002906
    0.022361   -0.018289   -0.023479   -0.038279
    0.022361    0.034016    0.007173    0.003019
    0.022361    0.008785    0.022099    0.031243
    0.022361   -0.029092   -0.001726    0.019231
    0.022361    0.019354   -0.018241    0.027293
    0.022361   -0.002511   -0.026250    0.026317
    0.022361   -0.030217   -0.007941    0.012132
    0.022361   -0.019016   -0.017131    0.026861
    0.022361   -0.032248    0.002798    0.010092
    0.022361    0.017425    0.030255    0.001453
    0.022361    0.000344    0.036190   -0.005956
    0.022361    0.013749   -0.019887    0.029279
    0.022361    0.019512    0.030400   -0.010003
    0.022361    0.006913   -0.019545   -0.054915
    0.022361   -0.017518    0.029060   -0.028356
    0.022361   -0.000841   -0.034559    0.001573
    0.022361   -0.021913    0.015742    0.025724
    0.022361    0.029557   -0.015670   -0.027833
    0.022361    0.024533    0.008319    0.028429
    0.022361   -0.029067    0.003424    0.017353
    0.022361   -0.013919    0.031107    0.001976
    0.022361   -0.006188   -0.021350   -0.051649
    0.022361    0.027990    0.019510   -0.027414
    0.022361   -0.017801   -0.019284    0.025564
    0.022361   -0.026728    0.021293   -0.000044
    0.022361   -0.004746   -0.032907    0.009155
    0.022361   -0.015369    0.019749    0.029328
    0.022361   -0.027096   -0.006406    0.022155
    0.022361    0.009418   -0.032321   -0.024624
    0.022361   -0.014443   -0.029537    0.010096
    0.022361   -0.033675    0.008683   -0.012811
    0.022361   -0.014605    0.032412   -0.013785
    0.022361    0.029928    0.000109    0.021114
    0.022361    0.031625   -0.013177    0.008600
    0.022361   -0.000507   -0.030429   -0.037656
    0.022361   -0.032981   -0.001108    0.008123
    0.022361    0.015424    0.025067    0.021305
    0.022361   -0.006869    0.030463    0.017329
    0.022361    0.015189   -0.022804    0.024851
    0.022361    0.027315    0.007356    0.025653
    0.022361   -0.032499    0.011764   -0.016095
    0.022361    0.022556    0.018288   -0.044072
    0.022361    0.010264   -0.029887    0.013876
    0.022361    0.027104   -0.018384    0.007602
    0.022361   -0.005167   -0.034147   -0.005314
    0.022361   -0.013438   -0.024137    0.023953
    0.022361   -0.029534    0.012608    0.010596
    0.022361   -0.018362   -0.024588   -0.037127
    0.022361    0.024544    0.023362    0.010054
    0.022361   -0.010790    0.030275    0.010918
    0.022361   -0.010150   -0.033232   -0.007015
    0.022361    0.000416   -0.029440    0.021406
    0.022361    0.032264    0.007989    0.012796
    0.022361   -0.018261    0.016335    0.028597
    0.022361    0.034506    0.010493   -0.009035
    0.022361    0.004060   -0.035286   -0.007093
    0.022361   -0.024015    0.023983    0.004311
    0.022361    0.007174    0.033978   -0.020894
    0.022361    0.026067    0.020047    0.013830
    0.022361    0.024453   -0.024863    0.000725
    0.022361    0.011272   -0.030460    0.011517
    0.022361    0.036152    0.005708   -0.012229
    0.022361   -0.017741    0.022798    0.021966
    0.022361   -0.028314   -0.019560   -0.002802
    0.022361    0.001768   -0.034385   -0.003131
    0.022361   -0.003292    0.029666    0.018389
    0.022361   -0.005125    0.023776   -0.051176
    0.022361    0.006624   -0.025703    0.026089
    0.022361   -0.002720   -0.029161    0.019419
    0.022361   -0.022320    0.016920    0.024546
    0.022361    0.002580   -0.033163   -0.027497
    0.022361   -0.027048   -0.018258   -0.025506
    0.022361    0.035038    0.003501   -0.022367
    0.022361    0.012985   -0.015321   -0.056652
    0.022361   -0.028590    0.008100    0.018578
    0.022361    0.000765    0.023172   -0.052603
    0.022361    0.027164   -0.019237    0.010278
    0.022361    0.001480   -0.033927    0.000593
    0.022361    0.013136    0.032944   -0.000123
    0.022361   -0.028544    0.016644    0.006426
    0.022361    0.023480    0.024841    0.010929
    0.022361   -0.012591   -0.024868    0.022420
    0.022361   -0.014876    0.004517   -0.059746
    0.022361   -0.002382   -0.034099   -0.020283
    0.022361   -0.032299    0.002332   -0.028921
    0.022361   -0.001222   -0.034337   -0.014820
    0.022361    0.021650    0.013345    0.029910
    0.022361    0.016566    0.016849    0.031949
    0.022361    0.028555    0.004476    0.022186
    0.022361    0.016106    0.028354    0.014792
    0.022361   -0.006176    0.033800   -0.023960
    0.022361    0.029948    0.019360    0.000583
    0.022361    0.010004   -0.033979   -0.004709
    0.022361   -0.033198   -0.000224   -0.023899
    0.022361   -0.023147    0.027179   -0.008028
    0.022361   -0.000656    0.024300    0.028909
    0.022361    0.007315   -0.029976    0.013907
    0.022361   -0.017538   -0.022952   -0.040228
    0.022361   -0.010072   -0.024354   -0.046060
    0.022361   -0.032593   -0.011870   -0.004124
    0.022361   -0.030987   -0.010016   -0.028611
    0.022361   -0.027477    0.011840    0.019347
    0.022361   -0.021416    0.027502   -0.016589
    0.022361    0.005524    0.030886    0.017441
    0.022361   -0.006914   -0.033633    0.000338
    0.022361    0.015675    0.029594    0.008374
    0.022361   -0.012482   -0.026197    0.021642
    0.022361   -0.029965   -0.007454    0.014321
    0.022361   -0.012700   -0.029395    0.012145
    0.022361    0.015513    0.031438    0.004527
    0.022361    0.032822    0.013647    0.002046
    0.022361    0.009263    0.023070    0.030265
    0.022361   -0.008821   -0.029485    0.014270
    0.022361   -0.029285   -0.014719   -0.026431
    0.022361   -0.001620   -0.029038    0.020436
    0.022361   -0.011095    0.028672    0.015203
    0.022361   -0.018531    0.014826    0.029541
    0.022361    0.035236   -0.001273   -0.001591
    0.022361    0.017271   -0.016171    0.029357
    0.022361   -0.033189    0.009687   -0.001944
    0.022361    0.034336    0.001565   -0.029379
    0.022361    0.030917   -0.015252    0.002102
    0.022361    0.023842   -0.004619    0.028864
    0.022361   -0.009665   -0.006954   -0.063178
    0.022361   -0.014385   -0.027862    0.013437
    0.022361   -0.004273   -0.033904   -0.005134
    0.022361    0.001090    0.024482    0.029650
    0.022361   -0.029660   -0.007181   -0.037201
    0.022361    0.025528    0.018257    0.017004
    0.022361    0.023118   -0.020399    0.016709
    0.022361    0.000181   -0.033789    0.000174
    0.022361   -0.031560    0.010756    0.004722
    0.022361    0.021534    0.020837   -0.041774
    0.022361   -0.024454   -0.023462   -0.018230
    0.022361    0.015279   -0.017277    0.031313
    0.022361    0.030620    0.017536   -0.016479
    0.022361   -0.032879    0.008033   -0.023240
    0.022361   -0.033884   -0.002509   -0.008915
    0.022361   -0.023628   -0.023618    0.004201
    0.022361   -0.001016    0.029397    0.021726
    0.022361    0.028836    0.016043    0.012834
    0.022361   -0.028915   -0.007048    0.016858
    0.022361    0.004441   -0.024630    0.027651
    0.022361   -0.034779    0.000563   -0.008573
    0.022361    0.029382   -0.020329   -0.010078
    0.022361    0.022000   -0.025333   -0.026722
    0.022361   -0.006570   -0.033476   -0.022829
    0.022361    0.026401    0.005062    0.027830
    0.022361   -0.029426   -0.016518   -0.001138
    0.022361    0.027295   -0.021056   -0.001137
    0.022361    0.031436   -0.009929    0.009839
    0.022361   -0.018470    0.017119    0.028490
    0.022361    0.000849   -0.035067   -0.005524
    0.022361   -0.018030   -0.029539   -0.013725
    0.022361    0.009494    0.033811    0.002856
    0.022361    0.006153   -0.034156   -0.004189
    0.022361   -0.027927   -0.015908   -0.027146
    0.022361    0.008932    0.016452   -0.059429
    0.022361    0.022590    0.013181   -0.049130
    0.022361   -0.000844   -0.029474    0.019673
    0.022361   -0.008468    0.033908   -0.002037
    0.022361    0.029446    0.017480   -0.027670
    0.022361    0.005919   -0.026099    0.025485
    0.022361    0.024084    0.026012   -0.023108
    0.022361    0.033328    0.008084   -0.025424
    0.022361   -0.008042   -0.032937   -0.018841
    0.022361    0.016489    0.020826    0.026862
    0.022361   -0.027757    0.019134    0.002275
    0.022361    0.031109    0.008709   -0.034429
    0.022361    0.027039   -0.002139    0.026834
    0.022361   -0.015146   -0.018634    0.027895
    0.022361    0.004975    0.035716   -0.007361
    0.022361    0.009564    0.029658    0.015706
    0.022361   -0.030787    0.009162    0.009183
    0.022361   -0.025115   -0.022775   -0.015014
    0.022361   -0.033807    0.007107   -0.020038
    0.022361    0.007291   -0.034799   -0.007036
    0.022361    0.000086    0.029289    0.022061
    0.022361   -0.003427   -0.033824    0.002117
    0.022361    0.001277    0.031740    0.015086
    0.022361    0.036162    0.003492   -0.002507
    0.022361   -0.031933   -0.005579   -0.029824
    0.022361    0.027073    0.006536    0.024051
    0.022361   -0.031411   -0.008062    0.007546
    0.022361   -0.026325   -0.019510    0.009761
    0.022361    0.031021    0.013893    0.005719
    0.022361   -0.027366   -0.009923    0.019555
    0.022361    0.007991   -0.028397    0.019189
    0.022361    0.007878    0.033470   -0.019830
    0.022361    0.015991    0.031824   -0.015517
    0.022361    0.030100    0.018390   -0.021511
    0.022361    0.013016    0.023823    0.025245
    0.022361    0.021225    0.029025   -0.013905
    0.022361    0.028203    0.019923   -0.027374
    0.022361    0.029782   -0.014732    0.008751
    0.022361    0.033375    0.014209   -0.005269
    0.022361   -0.020228   -0.027686   -0.012984
    0.022361   -0.019916    0.028713   -0.004028
    0.022361   -0.007810   -0.025629    0.025889
    0.022361    0.034818    0.003304    0.005542
    0.022361    0.030643    0.016736    0.004330
    0.022361    0.030758   -0.007901    0.017519
    0.022361   -0.034229    0.003031   -0.002706
    0.022361   -0.023686    0.017827    0.019467
    0.022361   -0.032537   -0.009364   -0.010283
    0.022361   -0.029560    0.017831   -0.015519
    0.022361    0.024902    0.024208    0.001545
    0.022361   -0.031242    0.004821    0.012401
    0.022361    0.026110   -0.008788    0.026078
    0.022361    0.031516    0.006021    0.013016
    0.022361    0.028706   -0.007124    0.019754
    0.022361   -0.013129    0.033323   -0.012802
    0.022361   -0.027329   -0.015872    0.012769
    0.022361    0.024570    0.023171    0.005652
    0.022361   -0.026866   -0.013527    0.018423
    0.022361    0.020952    0.021669    0.020302
    0.022361    0.006120    0.029287   -0.040813
    0.022361    0.034079   -0.000602    0.009360
    0.022361   -0.016759    0.028048    0.009157
    0.022361    0.021544    0.013138    0.029891
    0.022361   -0.031572    0.003714    0.010014
    0.022361    0.034681   -0.008821   -0.018923
    0.022361   -0.032511    0.009321   -0.019832
    0.022361   -0.012280    0.032921   -0.014489
    0.022361   -0.014433   -0.018393   -0.050711
    0.022361    0.020915   -0.027495   -0.018685
    0.022361    0.030811    0.017474   -0.007214
    0.022361   -0.018043   -0.026381   -0.033063
    0.022361    0.034652    0.007136   -0.019577
    0.022361   -0.028410   -0.014772    0.008331
    0.022361    0.031891   -0.012299   -0.024277
    0.022361    0.000632   -0.030117    0.017062
    0.022361    0.013343   -0.028087    0.014089
    0.022361   -0.003304    0.034275    0.003343
    0.022361    0.006632    0.026784    0.025183
    0.022361   -0.023207    0.015173    0.022696
    0.022361   -0.010110   -0.015944   -0.057493
    0.022361    0.027530   -0.016682    0.014936
    0.022361    0.024487    0.026880   -0.009443
    0.022361   -0.021246    0.026691    0.003174
    0.022361   -0.005942    0.035091   -0.006502
    0.022361   -0.034376   -0.002121   -0.004732
    0.022361   -0.023805    0.025751   -0.011589
    0.022361   -0.004486   -0.034976   -0.004082
    0.022361   -0.029006    0.005949    0.016983
    0.022361    0.019008    0.006901   -0.056707
    0.022361   -0.010484    0.029487    0.015948
    0.022361   -0.023890    0.021147   -0.032837
    0.022361    0.034663    0.000087    0.002533
    0.022361    0.034314   -0.000999    0.004371
    0.022361   -0.027326    0.018669    0.007894
    0.022361    0.031650   -0.012857    0.005246
    0.022361   -0.001297    0.033359    0.006801
    0.022361   -0.004433    0.028618    0.022499
    0.022361   -0.018409    0.017720    0.028771
    0.022361   -0.017403    0.030548   -0.021109
    0.022361   -0.026127   -0.021470   -0.016939
    0.022361   -0.019754   -0.026820   -0.024676
    0.022361    0.031112   -0.014734    0.004179
    0.022361    0.024806   -0.022463    0.005829
    0.022361   -0.029666    0.014717   -0.027671
    0.022361   -0.027663   -0.018287    0.006641
    0.022361   -0.031635    0.007028   -0.028869
    0.022361    0.013821    0.017320   -0.053454
    0.022361    0.016861   -0.031328   -0.008314
    0.022361    0.030739    0.008205    0.016068
    0.022361    0.013096    0.032751    0.000836
    0.022361   -0.003619   -0.026097    0.026111
    0.022361    0.005132   -0.033312   -0.026123
    0.022361   -0.009219    0.030653    0.014362
    0.022361   -0.030390   -0.011236   -0.024288
    0.022361   -0.015495    0.022175    0.024583
    0.022361    0.030955   -0.014253    0.004794
    0.022361    0.020255   -0.021054    0.020484
    0.022361    0.027833    0.009806    0.021179
    0.022361   -0.033595    0.002320    0.005144
    0.022361   -0.014606    0.028481    0.011749
    0.022361   -0.014122   -0.031315   -0.016468
    0.022361    0.004837   -0.031103    0.014824
    0.022361    0.034758   -0.008863   -0.008501
    0.022361    0.030338    0.018719   -0.002956
    0.022361   -0.018990   -0.014385    0.029680
    0.022361   -0.027777   -0.005063    0.021042
    0.022361    0.001097   -0.032549    0.011428
    0.022361   -0.003023   -0.027933   -0.042348
    0.022361   -0.033953   -0.003305   -0.015613
    0.022361    0.034993   -0.008880   -0.008168
    0.022361   -0.025860   -0.021625   -0.002655
    0.022361   -0.012453   -0.030025    0.008959
    0.022361   -0.022245    0.006686   -0.052172
    0.022361   -0.003061    0.035491   -0.011294
    0.022361   -0.013908    0.018226    0.031293
    0.022361   -0.013123    0.033419   -0.008943
    0.022361   -0.021758   -0.026324   -0.007172
    0.022361    0.012878    0.028718    0.014684
    0.022361    0.017215    0.029672   -0.027029
    0.022361   -0.033022    0.001686    0.003979
    0.022361   -0.021330    0.027689   -0.008829
    0.022361    0.031377   -0.008441   -0.035156
    0.022361    0.018756   -0.018748    0.026813
    0.022361   -0.016360   -0.021387    0.024276
    0.022361   -0.031742    0.012251   -0.002806
    0.022361   -0.020570   -0.027357   -0.010385
    0.022361    0.029674   -0.006415    0.019092
    0.022361   -0.024473   -0.024226   -0.015132
    0.022361   -0.000751   -0.024977    0.028590
    0.022361    0.025010   -0.019792    0.014326
    0.022361    0.002164    0.030439    0.019100
    0.022361   -0.030765    0.012517   -0.025826
    0.022361   -0.029964    0.016681   -0.015154
    0.022361   -0.026530   -0.021233   -0.000221
    0.022361    0.011596   -0.027148    0.018241
    0.022361    0.030790   -0.000244   -0.039767
    0.022361   -0.018270    0.023942    0.017830
    0.022361    0.006517   -0.033386    0.003148
    0.022361    0.028306   -0.010156    0.018835
    0.022361   -0.015978    0.017420    0.030114
    0.022361   -0.023978    0.025070   -0.022760
    0.022361    0.008548    0.034362   -0.018401
    0.022361   -0.001663   -0.030409    0.015999
    0.022361   -0.033277    0.007713   -0.019979
    0.022361   -0.011632   -0.026535    0.021428
    0.022361    0.014936    0.028498   -0.033611
    0.022361    0.025246   -0.016610    0.017803
    0.022361   -0.014932   -0.024882    0.019713
    0.022361   -0.004208   -0.034279    0.003297
    0.022361    0.035303   -0.002629   -0.004412
    0.022361   -0.020870   -0.026244   -0.001047
    0.022361    0.014532   -0.026502   -0.038258
    0.022361    0.019309    0.030912   -0.007723
    0.022361    0.033412   -0.001658   -0.031383
    0.022361    0.014900   -0.029189    0.010453
    0.022361   -0.019882    0.027498   -0.025719
    0.022361   -0.026853    0.023623   -0.013176
    0.022361   -0.015959   -0.030985   -0.017925
    0.022361   -0.008751    0.032743   -0.026623
    0.022361    0.025189   -0.020091    0.010672
    0.022361    0.001119    0.035231    0.001550
    0.022361    0.032396    0.014706   -0.015509
    0.022361    0.016056    0.031974   -0.011587
    0.022361   -0.029408    0.001371   -0.036785
    0.022361    0.014183   -0.032611   -0.007268
    0.022361    0.016922   -0.018713    0.028206
    0.022361    0.035651   -0.000775   -0.021365
    0.022361   -0.023322    0.022209   -0.030984
    0.022361    0.013872    0.032717   -0.004033
    0.022361   -0.023898    0.008032    0.028343
    0.022361   -0.025038    0.023797   -0.005800
    0.022361   -0.009164   -0.024711    0.025336
    0.022361   -0.031098    0.011367    0.003346
    0.022361    0.028590   -0.021349   -0.010890
    0.022361    0.030091    0.011820    0.013641
    0.022361    0.024354    0.023938    0.010921
    0.022361    0.027260   -0.023132   -0.016114
    0.022361    0.027550    0.023161   -0.012349
    0.022361    0.028191    0.013956    0.016764
    0.022361   -0.024653   -0.004873    0.025370
    0.022361   -0.029079    0.003439    0.019769
    0.022361    0.021581   -0.021629   -0.037014
    0.022361    0.019274    0.027520    0.008018
    0.022361   -0.030541    0.012845    0.007067
    0.022361   -0.029909    0.012972    0.005448
    0.022361    0.001635    0.034089   -0.025965
    0.022361    0.031050   -0.007176    0.013908
    0.022361    0.014267    0.031887    0.000868
    0.022361    0.010123   -0.012825   -0.059222
    0.022361   -0.014597   -0.029924    0.005544
    0.022361    0.029869    0.007119   -0.041493
    0.022361   -0.030198   -0.007741    0.012230
    0.022361   -0.022288    0.007545    0.030940
    0.022361    0.024834    0.009212    0.027567
    0.022361    0.023236    0.004355    0.032000
    0.022361   -0.031288    0.000787   -0.032152
    0.022361   -0.028421    0.004862   -0.039821
    0.022361   -0.009808    0.024520    0.025898
    0.022361    0.026708    0.022883   -0.000126
    0.022361   -0.003362   -0.032687   -0.030343
    0.022361   -0.012031    0.020491   -0.049953
    0.022361    0.009941    0.028449    0.020217
    0.022361   -0.010483    0.031435    0.011206
    0.022361   -0.004793   -0.027907    0.020072
    0.022361   -0.026679    0.012221    0.020697
    0.022361    0.016560    0.029477    0.007780
    0.022361   -0.001841   -0.021008   -0.054094
    0.022361    0.019951    0.017430   -0.049274
    0.022361    0.017906   -0.026781    0.014947
    0.022361    0.034424    0.006940    0.002505
    0.022361    0.026469   -0.000473    0.027654
    0.022361    0.030710   -0.016809   -0.010162
    0.022361    0.033853    0.012432   -0.003353
    0.022361    0.034080   -0.006637    0.004480
    0.022361   -0.026101    0.010088   -0.044363
    0.022361   -0.031689    0.008845   -0.026378
    0.022361    0.002088    0.028325    0.024963
    0.022361   -0.026101    0.011076    0.021286
    0.022361    0.029832   -0.004805   -0.040329
    0.022361    0.033184   -0.000027   -0.030866
    0.022361    0.029048    0.005293    0.022287
    0.022361    0.018186   -0.018808    0.026656
    0.022361   -0.018669   -0.019835   -0.042266
    0.022361    0.031006   -0.015724   -0.024540
    0.022361   -0.016133   -0.025399    0.017074
    0.022361    0.021613   -0.015257    0.025801
    0.022361   -0.016766    0.030572   -0.000541
    0.022361   -0.023541   -0.025677   -0.007629
    0.022361   -0.030033    0.007713   -0.033460
    0.022361   -0.009038    0.022588    0.030800
    0.022361    0.010957   -0.026816   -0.039834
    0.022361   -0.030864   -0.015898   -0.013389
    0.022361    0.022815   -0.026940   -0.010168
    0.022361    0.026997   -0.002088    0.026267
    0.022361    0.034810    0.004975    0.004278
    0.022361   -0.008534   -0.033085    0.004275
    0.022361   -0.024486    0.004127    0.027755
    0.022361    0.035147    0.007674   -0.004297
    0.022361    0.024108   -0.023030   -0.026641
    0.022361   -0.006916   -0.033370   -0.003538
    0.022361    0.025925    0.023347   -0.025529
    0.022361    0.010967    0.023569    0.028480
    0.022361   -0.009182    0.022500    0.030242
    0.022361   -0.016027    0.030644   -0.000514
    0.022361    0.017066    0.027750    0.013677
    0.022361    0.028442   -0.009513    0.021362
    0.022361   -0.022447   -0.021870    0.012079
    0.022361    0.032396    0.000077   -0.035084
    0.022361   -0.022534    0.013096    0.026247
    0.022361   -0.026098   -0.020225   -0.022456
    0.022361   -0.005206    0.032969   -0.026900
    0.022361   -0.013693    0.020508    0.028824
    0.022361    0.002216    0.024122    0.030455
    0.022361    0.022127   -0.022927    0.013651
    0.022361    0.034541   -0.006316   -0.022070
    0.022361   -0.003501    0.035042   -0.003848
    0.022361    0.000127   -0.034783   -0.018817
    0.022361   -0.019829    0.028719   -0.013133
    0.022361   -0.024427    0.000708   -0.049964
    0.022361   -0.014154   -0.029392    0.003783
    0.022361    0.024115    0.026354   -0.016429
    0.022361   -0.019514    0.016354    0.027337
    0.022361    0.008014    0.023950    0.029860
    0.022361    0.030543   -0.006494   -0.039303
    0.022361   -0.014378    0.031556   -0.005364
    0.022361    0.029744   -0.017912   -0.001364
    0.022361    0.021883    0.028001    0.001511
    0.022361   -0.024001   -0.019034    0.014922
    0.022361   -0.025152    0.002663    0.027605
    0.022361    0.025658   -0.025450   -0.011554
    0.022361   -0.000107    0.034939   -0.012911
    0.022361    0.014122   -0.031506    0.002637
    0.022361   -0.020430   -0.027669   -0.015934
    0.022361    0.027068    0.023918   -0.017267
    0.022361    0.007664   -0.024496   -0.047818
    0.022361   -0.027501   -0.007978   -0.038439
    0.022361    0.033464   -0.002123    0.008778
    0.022361   -0.033032    0.003205   -0.022496
    0.022361    0.007451    0.031790    0.012886
    0.022361   -0.028068    0.010991    0.018006
    0.022361   -0.025211   -0.021450    0.007449
    0.022361    0.004532    0.028016    0.023165
    0.022361    0.029881   -0.016815    0.006232
    0.022361   -0.028423    0.018552    0.002168
    0.022361   -0.005800    0.029734    0.018548
    0.022361   -0.017513    0.029479   -0.023084
    0.022361   -0.024859    0.019157   -0.035069
    0.022361   -0.032138   -0.011009   -0.000919
    0.022361   -0.003633   -0.031606    0.012354
    0.022361    0.028873    0.015971    0.013866
    0.022361   -0.005012    0.035127   -0.006766
    0.022361    0.011565   -0.027251    0.018757
    0.022361    0.030963    0.019118   -0.005945
    0.022361    0.017937   -0.024582    0.018599
    0.022361   -0.034274    0.004842   -0.004632
    0.022361   -0.005915   -0.033448    0.004402
    0.022361   -0.026836   -0.012312    0.018635
    0.022361    0.030427   -0.004176    0.018311
    0.022361    0.031892   -0.016031   -0.007983
    0.022361   -0.028909   -0.016598    0.001544
    0.022361   -0.026446    0.023241   -0.003889
    0.022361    0.000051   -0.032056    0.013491
    0.022361   -0.006132   -0.022187    0.030579
    0.022361   -0.007158   -0.023487    0.027374
    0.022361    0.030098   -0.018576   -0.014335
    0.022361    0.000956    0.033966    0.008089
    0.022361   -0.014969   -0.024031    0.021340
    0.022361   -0.029273    0.018919   -0.007518
    0.022361   -0.022679    0.027441   -0.005554
    0.022361   -0.000929    0.025317    0.028073
    0.022361    0.034440    0.011965   -0.012947
    0.022361   -0.024997    0.016967   -0.038211
    0.022361   -0.018237    0.027721    0.007504
    0.022361    0.022603   -0.007745    0.029836
    0.022361   -0.031524    0.008540    0.007153
    0.022361   -0.018829    0.029215    0.004123
    0.022361    0.026569   -0.011803    0.022208
    0.022361    0.025597    0.016819   -0.038654
    0.022361    0.034946   -0.004618   -0.014871
    0.022361   -0.010304   -0.016497   -0.056851
    0.022361   -0.030977   -0.004954    0.011003
    0.022361   -0.032175   -0.013561   -0.012140
    0.022361    0.029851    0.007558    0.018533
    0.022361   -0.030238   -0.001081   -0.034550
    0.022361   -0.017194   -0.030169   -0.004727
    0.022361    0.031129    0.002324    0.016697
    0.022361   -0.015835    0.030062    0.006487
    0.022361   -0.015978    0.031131   -0.020647
    0.022361    0.022091   -0.023650    0.012152
    0.022361    0.029824   -0.010381   -0.037365
    0.022361    0.003121    0.023418    0.030902
    0.022361    0.014625   -0.029345   -0.031362
    0.022361    0.028911   -0.006204    0.021279
    0.022361   -0.023879    0.023311    0.006424
    0.022361   -0.028844   -0.018906   -0.004294
    0.022361    0.031782   -0.014386    0.001806
    0.022361   -0.018052   -0.028673    0.002946
    0.022361   -0.030125   -0.015790    0.003297
    0.022361   -0.004388    0.028366   -0.040930
    0.022361    0.021389    0.018734    0.025223
    0.022361    0.035432   -0.005419   -0.006073
    0.022361    0.025528    0.022118    0.006318
    0.022361   -0.023115    0.017453    0.019579
    0.022361   -0.034519    0.005894   -0.011864
    0.022361    0.032437   -0.014168   -0.015612
    0.022361    0.012988    0.024501    0.023453
    0.022361    0.020051    0.029342   -0.004396
    0.022361   -0.028806   -0.011740    0.014709
    0.022361    0.036368   -0.002236   -0.006501
    0.022361   -0.026446   -0.022059   -0.009756
    0.022361    0.030726    0.018564    0.000811
    0.022361    0.035513    0.008556   -0.014232
    0.022361   -0.030271    0.015016   -0.003577
    0.022361    0.012825    0.033745   -0.017190
    0.022361   -0.015175   -0.028509    0.009408
    0.022361    0.007721    0.032345    0.010449
    0.022361    0.021619   -0.027150    0.003842
    0.022361   -0.016618   -0.030236   -0.018015
    0.022361   -0.031586    0.007863   -0.028222
    0.022361    0.015501   -0.026016    0.020232
    0.022361   -0.032164    0.013164   -0.008520
    0.022361   -0.025323   -0.022918   -0.002398
    0.022361    0.022771   -0.027292   -0.006194
    0.022361   -0.022209   -0.021153    0.014598
    0.022361    0.009933   -0.016855   -0.056451
    0.022361    0.024620    0.014215    0.023995
    0.022361   -0.023364   -0.005186    0.028352
    0.022361    0.033470   -0.004198    0.010902
    0.022361    0.003272    0.014474   -0.061683
    0.022361   -0.015942    0.030090   -0.028346
    0.022361    0.000832   -0.035031   -0.010490
    0.022361    0.012755    0.016824   -0.055311
    0.022361   -0.033311    0.000835   -0.020949
    0.022361    0.008538    0.029576    0.016953
    0.022361   -0.033580   -0.004760   -0.000579
    0.022361    0.033914   -0.006719    0.004959
    0.022361    0.026233    0.015919    0.018271
    0.022361    0.017112    0.023793    0.022651
    0.022361    0.003500    0.024587    0.029394
    0.022361    0.006094    0.032102    0.012062
    0.022361    0.026468    0.021382    0.006527
    0.022361   -0.011737   -0.030400   -0.029070
    0.022361   -0.026057   -0.003847    0.024348
    0.022361   -0.032588    0.010111    0.000772
    0.022361    0.000308    0.028464    0.023421
    0.022361    0.013278    0.022718    0.026497
    0.022361    0.032038    0.001180   -0.036703
    0.022361    0.027028    0.020205    0.010822
    0.022361    0.023074    0.023996    0.013416
    0.022361    0.035529    0.001377   -0.006329
    0.022361    0.032741    0.002115   -0.031678
    0.022361   -0.006022   -0.030801   -0.035234
    0.022361    0.034130    0.004400   -0.026729
    0.022361   -0.019795   -0.020314    0.021876
    0.022361   -0.003018    0.031432    0.014052
    0.022361    0.023588    0.005373    0.030535
    0.022361   -0.018939    0.025365   -0.032531
    0.022361   -0.016273    0.029759   -0.021760
    0.022361   -0.011851    0.026411   -0.041226
    0.022361    0.031217    0.009448    0.014491
    0.022361   -0.014753   -0.030702   -0.000387
    0.022361    0.019819    0.029906    0.000836
    0.022361    0.030624   -0.015573    0.004883
    0.022361    0.008928   -0.025729    0.025839
    0.022361   -0.021104    0.012840    0.027496
    0.022361   -0.007588   -0.033309   -0.005714
    0.022361   -0.033460   -0.004848   -0.003851
    0.022361    0.018855    0.029949    0.001840
    0.022361    0.023987   -0.022891    0.009015
    0.022361    0.032196   -0.003371    0.014671
    0.022361    0.021970    0.010961    0.031201
    0.022361   -0.015711    0.020059    0.029072
    0.022361   -0.028108    0.008035    0.018667
    0.022361    0.017970    0.016953    0.031117
    0.022361    0.005893   -0.023045    0.030361
    0.022361   -0.030412   -0.016896   -0.007928
    0.022361   -0.023051    0.008234    0.027350
    0.022361   -0.000043   -0.027519    0.024124
    0.022361    0.002662    0.035709   -0.004388
    0.022361   -0.026846    0.008479    0.022679
    0.022361    0.009111   -0.030735    0.014597
    0.022361   -0.022818   -0.019038   -0.038079
    0.022361    0.009372   -0.032758   -0.020153
    0.022361   -0.022825   -0.021966   -0.032633
    0.022361   -0.027075    0.014913    0.013710
    0.022361   -0.007919   -0.031614    0.009433
    0.022361    0.016587    0.018804    0.029022
    0.022361   -0.021225    0.026064    0.006542
    0.022361    0.032393   -0.015201   -0.015619
    0.022361   -0.023709    0.019946    0.016442
    0.022361   -0.025472   -0.020940   -0.024041
    0.022361    0.026224   -0.020414    0.008881
    0.022361   -0.002311   -0.032063    0.009972
    0.022361    0.030567    0.003454    0.020413
    0.022361    0.029436   -0.019839   -0.004847
    0.022361   -0.002148    0.034881   -0.009825
    0.022361   -0.026522    0.006632    0.023183
    0.022361   -0.026836    0.000303    0.023725
    0.022361    0.016674   -0.017052    0.030648
    0.022361    0.010679    0.030890    0.012429
    0.022361    0.034389    0.010273   -0.005377
    0.022361    0.012600    0.033323   -0.010650
    0.022361   -0.027185   -0.015074    0.014583
    0.022361   -0.005883   -0.026032   -0.044560
    0.022361   -0.021658    0.023814    0.013286
    0.022361   -0.012834    0.033232   -0.009602
    0.022361   -0.022963    0.002067    0.030092
    0.022361    0.017053   -0.020693    0.025221
    0.022361   -0.009776   -0.033697   -0.015606
    0.022361    0.029482   -0.018502   -0.021420
    0.022361    0.033818   -0.008138    0.002176
    0.022361   -0.016396    0.024492    0.019977
    0.022361   -0.032620    0.011727   -0.003824
    0.022361    0.031562   -0.000833    0.015972
    0.022361   -0.013948    0.032585   -0.004120
    0.022361   -0.024865   -0.010774    0.023475
    0.022361    0.034477    0.007701    0.003451
    0.022361   -0.026687    0.019200   -0.026234
    0.022361   -0.026659    0.012955    0.018608
    0.022361    0.034546    0.007685   -0.016010
    0.022361    0.030935    0.016917   -0.003131
    0.022361   -0.014824    0.025068    0.020377
    0.022361    0.024012    0.026668    0.003285
    0.022361    0.025132   -0.021853    0.008113
    0.022361   -0.027137    0.010154    0.020852
    0.022361    0.016952    0.020809    0.026711
    0.022361   -0.017565   -0.017180    0.026384
    0.022361   -0.010378   -0.024265    0.025204
    0.022361    0.026779    0.004832    0.026634
    0.022361   -0.003315   -0.029110    0.020892
    0.022361   -0.020646   -0.027450   -0.016177
    0.022361    0.022009   -0.027851   -0.012613
    0.022361   -0.011189   -0.013465   -0.056234
    0.022361    0.017353    0.021343    0.025736
    0.022361    0.018315   -0.021599    0.023649
    0.022361    0.000187    0.027993    0.025006
    0.022361   -0.016913    0.031570   -0.009293
    0.022361   -0.029384    0.019034   -0.012393
    0.022361    0.007429    0.029799   -0.039593
    0.022361    0.003320   -0.034533   -0.007559
    0.022361    0.030089    0.004467    0.020416
    0.022361   -0.022914    0.009437    0.028270
    0.022361    0.014745   -0.032037   -0.000496
    0.022361    0.015773    0.000571   -0.060931
    0.022361   -0.003496    0.033436    0.005006
    0.022361   -0.029122   -0.009378    0.014223
    0.022361    0.006127    0.028035   -0.044218
    0.022361   -0.029846   -0.002386    0.017770
    0.022361   -0.025742   -0.009348    0.022769
    0.022361    0.009210    0.030373    0.014577
    0.022361   -0.004073   -0.033699   -0.025956
    0.022361   -0.020664    0.016554    0.025170
    0.022361   -0.019514   -0.025566   -0.033043
    0.022361   -0.028396   -0.009583    0.017712
    0.022361    0.024224    0.021132   -0.034990
    0.022361   -0.033912    0.003777   -0.017880
    0.022361    0.014589    0.029193    0.015063
    0.022361    0.030181    0.017460   -0.027224
    0.022361    0.020040   -0.025039   -0.030272
    0.022361    0.032297   -0.004470   -0.035002
    0.022361    0.023826   -0.021181    0.015512
    0.022361   -0.016373   -0.029313   -0.024303
    0.022361   -0.033393   -0.006018   -0.008007
    0.022361   -0.029833    0.014376   -0.024042
    0.022361   -0.007317   -0.030977    0.013248
    0.022361   -0.000501    0.029973    0.017355
    0.022361    0.031505    0.016147   -0.020317
    0.022361   -0.010054    0.031759    0.008396
    0.022361   -0.034174    0.004070   -0.010014
    0.022361   -0.017745   -0.019764    0.026060
    0.022361   -0.019912    0.012043    0.029651
    0.022361    0.034896    0.005561   -0.015965
    0.022361   -0.026222    0.019767   -0.028170
    0.022361   -0.003647    0.032092   -0.033249
    0.022361   -0.004215   -0.033340    0.003026
    0.022361   -0.006696    0.020159   -0.054351
    0.022361   -0.026230   -0.003024    0.024053
    0.022361   -0.025983   -0.018014    0.010606
    0.022361   -0.005589   -0.032377    0.005865
    0.022361   -0.003892   -0.032549    0.008787
    0.022361    0.007520    0.034209   -0.000930
    0.022361   -0.025781    0.022601    0.002862
    0.022361    0.021998    0.020592   -0.042657
    0.022361    0.026997    0.008676    0.024133
    0.022361    0.014610    0.024857    0.022012
    0.022361    0.002922   -0.032718   -0.029185
    0.022361   -0.029188   -0.008169    0.017379
    0.022361    0.004697   -0.031728    0.011816
    0.022361   -0.020730   -0.011718    0.028445
    0.022361    0.002471   -0.029969    0.017616
    0.022361    0.034423    0.008349   -0.003604
    0.022361    0.007953    0.035398   -0.011619
    0.022361    0.034117    0.011552   -0.011839
    0.022361    0.017193    0.031493   -0.014157
    0.022361    0.011946    0.032448    0.005366
    0.022361    0.003642   -0.034888   -0.018893
    0.022361   -0.033201    0.008516   -0.010390
    0.022361    0.007553   -0.025304    0.026221
    0.022361    0.029962   -0.013372    0.011410
    0.022361   -0.015621    0.023433    0.022189
    0.022361    0.031431   -0.004203    0.016184
    0.022361    0.029252   -0.020409   -0.012555
    0.022361   -0.007672   -0.033247   -0.002307
    0.022361    0.012390    0.032854   -0.020557
    0.022361   -0.002502    0.031186    0.017427
    0.022361   -0.000741   -0.024033    0.028675
    0.022361   -0.032561    0.011964   -0.014485
    0.022361    0.022414   -0.024392    0.010218
    0.022361   -0.013579    0.031840   -0.006404
    0.022361   -0.027476    0.015779    0.014006
    0.022361    0.032168    0.013693   -0.022088
    0.022361    0.035717    0.001814   -0.000253
    0.022361   -0.029581   -0.013555   -0.026522
    0.022361    0.011731   -0.031446    0.003466
    0.022361    0.033493    0.013939   -0.016323
    0.022361   -0.029152   -0.019084   -0.009135
    0.022361    0.023678   -0.018965    0.020237
    0.022361   -0.002357    0.030646    0.019575
    0.022361   -0.011005    0.024486    0.025565
    0.022361   -0.016384   -0.017398    0.029682
    0.022361    0.029710   -0.013292    0.014356
    0.022361    0.010840    0.022017    0.030282
    0.022361   -0.004645    0.034569   -0.020119
    0.022361   -0.031377   -0.011189   -0.021036
    0.022361    0.018239   -0.028504   -0.027605
    0.022361   -0.005485    0.034708    0.002289
    0.022361   -0.004790   -0.032828   -0.025527
    0.022361    0.009083    0.028470    0.020539
    0.022361   -0.007929   -0.029202    0.016773
    0.022361    0.005193   -0.030259    0.016291
    0.022361   -0.005027   -0.029613    0.017352
    0.022361   -0.020960    0.013351   -0.049443
    0.022361    0.032074    0.006007    0.011387
    0.022361   -0.015971    0.018162    0.029064
    0.022361    0.019932   -0.021588   -0.040578
    0.022361    0.009362   -0.029078    0.017189
    0.022361   -0.033964   -0.004632   -0.006483
    0.022361    0.032093   -0.009365    0.010020
    0.022361   -0.006585   -0.017163   -0.055341
    0.022361   -0.008041    0.030644    0.013856
    0.022361    0.014765   -0.006759   -0.060063
    0.022361    0.009158    0.034489   -0.008128
    0.022361    0.006204    0.024140    0.028116
    0.022361   -0.029815   -0.014759    0.000995
    0.022361   -0.019886   -0.024826   -0.030209
    0.022361   -0.014281    0.031319   -0.023850
    0.022361    0.005724   -0.027991    0.020085
    0.022361   -0.002085   -0.023680    0.028340
    0.022361    0.032037   -0.005680    0.012664
    0.022361    0.033299   -0.007179    0.009985
    0.022361   -0.015040    0.022637    0.024988
    0.022361    0.028408    0.012540    0.017057
    0.022361   -0.033745    0.005697   -0.009072
    0.022361   -0.031721    0.003780   -0.031606
    0.022361   -0.027662    0.014095    0.014695
    0.022361    0.008794    0.029755    0.017375
    0.022361   -0.022298    0.015786    0.024990
    0.022361    0.015936    0.032050   -0.002921
    0.022361    0.027975   -0.020548   -0.002498
    0.022361   -0.006004    0.029616    0.020597
    0.022361   -0.001994   -0.031878   -0.030642
    0.022361    0.018420    0.026288    0.013296
    0.022361   -0.008038    0.033552    0.005539
    0.022361    0.029353    0.012039   -0.036409
    0.022361   -0.010356   -0.033142   -0.012170
    0.022361    0.009114   -0.032641    0.001505
    0.022361    0.009828   -0.034070   -0.006012
    0.022361   -0.032606   -0.002772    0.006639
    0.022361   -0.027867    0.002545    0.021686
    0.022361   -0.027926   -0.020590   -0.007445
    0.022361   -0.005113   -0.028542    0.020441
    0.022361    0.019007   -0.018526    0.025991
    0.022361    0.030765   -0.017809   -0.014410
    0.022361   -0.024180   -0.024408   -0.004406
    0.022361    0.015946   -0.027573    0.013963
    0.022361   -0.010306   -0.028475    0.016919
    0.022361    0.026468   -0.020829    0.006467
    0.022361   -0.032106   -0.007937    0.006560
    0.022361    0.010997   -0.024431    0.025385
    0.022361   -0.023149   -0.011329   -0.046046
    0.022361   -0.024563   -0.021046    0.011660
    0.022361    0.031115   -0.015785   -0.018371
    0.022361   -0.012964   -0.032056   -0.021523
    0.022361   -0.024756   -0.020905    0.007454
    0.022361    0.035153   -0.001836   -0.005311
    0.022361   -0.012535    0.024171    0.024272
    0.022361    0.014401    0.032924   -0.013594
    0.022361    0.012914   -0.031898    0.003322
    0.022361   -0.007375    0.034963   -0.007346
    0.022361    0.022991    0.024724    0.007508
    0.022361   -0.033713   -0.006258   -0.005203
    0.022361    0.032526    0.000959   -0.035846
    0.022361   -0.008917   -0.023727    0.027599
    0.022361   -0.021129    0.024027    0.010609
    0.022361    0.023928    0.009761    0.027873
    0.022361   -0.031745    0.008208    0.004916
    0.022361   -0.027281    0.021166    0.000104
    0.022361    0.033891   -0.010475   -0.019541
    0.022361    0.034305    0.012154   -0.010532
    0.022361   -0.029450    0.009502   -0.036740
    0.022361   -0.029398   -0.014166    0.006957
    0.022361    0.000332   -0.028409    0.022177
    0.022361   -0.029995    0.014174    0.002187
    0.022361    0.020931   -0.015468    0.027473
    0.022361   -0.010831    0.032423   -0.022555
    0.022361   -0.007857   -0.030459   -0.033403
    0.022361    0.005765   -0.034493   -0.001224
    0.022361    0.029277    0.008633    0.018290
    0.022361   -0.029290   -0.002897    0.017816
    0.022361    0.010085    0.030145    0.013475
    0.022361    0.026966   -0.015137   -0.039756
    0.022361   -0.029734    0.017092    0.001947
    0.022361   -0.008687   -0.026392   -0.042037
    0.022361   -0.016616    0.026480    0.014830
    0.022361    0.004375    0.025394    0.027608
    0.022361   -0.018225   -0.000597   -0.057173
    0.022361    0.014208    0.024429   -0.042559
    0.022361    0.010373   -0.020860    0.030907
    0.022361    0.022707    0.011797   -0.048597
    0.022361    0.007262   -0.030611    0.014867
    0.022361    0.006175   -0.029947    0.018255
    0.022361    0.014811   -0.020970    0.026527
    0.022361    0.034279    0.006560    0.002982
    0.022361    0.008987   -0.032907   -0.022566
    0.022361   -0.030696   -0.012907   -0.021726
    0.022361    0.010355    0.033765    0.001576
    0.022361   -0.008482    0.034100   -0.022502
    0.022361    0.012533    0.034279   -0.009185
    0.022361    0.032378   -0.007589    0.008476
    0.022361    0.028530    0.017879    0.011283
    0.022361    0.032826   -0.009513   -0.029744
    0.022361    0.034210    0.010268   -0.021624
    0.022361   -0.033645   -0.004241    0.000912
    0.022361   -0.016866    0.027018    0.013783
    0.022361    0.032482   -0.012932   -0.004909
    0.022361    0.031080    0.016253    0.006070
    0.022361    0.005871   -0.023583   -0.050474
    0.022361    0.024727    0.015139    0.021676
    0.022361   -0.025475    0.021639    0.001653
    0.022361    0.034105   -0.009246   -0.013971
    0.022361   -0.022684    0.027062   -0.004065
    0.022361    0.005652   -0.034132   -0.007008
    0.022361    0.030449    0.014790    0.007034
    0.022361    0.026924    0.019637    0.010414
    0.022361   -0.015295   -0.021956    0.022921
    0.022361   -0.029367    0.019057    0.000872
    0.022361   -0.024410   -0.010094    0.026388
    0.022361    0.002853    0.022069   -0.052984
    0.022361    0.031817   -0.001867   -0.035500
    0.022361   -0.022526    0.000831    0.030106
    0.022361    0.017670    0.031234   -0.007724
    0.022361   -0.025801    0.016657    0.015420
    0.022361   -0.014652   -0.023676   -0.042209
    0.022361    0.027747   -0.019947    0.005897
    0.022361   -0.009300   -0.022777    0.027847
    0.022361    0.004228    0.025647    0.027878
    0.022361    0.032528    0.013380   -0.021463
    0.022361   -0.033380    0.003090   -0.000142
    0.022361   -0.029734   -0.011020    0.011688
    0.022361   -0.010676   -0.032547    0.005963
    0.022361   -0.004588    0.034905    0.000552
    0.022361   -0.023791    0.025391   -0.010193
    0.022361   -0.012231   -0.025006    0.021839
    0.022361   -0.025865   -0.022007   -0.005897
    0.022361   -0.032525   -0.011612   -0.007630
    0.022361   -0.024859    0.023930   -0.017807
    0.022361    0.032553   -0.013699   -0.017627
    0.022361   -0.014177   -0.027984    0.014288
    0.022361   -0.005190   -0.027939    0.021136
    0.022361   -0.007427   -0.034063   -0.003866
    0.022361   -0.016775   -0.012432   -0.053657
    0.022361   -0.027142   -0.012165    0.018437
    0.022361    0.031442    0.009557    0.011028
    0.022361   -0.003746   -0.026006    0.026094
    0.022361    0.027453    0.009627    0.021516
    0.022361    0.034890    0.004583    0.006485
    0.022361    0.007601    0.035350   -0.010846
    0.022361    0.024422   -0.007390    0.029394
    0.022361   -0.028115   -0.002565   -0.043222
    0.022361    0.026007    0.025014   -0.017737
    0.022361    0.033145    0.002697    0.012848
    0.022361   -0.004265   -0.028028    0.022550
    0.022361   -0.018433   -0.018992    0.024827
    0.022361   -0.033495    0.003417    0.001939
    0.022361   -0.003788   -0.034591   -0.017466
    0.022361    0.013858   -0.031089   -0.024772
    0.022361   -0.000178    0.031778    0.015952
    0.022361   -0.024033   -0.004065    0.028295
    0.022361   -0.024861   -0.016358    0.016402
    0.022361    0.024291    0.005904    0.030832
    0.022361    0.032296   -0.000882   -0.035078
    0.022361   -0.032745    0.004439   -0.023959
    0.022361   -0.023697   -0.005845    0.028816
    0.022361    0.006790    0.034592   -0.016825
    0.022361    0.030332    0.016533   -0.024541
    0.022361   -0.022167   -0.010708   -0.048966
    0.022361    0.035027   -0.000473    0.003266
    0.022361    0.000785   -0.034480    0.002946
    0.022361    0.028220   -0.016649    0.009441
    0.022361    0.033432   -0.007887    0.002590
    0.022361   -0.006197   -0.023197    0.029420
    0.022361   -0.018621    0.030065   -0.001877
    0.022361   -0.018266    0.023388   -0.039333
    0.022361    0.033992   -0.000822    0.006537
    0.022361   -0.031178   -0.012718   -0.016851
    0.022361   -0.021196   -0.027201    0.000932
    0.022361    0.008230   -0.032989   -0.024402
    0.022361    0.028496   -0.003972    0.023566
    0.022361   -0.015418    0.031597    0.001364
    0.022361    0.033318   -0.009682    0.001273
    0.022361   -0.010994    0.033903   -0.005115
    0.022361    0.001998    0.029189   -0.041576
    0.022361    0.029093   -0.019081   -0.024272
    0.022361    0.017931   -0.029855    0.001804
    0.022361   -0.001870   -0.026169    0.025617
    0.022361    0.022866   -0.014730    0.025881
    0.022361   -0.005501   -0.030975    0.015592
    0.022361   -0.033153   -0.008598   -0.000569
    0.022361    0.025095   -0.016559    0.018337
    0.022361    0.010494    0.030075    0.016760
    0.022361    0.007670   -0.031667   -0.030097
    0.022361    0.010237   -0.030704    0.011756
    0.022361    0.031464    0.012234    0.007062
    0.022361   -0.011566    0.033927   -0.010365
    0.022361    0.020069    0.013906    0.031183
    0.022361    0.002003   -0.025645    0.026225
    0.022361   -0.025828   -0.022468   -0.012844
    0.022361   -0.033050    0.005236    0.001559
    0.022361    0.029538    0.017080    0.007869
    0.022361    0.019968   -0.014138    0.029010
    0.022361    0.028226    0.002937    0.024714
    0.022361    0.030908    0.010383    0.013369
    0.022361    0.023792    0.026001   -0.005143
    0.022361    0.034576   -0.005735   -0.003387
    0.022361    0.003244    0.023983    0.031648
    0.022361   -0.024505   -0.015310    0.020833
    0.022361   -0.001337    0.035551   -0.004876
    0.022361   -0.017199    0.029534    0.004329
    0.022361    0.024692   -0.002979    0.029475
    0.022361    0.020309    0.021315    0.021602
    0.022361   -0.029296   -0.000251   -0.038454
    0.022361    0.000219   -0.027680   -0.043004
    0.022361    0.022669   -0.026130    0.001247
    0.022361    0.013727    0.032026   -0.021520
    0.022361    0.023982    0.026930   -0.007621
    0.022361   -0.020503   -0.018514   -0.041208
    0.022361   -0.022002   -0.009482    0.029733
    0.022361    0.006103    0.024386    0.029432
    0.022361   -0.024342   -0.018886    0.014017
    0.022361   -0.024736   -0.023515   -0.001210
    0.022361    0.031391    0.015109    0.004298
    0.022361   -0.029245    0.002785    0.018714
    0.022361    0.023018    0.027716   -0.006277
    0.022361    0.013545    0.032514    0.002820
    0.022361   -0.029671   -0.005026   -0.034137
    0.022361   -0.034527    0.003135   -0.006347
    0.022361    0.028936    0.014533    0.011524
    0.022361    0.009222    0.030527   -0.032662
    0.022361   -0.008397   -0.022390    0.029456
    0.022361    0.029196    0.002528    0.021963
    0.022361    0.034064    0.000759    0.009599
    0.022361    0.012227   -0.021540    0.028686
    0.022361   -0.002719    0.034836   -0.002510
    0.022361   -0.004416   -0.034227   -0.000878
    0.022361    0.018403    0.030173   -0.012996
    0.022361   -0.013942    0.021906    0.028272
    0.022361    0.004363   -0.032012    0.010840
    0.022361    0.032024    0.008974    0.009976
    0.022361   -0.031854   -0.010149    0.000550
    0.022361    0.025631   -0.021561    0.007177
    0.022361   -0.028111   -0.004340    0.021656
    0.022361    0.027641    0.017957    0.014540
    0.022361   -0.012622    0.032887   -0.017063
    0.022361   -0.004170    0.029308    0.019802
    0.022361   -0.020346    0.024304   -0.031747
    0.022361    0.019894   -0.005360   -0.054114
    0.022361   -0.023294    0.009528    0.028016
    0.022361    0.029635    0.018925    0.002494
    0.022361    0.019147   -0.028215    0.002972
    0.022361    0.031529   -0.008799    0.013633
    0.022361    0.032330   -0.013479   -0.001437
    0.022361   -0.005663    0.030090   -0.039280
    0.022361    0.029974   -0.016702   -0.024724
    0.022361   -0.002585    0.034514   -0.021586
    0.022361    0.017139   -0.023568    0.021923
    0.022361   -0.008675    0.026253    0.024855
    0.022361    0.011530    0.027845    0.020200
    0.022361   -0.028716   -0.016731    0.003916
    0.022361    0.035310    0.004346   -0.002619
    0.022361    0.030657   -0.005344    0.019170
    0.022361    0.029626    0.016150   -0.030747
    0.022361    0.035141    0.008325   -0.015820
    0.022361   -0.022467    0.015970    0.023500
    0.022361   -0.007595   -0.026774    0.022390
    0.022361   -0.019258   -0.019475    0.023993
    0.022361   -0.027166   -0.006959    0.021992
    0.022361   -0.005040    0.015581   -0.060420
    0.022361    0.012087    0.027250    0.020654
    0.022361    0.004289   -0.034214   -0.011472
    0.022361   -0.010472    0.031520    0.009384
    0.022361    0.002943   -0.031318    0.013177
    0.022361   -0.002652   -0.030593    0.015578
    0.022361   -0.017347   -0.028012    0.009875
    0.022361   -0.019020    0.029297   -0.013445
    0.022361    0.017932   -0.019965    0.025579
    0.022361   -0.025123   -0.016488   -0.035840
    0.022361   -0.014969    0.021006    0.027762
    0.022361    0.030802   -0.011269    0.009091
    0.022361    0.006749    0.023842    0.030286
    0.022361   -0.020993    0.028477   -0.003465
    0.022361    0.033538   -0.005534   -0.023615
    0.022361   -0.022433   -0.000998    0.030269
    0.022361    0.010743   -0.032227   -0.023122
    0.022361    0.028101    0.004589    0.025028
    0.022361   -0.027081    0.018759    0.007352
    0.022361   -0.005795    0.026862    0.024472
    0.022361   -0.023002   -0.018663    0.017298
    0.022361    0.023999   -0.024651    0.000621
    0.022361   -0.005463   -0.022985    0.030529
    0.022361   -0.005508   -0.031815    0.011043
    0.022361    0.033109   -0.006815   -0.028874
    0.022361    0.034709    0.004637    0.006314
    0.022361   -0.011580   -0.024218    0.025922
    0.022361   -0.018998    0.024451    0.016088
    0.022361    0.004006    0.024518    0.029817
    0.022361    0.014269   -0.026732    0.018913
    0.022361    0.006391    0.034674   -0.009074
    0.022361   -0.012342    0.026853    0.019172
    0.022361   -0.032595    0.013078   -0.010078
    0.022361    0.036317   -0.002045   -0.013231
    0.022361   -0.031865   -0.010363    0.005590
    0.022361    0.024723   -0.026001   -0.005452
    0.022361   -0.007513    0.035098   -0.008660
    0.022361   -0.020438   -0.018548    0.021904
    0.022361    0.016629   -0.018150   -0.048541
    0.022361    0.004050    0.028411   -0.042807
    0.022361   -0.033637   -0.001836   -0.022330
    0.022361   -0.009213    0.031214    0.014488
    0.022361    0.013738   -0.023785   -0.042274
    0.022361    0.005663    0.035547   -0.007238
    0.022361   -0.031426    0.014340    0.001324
    0.022361    0.010681   -0.031002    0.012283
    0.022361   -0.005638   -0.033451    0.001724
    0.022361    0.018362    0.000738   -0.057748
    0.022361   -0.007251   -0.022853    0.028638
    0.022361    0.010342   -0.031888    0.005213
    0.022361    0.032677   -0.014104   -0.012009
    0.022361    0.032786   -0.001739    0.013315
    0.022361   -0.016285    0.030863   -0.013715
    0.022361   -0.005208   -0.033531    0.004461
    0.022361    0.024522    0.006898    0.029188
    0.022361    0.013931   -0.029865    0.008438
    0.022361    0.032790    0.013133    0.001689
    0.022361   -0.025733    0.022443   -0.001414
    0.022361    0.034608   -0.000463    0.004499
    0.022361   -0.021113    0.026651   -0.019099
    0.022361   -0.033106   -0.000163   -0.022021
    0.022361    0.008895    0.026912    0.024515
    0.022361    0.022776   -0.022229   -0.034541
    0.022361    0.011425   -0.029838    0.011287
    0.022361   -0.001733   -0.028663    0.019750
    0.022361    0.033172    0.013635   -0.016482
    0.022361   -0.027503   -0.015165    0.009063
    0.022361    0.028397   -0.018120   -0.028021
    0.022361    0.022862    0.005107   -0.052981
    0.022361    0.030331   -0.019219   -0.008325
    0.022361   -0.028414   -0.005524    0.018580
    0.022361    0.019168   -0.028976   -0.007148
    0.022361   -0.006104   -0.026324    0.022706
    0.022361   -0.018499   -0.026241    0.010830
    0.022361    0.028694    0.012400    0.018277
    0.022361    0.032535    0.013343    0.004376
    0.022361   -0.031364    0.005186   -0.032849
    0.022361   -0.026763    0.002247    0.025403
    0.022361   -0.032361   -0.009171    0.004014
    0.022361   -0.017208    0.024198   -0.039061
    0.022361   -0.001484   -0.024150    0.028174
    0.022361   -0.012409   -0.028580   -0.031209
    0.022361   -0.010487   -0.031279    0.009426
    0.022361    0.025019    0.024858   -0.001662
    0.022361    0.013289    0.019769    0.031311
    0.022361   -0.021791    0.025014    0.006170
    0.022361   -0.017374    0.015367    0.030648
    0.022361    0.008494    0.034227   -0.007951
    0.022361   -0.032875    0.001835    0.003183
    0.022361    0.016379    0.026891    0.017417
    0.022361   -0.010888    0.033667   -0.000440
    0.022361    0.000250    0.033733    0.006731
    0.022361    0.004956    0.035144   -0.018630
    0.022361    0.025266    0.024909    0.003660
    0.022361   -0.032328    0.011102   -0.015112
    0.022361   -0.014560   -0.031078   -0.013351
    0.022361   -0.027434   -0.004452    0.020445
    0.022361    0.031418   -0.007216    0.014280
    0.022361    0.035311   -0.001749   -0.011630
    0.022361    0.031989   -0.013875   -0.023499
    0.022361   -0.014330    0.031409   -0.017691
    0.022361    0.005094   -0.022952   -0.051417
    0.022361   -0.030255    0.012484    0.009029
    0.022361   -0.003998   -0.032011    0.012347
    0.022361   -0.028641    0.004697   -0.040007
    0.022361   -0.022887   -0.007604    0.028660
    0.022361    0.024050    0.017790    0.021020
    0.022361    0.027347   -0.021766   -0.019652
    0.022361   -0.014985    0.025819    0.020390
    0.022361   -0.025646    0.007276    0.025707
    0.022361    0.028339    0.006755    0.022386
    0.022361   -0.028529   -0.018509    0.003082
    0.022361    0.002150    0.034245    0.008284
    0.022361    0.003001   -0.032463   -0.029392
    0.022361    0.022676    0.026064    0.007248
    0.022361    0.003142    0.034932   -0.018122
    0.022361   -0.026176   -0.012099    0.018360
    0.022361   -0.012167   -0.031748   -0.004573
    0.022361   -0.023606   -0.011382    0.025407
    0.022361    0.015642    0.022286    0.025967
    0.022361   -0.003743   -0.030500   -0.036799
    0.022361   -0.021590   -0.025296    0.005590
    0.022361   -0.023688    0.023609   -0.024477
    0.022361   -0.027597    0.008720   -0.039352
    0.022361   -0.026624    0.010740    0.021006
    0.022361    0.007755   -0.032265    0.005392
    0.022361   -0.003249   -0.032229    0.010160
    0.022361   -0.025326   -0.012201   -0.042747
    0.022361    0.025719   -0.023408   -0.015492
    0.022361    0.020574   -0.010753   -0.050946
    0.022361   -0.010834    0.027440    0.019540
    0.022361    0.014090    0.021964    0.027905
    0.022361   -0.010692   -0.025714   -0.042574
    0.022361    0.033917   -0.011965   -0.011812
    0.022361    0.008960    0.029278    0.019905
    0.022361   -0.031208    0.012736   -0.004334
    0.022361   -0.021499   -0.023638    0.010111
    0.022361   -0.028040    0.020784   -0.012508
    0.022361    0.013245    0.032808   -0.004157
    0.022361    0.014440   -0.018424   -0.052927
    0.022361    0.014591   -0.019540    0.029000
    0.022361   -0.014575   -0.010868   -0.056685
    0.022361   -0.007660   -0.033064    0.001540
    0.022361    0.025606   -0.007155    0.027373
    0.022361   -0.009169    0.032699    0.006638
    0.022361    0.010505   -0.020931    0.030478
    0.022361    0.009755   -0.032859    0.002281
    0.022361    0.020038    0.021610    0.019996
    0.022361   -0.023740   -0.008385    0.026775
    0.022361   -0.020805   -0.027158   -0.017194
    0.022361    0.035618    0.001809   -0.007762
    0.022361    0.033030   -0.002340    0.008964
    0.022361    0.023770    0.022828    0.010186
    0.022361   -0.015843    0.030956    0.002884
    0.022361   -0.025857   -0.022944   -0.014151
    0.022361   -0.006512    0.032951   -0.028013
    0.022361    0.035329    0.000249   -0.016354
    0.022361   -0.013789   -0.031204   -0.014227
    0.022361   -0.018398    0.023851    0.017616
    0.022361    0.019375    0.021825    0.022451
    0.022361   -0.026973   -0.018843    0.007192
    0.022361    0.022536    0.008745   -0.051949
    0.022361    0.028193    0.017819   -0.028694
    0.022361   -0.005376   -0.031302   -0.031873
    0.022361   -0.012220   -0.032235    0.000817
    0.022361   -0.019009   -0.028242   -0.014908
    0.022361    0.023380   -0.024092   -0.024677
    0.022361    0.022380    0.010901    0.027813
    0.022361    0.033069    0.013886   -0.002819
    0.022361   -0.019616    0.023389    0.016500
    0.022361   -0.010349    0.029929    0.012370
    0.022361    0.006321    0.035423   -0.011999
    0.022361   -0.018047    0.030332   -0.008117
    0.022361   -0.032634    0.007898   -0.018256
    0.022361   -0.028963   -0.005271    0.017274
    0.022361   -0.027735   -0.014821    0.013274
    0.022361    0.025760    0.001576    0.027091
    0.022361    0.004468    0.025311    0.028300
    0.022361    0.008501    0.032516    0.008536
    0.022361   -0.013281    0.029630   -0.032866
    0.022361   -0.004780   -0.022763   -0.052374
    0.022361   -0.028037    0.018690    0.003118
    0.022361   -0.007410    0.025129    0.027132
    0.022361   -0.019976   -0.025408    0.010037
    0.022361   -0.028449   -0.016413   -0.029578
    0.022361    0.031245   -0.010950    0.011635
    0.022361   -0.011378   -0.031954    0.002285
    0.022361   -0.030965    0.004691    0.014676
    0.022361    0.017735   -0.028397   -0.023797
    0.022361    0.003602   -0.033653   -0.019534
    0.022361    0.034718   -0.008301   -0.011245
    0.022361    0.020081    0.029994   -0.017715
    0.022361    0.002415    0.028153    0.024577
    0.022361    0.021816   -0.027599   -0.009726
    0.022361   -0.031064    0.004422    0.011734
    0.022361   -0.029424   -0.009159   -0.033735
    0.022361   -0.018385    0.017624    0.028515
    0.022361   -0.022930   -0.022538   -0.029679
    0.022361    0.035504   -0.004145   -0.006898
    0.022361   -0.017510   -0.013610    0.031281
    0.022361    0.015219    0.029446   -0.029633
    0.022361   -0.032802   -0.010155   -0.003684
    0.022361   -0.010772    0.032112   -0.026172
    0.022361   -0.008865   -0.024941    0.025940
    0.022361   -0.028108    0.007158    0.020012
    0.022361   -0.031815    0.001165    0.012021
    0.022361    0.028102    0.013735   -0.038295
    0.022361   -0.012036    0.023076    0.028156
    0.022361    0.029980   -0.017206   -0.020726
    0.022361   -0.023870   -0.000989    0.028798
    0.022361    0.034647    0.010763   -0.008257
    0.022361    0.018925    0.028890   -0.025139
    0.022361   -0.033384   -0.007110   -0.001187
    0.022361   -0.033482    0.001829   -0.019144
    0.022361   -0.007322   -0.033396    0.004117
    0.022361   -0.034667   -0.000631   -0.003502
    0.022361    0.015145    0.026826    0.019046
    0.022361   -0.013692   -0.029128    0.011335
    0.022361   -0.025661   -0.004123    0.024759
    0.022361   -0.004551   -0.029047    0.020470
    0.022361   -0.031768   -0.011615   -0.006899
    0.022361    0.018122    0.030127    0.000647
    0.022361    0.029442   -0.019243   -0.016966
    0.022361   -0.023437   -0.005526   -0.047673
    0.022361   -0.006998   -0.033412   -0.018084
    0.022361   -0.034221    0.002823   -0.015955
    0.022361    0.027892    0.002498    0.024499
    0.022361    0.033618    0.013468   -0.003948
    0.022361    0.022153    0.026271    0.006169
    0.022361   -0.027860   -0.018879   -0.016004
    0.022361    0.000627   -0.023670    0.028767
    0.022361    0.028734   -0.004380    0.022572
    0.022361   -0.020732    0.012984    0.029439
    0.022361   -0.021733   -0.024842    0.005612
    0.022361   -0.030470   -0.005343    0.014779
    0.022361   -0.032643   -0.009040   -0.001572
    0.022361   -0.033028    0.008036   -0.009213
    0.022361    0.011386    0.033154    0.003658
    0.022361    0.030887   -0.017574    0.001875
    0.022361   -0.014760    0.021214    0.026690
    0.022361    0.028688    0.022153   -0.004068
    0.022361    0.020948    0.029115   -0.018556
    0.022361   -0.005060   -0.027638    0.022477
    0.022361    0.023296   -0.020672   -0.035539
    0.022361    0.019846    0.017800    0.026914
    0.022361    0.007321    0.022340    0.030133
    0.022361    0.030442   -0.014570    0.009806
    0.022361   -0.024843    0.021964   -0.029412
    0.022361    0.020539   -0.024236   -0.033446
    0.022361   -0.033274    0.003857   -0.001394
    0.022361    0.023964   -0.024669    0.000362
    0.022361   -0.033455    0.002724   -0.003400
    0.022361    0.032169   -0.010137    0.006910
    0.022361   -0.016788   -0.020376    0.025325
    0.022361    0.007428    0.034954   -0.012056
    0.022361   -0.010718    0.028618   -0.038325
    0.022361   -0.016830    0.029804    0.003212
    0.022361   -0.016622    0.021792    0.024814
    0.022361    0.023023    0.004694   -0.052101
    0.022361    0.018591    0.023946    0.018746
    0.022361   -0.006291    0.035076   -0.012748
    0.022361   -0.009946   -0.030773   -0.029223
    0.022361    0.003796   -0.031746   -0.028924
    0.022361   -0.030267    0.016076   -0.021568
    0.022361    0.032843   -0.004899    0.011724
    0.022361   -0.011898    0.030761    0.008746
    0.022361    0.016637    0.030981   -0.020050
    0.022361   -0.008250   -0.028969    0.019030
    0.022361   -0.033797    0.004762   -0.016541
    0.022361   -0.006730    0.032720    0.010693
    0.022361   -0.030601   -0.013491    0.002819
    0.022361    0.034505    0.002282    0.008120
    0.022361   -0.033696    0.001005    0.001471
    0.022361    0.031174   -0.016177    0.002154
    0.022361    0.032009   -0.012001    0.008469
    0.022361    0.014551   -0.020074    0.029089
    0.022361    0.015132   -0.025167    0.019876
    0.022361    0.032069    0.002582    0.015704
    0.022361    0.004328   -0.033075    0.008479
    0.022361   -0.018225   -0.021410    0.019953
    0.022361    0.017224    0.026916    0.017219
    0.022361    0.005816   -0.034574   -0.008559
    0.022361    0.010594    0.032648    0.004376
    0.022361    0.021442    0.029001   -0.000609
    0.022361    0.029661   -0.019246   -0.019271
    0.022361   -0.006949    0.033023    0.006869
    0.022361   -0.033754   -0.005053    0.001664
    0.022361   -0.001460    0.026469    0.026719
    0.022361   -0.001597   -0.034106    0.002251
    0.022361   -0.026380   -0.016514   -0.034291
    0.022361    0.021818    0.028169    0.000730
    0.022361    0.023917    0.020938    0.014908
    0.022361    0.022365    0.014543    0.027755
    0.022361   -0.015012    0.017903    0.030536
    0.022361   -0.029998   -0.013364    0.005160
    0.022361    0.019966   -0.029863   -0.004948
    0.022361    0.000168   -0.034354   -0.010604
    0.022361   -0.021091   -0.015832    0.024861
    0.022361    0.025666   -0.019724    0.014407
    0.022361   -0.019869   -0.010627   -0.052487
    0.022361   -0.016441   -0.030625   -0.002103
    0.022361   -0.023773   -0.025411   -0.017725
    0.022361    0.000977   -0.030061    0.017704
    0.022361    0.026397    0.020863    0.012231
    0.022361   -0.011963   -0.033002   -0.008723
    0.022361   -0.009494    0.032039    0.007491
    0.022361    0.025381   -0.004984    0.028446
    0.022361   -0.005856   -0.030993    0.013688
    0.022361   -0.028377    0.016814    0.005531
    0.022361    0.027931    0.000387    0.024638
    0.022361   -0.005311    0.032641    0.007226
    0.022361    0.005192   -0.031202    0.012974
    0.022361   -0.006156   -0.030764    0.013076
    0.022361   -0.026081   -0.021931   -0.010583
    0.022361    0.032442   -0.015161   -0.004505
    0.022361    0.017536    0.031273   -0.014698
    0.022361   -0.009260    0.024404    0.028271
    0.022361   -0.013886   -0.020509    0.028443
    0.022361   -0.031603   -0.012423   -0.015139
    0.022361   -0.001304    0.035189   -0.018637
    0.022361    0.024530    0.024368    0.003100
    0.022361    0.032553    0.006129    0.013042
    0.022361    0.030299   -0.015804    0.006161
    0.022361    0.020508   -0.028318    0.002119
    0.022361   -0.033991   -0.002178   -0.002092
    0.022361   -0.009809    0.031206   -0.032073
    0.022361   -0.021779    0.022956    0.013556
    0.022361   -0.007236   -0.034380   -0.015306
    0.022361   -0.023769    0.013627   -0.044532
    0.022361   -0.033637    0.001875   -0.003163
    0.022361   -0.028108   -0.016948    0.008657
    0.022361    0.022921   -0.005159   -0.052851
    0.022361   -0.006538    0.023646    0.029187
    0.022361    0.034641    0.000988   -0.022229
    0.022361    0.032587    0.008661   -0.029386
    0.022361    0.014532   -0.031120   -0.003116
    0.022361   -0.018597   -0.024432    0.015766
    0.022361   -0.028749   -0.002211    0.020676
    0.022361   -0.017369    0.026099    0.015935
    0.022361    0.015664   -0.026640    0.018529
    0.022361    0.010010    0.034425   -0.007530
    0.022361    0.030478   -0.006676    0.017473
    0.022361    0.026146    0.005310   -0.048124
    0.022361   -0.007507    0.034292   -0.019544
    0.022361    0.015108   -0.028424    0.012747
    0.022361    0.024115    0.011824   -0.045699
    0.022361    0.005187   -0.024301    0.029265
    0.022361    0.028120   -0.021273   -0.016561
    0.022361    0.017142    0.031798   -0.011651
    0.022361    0.031853    0.016608   -0.006423
    0.022361   -0.013367    0.021035    0.028284
    0.022361    0.025576    0.023643    0.008524
    0.022361   -0.005336   -0.026083    0.025450
    0.022361   -0.020636   -0.028419   -0.006887
    0.022361    0.033434    0.013022   -0.006005
    0.022361   -0.023898    0.014351    0.023393
    0.022361   -0.028413   -0.006522   -0.040424
    0.022361   -0.007447   -0.034031    0.000019
    0.022361   -0.024848    0.022621    0.004843
    0.022361   -0.027607   -0.011379    0.018102
    0.022361    0.005566   -0.032908    0.005973
    0.022361   -0.005631    0.026812    0.025671
    0.022361   -0.002174    0.029604    0.020946
    0.022361   -0.011962    0.030826   -0.029502
    0.022361   -0.010471    0.030271    0.015361
    0.022361   -0.009270   -0.029885    0.015723
    0.022361    0.031217    0.016820   -0.003168
    0.022361   -0.025430   -0.023325   -0.005464
    0.022361   -0.029444   -0.007802    0.014306
    0.022361    0.009087   -0.033678   -0.006879
    0.022361   -0.026388    0.004712    0.024821
    0.022361    0.018738   -0.027224    0.010243
    0.022361   -0.020181    0.025981    0.011430
    0.022361   -0.030118   -0.000300    0.017172
    0.022361   -0.003474    0.029429   -0.038904
    0.022361    0.011953    0.032666   -0.019395
    0.022361    0.026561   -0.004904    0.027153
    0.022361    0.032057   -0.010410   -0.026370
    0.022361    0.032781   -0.014805   -0.018508
    0.022361   -0.030019    0.016030   -0.021826
    0.022361    0.024085   -0.012022    0.027240
    0.022361   -0.008169   -0.033473   -0.015326
    0.022361    0.036330   -0.001080   -0.008142
    0.022361   -0.028314    0.006608    0.020249
    0.022361    0.000994    0.030570   -0.040192
    0.022361    0.007079   -0.032030   -0.029088
    0.022361   -0.018258   -0.024072    0.018161
    0.022361   -0.023522    0.025208   -0.017428
    0.022361    0.000333   -0.031470   -0.032378
    0.022361    0.031583   -0.001447    0.016061
    0.022361    0.023234    0.022305    0.016475
    0.022361    0.005754   -0.034874   -0.004822
    0.022361   -0.021849   -0.014049    0.027000
    0.022361   -0.020903    0.028525   -0.013497
    0.022361   -0.031444    0.006742   -0.029024
    0.022361   -0.002494    0.035129   -0.005477
    0.022361    0.033319   -0.011458   -0.001639
    0.022361    0.009603   -0.032917   -0.017602
    0.022361    0.011523    0.033756   -0.018746
    0.022361    0.035414    0.004570   -0.021235
    0.022361   -0.025503    0.010293    0.022611
    0.022361    0.027571    0.023226   -0.011952
    0.022361   -0.012238   -0.029302   -0.033653
    0.022361    0.030428    0.015949    0.009284
    0.022361   -0.024556   -0.000232    0.028004
    0.022361   -0.002936    0.035305    0.000309
    0.022361   -0.020081   -0.014992    0.026738
    0.022361    0.025593    0.025016   -0.005962
    0.022361    0.007358   -0.028680    0.020503
    0.022361    0.028703   -0.005587   -0.041083
    0.022361   -0.021115    0.025310    0.010118
    0.022361    0.011497   -0.021450    0.029659
    0.022361    0.009854   -0.031976    0.009498
    0.022361   -0.012203    0.030302    0.011088
    0.022361    0.026243    0.009174    0.023910
    0.022361    0.020989    0.026802    0.008463
    0.022361    0.028653    0.018994    0.004095
    0.022361   -0.033296   -0.004264    0.000489
    0.022361   -0.011043    0.027608   -0.039800
    0.022361    0.025406   -0.007255    0.027588
    0.022361   -0.029225    0.003039    0.016071
    0.022361   -0.011554    0.029568   -0.034137
    0.022361    0.010699    0.025683    0.023870
    0.022361   -0.027525    0.016500    0.010932
    0.022361   -0.027788    0.013667    0.015027
    0.022361   -0.011548   -0.022663    0.026975
    0.022361    0.007814    0.028702    0.021804
    0.022361    0.007330    0.023081    0.029080
    0.022361    0.033668   -0.001022    0.010515
    0.022361   -0.022049   -0.018588    0.018250
    0.022361    0.021502   -0.023263    0.014850
    0.022361   -0.013321   -0.028961    0.012860
    0.022361    0.020994   -0.019587    0.023402
    0.022361   -0.024869    0.008812    0.026165
    0.022361   -0.004650   -0.033228    0.004511
    0.022361    0.033997   -0.009644   -0.004672
    0.022361   -0.007152   -0.027094    0.023364
    0.022361    0.019278   -0.018145   -0.046062
    0.022361   -0.029776    0.000973    0.017320
    0.022361    0.033009    0.002991    0.012220
    0.022361   -0.023142   -0.007968    0.028039
    0.022361    0.012151   -0.032630   -0.008791
    0.022361    0.021820   -0.010797    0.029888
    0.022361   -0.029293    0.001628    0.016805
    0.022361   -0.028094   -0.008873   -0.035490
    0.022361   -0.004196    0.033937   -0.027080
    0.022361   -0.023110    0.023716    0.006617
    0.022361    0.035720    0.004236    0.000582
    0.022361    0.011322   -0.022351    0.028388
    0.022361    0.027080   -0.012372    0.021142
    0.022361    0.010429   -0.031428   -0.026275
    0.022361   -0.009012   -0.033627   -0.008195
    0.022361   -0.020803   -0.025393    0.009297
    0.022361    0.013170   -0.029567    0.009864
    0.022361    0.033658   -0.005483    0.008786
    0.022361   -0.003509    0.032064   -0.034662
    0.022361    0.000968   -0.032297    0.012064
    0.022361    0.013113    0.020183    0.030155
    0.022361   -0.024801   -0.022424    0.001839
    0.022361    0.006154   -0.022633    0.031452
    0.022361   -0.007601   -0.030225    0.014038
    0.022361    0.028494    0.022678   -0.008679
    0.022361   -0.022127   -0.018546    0.022015
    0.022361   -0.025529   -0.008887    0.023304
    0.022361   -0.014871    0.016206   -0.053316
    0.022361    0.001968   -0.035521   -0.007107
    0.022361    0.010300    0.028919   -0.039998
    0.022361    0.031836   -0.004165    0.015098
    0.022361   -0.029654    0.008119    0.014727
    0.022361   -0.015514   -0.018752    0.030055
    0.022361    0.012041   -0.032898    0.002121
    0.022361    0.035020    0.004224   -0.016390
    0.022361    0.007308   -0.033066   -0.022819
    0.022361    0.031224   -0.004202    0.018754
    0.022361    0.001274    0.034903   -0.021778
    0.022361   -0.020874    0.013097    0.028624
    0.022361   -0.004289   -0.033023    0.004774
    0.022361   -0.031768    0.014287    0.000663
    0.022361   -0.023488    0.025212   -0.021494
    0.022361    0.011454   -0.028075    0.020292
    0.022361   -0.033844    0.006968   -0.012711
    0.022361    0.024885   -0.012062    0.024589
    0.022361    0.000591   -0.025901    0.027415
    0.022361    0.027675   -0.012531    0.019138
    0.022361   -0.029560    0.001961    0.018892
    0.022361   -0.006180    0.028413    0.022195
    0.022361    0.022914   -0.021233    0.018328
    0.022361   -0.014941    0.030741   -0.022131
    0.022361   -0.032249   -0.011599   -0.015204
    0.022361    0.023866   -0.024971   -0.000288
    0.022361   -0.021869    0.026416   -0.013938
    0.022361    0.026933   -0.021201    0.002285
    0.022361   -0.029339   -0.009864   -0.035115
    0.022361    0.034094   -0.004042    0.009490
    0.022361    0.019998    0.023139   -0.038358
    0.022361    0.032411   -0.007619    0.008244
    0.022361    0.034794   -0.009496   -0.018576
    0.022361   -0.028959    0.013655    0.009936
    0.022361    0.026281    0.022031    0.010587
    0.022361   -0.015248    0.031431    0.001020
    0.022361   -0.012010   -0.032229   -0.005193
    0.022361   -0.024284   -0.017931    0.016550
    0.022361    0.030743    0.018978   -0.018908
    0.022361   -0.012746    0.031108    0.005694
    0.022361   -0.029645    0.018499   -0.016579
    0.022361   -0.002025    0.029217    0.020965
    0.022361    0.027184    0.021675   -0.024135
    0.022361   -0.016137   -0.026572   -0.032334
    0.022361   -0.022570    0.023839    0.012167
    0.022361   -0.028241   -0.011639    0.015376
    0.022361   -0.001163    0.034345    0.006584
    0.022361   -0.033394    0.002625   -0.024627
    0.022361    0.003640    0.035403   -0.018885
    0.022361    0.023966   -0.020107    0.014546
    0.022361   -0.030040    0.000961   -0.037414
    0.022361    0.013262   -0.027055    0.018441
    0.022361    0.024282   -0.004800   -0.051178
    0.022361   -0.003967   -0.024080    0.028676
    0.022361    0.033778   -0.009742    0.000622
