# First column is original location on swiss roll
# Next columns are points in diffusion space
# In gnuplot to plot the first dimensions try:
#   plot 'evects.dat' u 2:3:1 w points palette
# time =     0.000000
# bandwidth =    10.000000
   -0.081000    0.011805    0.033614    0.000974
    0.660000    0.016031   -0.021957   -0.031919
    0.196000   -0.026902   -0.020525   -0.009866
    0.027000   -0.032659   -0.012398   -0.002188
   -0.517000   -0.007286    0.030213    0.023387
   -0.607000   -0.019503   -0.019096    0.031746
    0.572000   -0.010956    0.026142   -0.031537
   -0.075000    0.003177   -0.034316    0.005173
   -0.063000    0.000627    0.035870    0.000358
    0.622000   -0.025686    0.005646   -0.033830
    0.359000    0.032481   -0.003751   -0.017254
    0.201000   -0.015911    0.030704   -0.013983
   -0.714000    0.024193    0.004662    0.036400
   -0.559000   -0.023437    0.019135    0.025511
   -0.638000   -0.027243   -0.000592    0.031269
   -0.385000   -0.030813   -0.008557    0.018351
    0.222000   -0.030258    0.015248   -0.014234
   -0.028000    0.034642    0.000859    0.001347
   -0.077000   -0.029587   -0.018353    0.003711
   -0.367000   -0.032406    0.004187    0.016346
   -0.438000   -0.008492    0.032108    0.018956
   -0.651000   -0.017628    0.022353    0.030492
    0.498000   -0.000594    0.030287   -0.027797
   -0.030000    0.000793   -0.034670    0.003464
   -0.457000    0.000519   -0.030255    0.024462
   -0.731000   -0.000155    0.026090    0.034539
   -0.197000   -0.030245    0.017752    0.007808
    0.195000    0.033452    0.008755   -0.010711
   -0.351000    0.029751   -0.012980    0.019672
    0.139000    0.033819    0.008348   -0.007381
    0.245000    0.021882    0.025832   -0.014305
    0.516000    0.027146   -0.014675   -0.024880
    0.294000    0.029707    0.016018   -0.016305
   -0.089000   -0.008733   -0.033106    0.006577
   -0.052000   -0.034428   -0.003920    0.001405
   -0.361000   -0.023306   -0.021994    0.019016
   -0.579000    0.023903   -0.013054    0.030209
    0.017000   -0.034748    0.002506   -0.003040
   -0.734000   -0.022335    0.011584    0.035050
    0.653000   -0.014584   -0.022238   -0.032609
    0.434000   -0.002524   -0.032088   -0.020639
    0.572000   -0.026498    0.008619   -0.031490
    0.428000   -0.026372   -0.016634   -0.022052
    0.357000    0.008475    0.031863   -0.021455
   -0.378000   -0.018842    0.028275    0.016706
    0.321000   -0.015664   -0.029778   -0.015856
    0.218000    0.027121   -0.020896   -0.008910
    0.007000   -0.025921   -0.023357   -0.000630
    0.348000   -0.020335   -0.026029   -0.016914
   -0.041000    0.034073    0.006444    0.002632
    0.152000   -0.033455    0.007821   -0.009620
   -0.654000   -0.001149    0.028211    0.031381
   -0.045000   -0.022424   -0.026244    0.003264
   -0.681000    0.025213    0.002882    0.034850
   -0.206000   -0.025142    0.023850    0.007536
    0.727000    0.022125   -0.012000   -0.036848
    0.655000    0.024267    0.010932   -0.034454
   -0.261000    0.014257    0.031402    0.010962
    0.672000   -0.024155   -0.006976   -0.035264
    0.013000    0.011765    0.033698   -0.003958
   -0.097000   -0.026345    0.023552    0.001718
    0.623000   -0.025756    0.007460   -0.033324
    0.148000    0.017626    0.030228   -0.010124
   -0.603000   -0.013127   -0.023593    0.031046
   -0.222000   -0.004609    0.034955    0.008278
   -0.448000   -0.027720   -0.013980    0.022786
    0.009000    0.035086   -0.001286   -0.000245
   -0.356000    0.031039    0.011307    0.017713
   -0.419000    0.022321   -0.021175    0.022940
    0.489000   -0.017705    0.024024   -0.027993
    0.558000   -0.004597   -0.029535   -0.026931
    0.268000   -0.004996    0.033303   -0.016341
    0.461000   -0.020371    0.022960   -0.025855
    0.732000    0.015527   -0.020110   -0.036107
   -0.425000    0.000241   -0.030620    0.022903
    0.272000    0.008827   -0.032766   -0.011873
   -0.272000   -0.033634    0.006418    0.011593
    0.191000    0.024941    0.024598   -0.010957
    0.242000    0.002155    0.033767   -0.015622
    0.143000   -0.002415    0.034660   -0.010652
    0.142000    0.026801    0.022403   -0.008753
    0.497000   -0.011028   -0.028816   -0.024287
    0.239000    0.025103    0.023749   -0.013931
    0.261000    0.007871    0.032772   -0.016237
    0.427000    0.031570   -0.002718   -0.021088
    0.640000   -0.016773   -0.021580   -0.032723
   -0.009000   -0.034286    0.007897   -0.001109
    0.291000    0.032792   -0.008729   -0.013362
   -0.069000   -0.008655   -0.033883    0.005510
   -0.501000   -0.028282    0.013466    0.023503
    0.071000   -0.011688    0.033688   -0.007673
   -0.712000    0.018818   -0.013806    0.037975
    0.589000   -0.027543   -0.005058   -0.031715
    0.018000    0.003849   -0.034822    0.001055
    0.193000   -0.000889   -0.034467   -0.008546
    0.639000    0.009416   -0.026003   -0.031253
    0.407000    0.015582   -0.028914   -0.019073
    0.105000   -0.002752   -0.034245   -0.003069
   -0.163000   -0.005499    0.035285    0.004347
    0.266000    0.006393   -0.033047   -0.011786
   -0.472000    0.026292   -0.014080    0.024889
    0.199000   -0.034053    0.005267   -0.011733
    0.691000   -0.024899    0.001866   -0.037093
    0.031000   -0.030848    0.016546   -0.003751
    0.174000   -0.021370    0.027458   -0.012665
   -0.671000   -0.023036    0.014610    0.032307
   -0.018000   -0.026040   -0.023358    0.001193
   -0.474000    0.024921    0.019328    0.022400
   -0.629000    0.026667    0.005478    0.032208
   -0.556000   -0.022395   -0.018162    0.028905
    0.361000    0.026816   -0.018938   -0.017430
    0.591000   -0.027460   -0.005259   -0.031097
   -0.521000    0.018396   -0.021809    0.028740
   -0.304000   -0.016885    0.029485    0.012695
    0.303000    0.032179    0.009384   -0.016494
    0.568000   -0.013544    0.024637   -0.031803
   -0.135000    0.034450    0.003606    0.007638
   -0.310000   -0.033643    0.001234    0.013900
    0.147000   -0.012456   -0.032267   -0.005750
    0.321000   -0.032813   -0.002459   -0.017407
   -0.648000    0.013204    0.024287    0.030680
   -0.025000    0.026858   -0.022009    0.003192
   -0.059000    0.034233   -0.004690    0.003531
   -0.468000   -0.017564    0.026815    0.020442
    0.621000    0.004679   -0.027654   -0.030926
   -0.260000   -0.027718    0.021205    0.010822
    0.560000   -0.006777    0.027383   -0.031940
    0.242000    0.034542   -0.000218   -0.011560
   -0.353000    0.028388    0.016342    0.017732
   -0.133000   -0.024838    0.025090    0.003080
   -0.049000    0.020107   -0.028201    0.004175
   -0.644000   -0.027027   -0.003256    0.031201
   -0.488000   -0.029796   -0.005412    0.024320
    0.680000   -0.014756    0.019445   -0.037053
    0.705000   -0.020304   -0.014286   -0.035805
   -0.715000   -0.004322    0.026147    0.034502
   -0.555000   -0.006499    0.029748    0.025474
   -0.159000   -0.006729   -0.033047    0.010112
   -0.240000    0.033225    0.007519    0.012434
    0.043000   -0.032875   -0.010784   -0.002978
   -0.120000   -0.000389    0.035787    0.003278
   -0.198000    0.018771   -0.027991    0.011685
   -0.039000    0.030293   -0.017224    0.004193
   -0.622000    0.026892    0.004012    0.031209
    0.390000    0.022702   -0.023532   -0.018801
   -0.253000   -0.013971   -0.030231    0.014164
   -0.032000    0.020446    0.028864   -0.001064
    0.301000    0.033562    0.005061   -0.015736
    0.035000    0.019323    0.029628   -0.004225
    0.616000   -0.023575    0.012413   -0.033305
   -0.373000    0.031669    0.005845    0.018764
    0.435000    0.031903    0.000280   -0.022189
   -0.372000    0.031758    0.008872    0.019367
   -0.702000   -0.002715   -0.023153    0.036401
   -0.203000   -0.020528    0.028900    0.006669
   -0.417000   -0.030615   -0.007424    0.020661
    0.397000   -0.022143    0.022770   -0.023249
    0.598000   -0.017949   -0.022338   -0.029648
    0.687000    0.022833    0.011809   -0.035526
    0.721000    0.010142   -0.022969   -0.036097
    0.611000   -0.025601    0.009740   -0.033667
    0.319000    0.021652    0.025871   -0.017701
   -0.248000    0.001688   -0.033070    0.014014
   -0.585000    0.017812   -0.020178    0.031056
    0.139000   -0.025188    0.023867   -0.010611
   -0.274000   -0.008199    0.033558    0.010440
    0.709000   -0.016317    0.017848   -0.038445
    0.252000   -0.029169   -0.017041   -0.013164
    0.501000    0.020986   -0.023090   -0.023737
   -0.681000    0.016982    0.020270    0.033084
   -0.613000    0.026103   -0.007337    0.031742
    0.348000   -0.017908    0.027458   -0.020495
    0.589000    0.010120   -0.027247   -0.028338
   -0.539000   -0.029884    0.004315    0.025303
   -0.116000   -0.026512    0.024041    0.003413
    0.641000    0.019681    0.018569   -0.034749
    0.085000   -0.001495    0.034935   -0.007464
   -0.563000    0.025850   -0.012001    0.029378
    0.235000   -0.027272    0.020338   -0.014553
   -0.587000   -0.005247    0.029751    0.027103
   -0.432000   -0.024414    0.021698    0.019539
    0.170000   -0.032867    0.009880   -0.010666
    0.132000   -0.033660   -0.005361   -0.008129
   -0.475000   -0.030611   -0.002995    0.023246
    0.521000    0.029058    0.007964   -0.027427
   -0.210000    0.022436    0.026692    0.008763
    0.002000    0.033699   -0.009146    0.000457
    0.456000   -0.027934   -0.014281   -0.023712
    0.635000    0.009327    0.025593   -0.034329
   -0.067000    0.013697   -0.031629    0.005500
    0.300000   -0.008076   -0.032929   -0.014438
    0.286000   -0.031293   -0.010382   -0.015238
   -0.453000   -0.031014   -0.002695    0.022412
   -0.391000    0.001458   -0.031460    0.021468
    0.190000   -0.007210   -0.033717   -0.007628
   -0.622000   -0.021744   -0.015405    0.031934
   -0.185000   -0.002553    0.034876    0.006076
   -0.305000    0.011228    0.032904    0.012626
    0.731000    0.014391   -0.020858   -0.035987
   -0.025000    0.021647    0.028036   -0.000339
   -0.169000    0.005390   -0.033960    0.010613
    0.565000    0.028570    0.006239   -0.029640
   -0.139000    0.020396   -0.027657    0.009235
    0.182000    0.033863   -0.007748   -0.007859
   -0.325000    0.006466    0.033262    0.014076
    0.192000    0.016626    0.030163   -0.012780
   -0.690000   -0.015512    0.022279    0.032731
   -0.353000    0.010768    0.032240    0.014991
   -0.144000    0.018639    0.029754    0.005395
   -0.552000    0.023321   -0.015391    0.029437
    0.641000   -0.012741    0.023066   -0.035984
    0.611000   -0.013892   -0.024588   -0.030657
    0.488000   -0.019536   -0.023811   -0.024596
   -0.483000   -0.000870   -0.029611    0.025549
    0.597000   -0.026939    0.005668   -0.032887
    0.686000    0.011411   -0.024125   -0.033112
   -0.224000   -0.033387    0.010107    0.008957
    0.408000   -0.014667    0.028322   -0.023913
    0.410000   -0.031350   -0.002353   -0.022786
   -0.402000    0.011130    0.031407    0.018304
   -0.698000    0.022665    0.012558    0.035021
   -0.119000    0.027251    0.021999    0.004322
    0.000000   -0.034545    0.007233   -0.001861
   -0.428000    0.024869   -0.017326    0.023156
   -0.451000    0.010003   -0.028890    0.024814
   -0.063000   -0.002446   -0.034645    0.005313
    0.366000    0.005240    0.032444   -0.021739
    0.083000    0.015726    0.032206   -0.007458
   -0.559000   -0.025132    0.015988    0.026756
   -0.277000   -0.017219    0.029573    0.010438
    0.248000   -0.026524    0.021416   -0.015260
    0.495000   -0.028693   -0.010480   -0.026384
   -0.521000    0.029341    0.005866    0.026568
    0.565000   -0.013611   -0.025810   -0.028658
   -0.094000   -0.004876    0.035556    0.001910
   -0.024000   -0.009835   -0.033676    0.003258
    0.278000    0.008218    0.033200   -0.016968
    0.482000    0.028995    0.010392   -0.024778
    0.293000    0.033318    0.005682   -0.014501
   -0.204000   -0.031026   -0.014222    0.010108
   -0.622000   -0.025413    0.012269    0.030144
    0.123000   -0.025976   -0.023186   -0.006397
    0.331000    0.012435   -0.031331   -0.015220
    0.317000    0.026168   -0.020532   -0.014826
    0.324000   -0.032929    0.003636   -0.018433
    0.247000    0.013580    0.031588   -0.014675
   -0.421000   -0.026657   -0.017079    0.021471
   -0.485000   -0.029235   -0.008057    0.024186
   -0.597000    0.008802    0.027925    0.028728
    0.107000    0.026787    0.022615   -0.006508
   -0.036000    0.021329    0.028094   -0.000238
    0.502000    0.027464   -0.015005   -0.024904
    0.563000   -0.021491   -0.019354   -0.028656
    0.739000    0.001429   -0.024642   -0.036976
    0.029000   -0.032347   -0.013813   -0.002495
    0.160000    0.005030    0.034921   -0.011536
   -0.227000    0.020031    0.028348    0.010047
   -0.312000   -0.020548   -0.025284    0.016944
    0.627000   -0.023072   -0.014927   -0.032943
    0.634000   -0.023072    0.011465   -0.035128
    0.252000   -0.015986   -0.030320   -0.012453
    0.631000   -0.025929   -0.008176   -0.033054
   -0.392000    0.028845   -0.013203    0.020933
   -0.112000    0.026320    0.023382    0.004036
   -0.225000   -0.033138    0.010354    0.009169
    0.558000    0.027617   -0.011080   -0.028120
   -0.731000    0.014649    0.020670    0.035711
   -0.715000    0.000081   -0.023107    0.037053
   -0.463000    0.021476   -0.020898    0.025714
    0.614000    0.028463   -0.001689   -0.031293
    0.609000    0.009964    0.025891   -0.033254
    0.298000    0.024600    0.022692   -0.016509
    0.417000   -0.003184   -0.032232   -0.019885
   -0.661000    0.019926    0.018509    0.032262
   -0.329000    0.032750    0.005256    0.016725
   -0.048000    0.005543   -0.034187    0.004439
   -0.671000   -0.015964   -0.019224    0.035099
   -0.278000    0.017678   -0.027711    0.016746
   -0.417000   -0.013626   -0.027780    0.021729
    0.584000    0.023567   -0.017567   -0.028244
   -0.016000   -0.017572    0.030911   -0.003048
    0.297000    0.024007   -0.023952   -0.013889
   -0.304000   -0.013054    0.031932    0.011783
   -0.358000   -0.001942    0.034430    0.014521
   -0.450000    0.015151   -0.025754    0.025029
   -0.219000   -0.031429    0.014487    0.008209
    0.527000   -0.026286    0.011852   -0.029357
    0.375000   -0.031992    0.002458   -0.020489
    0.456000   -0.002234   -0.032020   -0.022315
   -0.596000    0.018022   -0.019376    0.032339
   -0.487000    0.002436   -0.029289    0.026801
    0.453000   -0.028868    0.010527   -0.025339
   -0.207000   -0.009734   -0.032079    0.012021
   -0.358000    0.019067   -0.026045    0.020147
   -0.566000   -0.005971   -0.026730    0.029831
    0.032000   -0.000199    0.035434   -0.005210
   -0.098000   -0.025013   -0.023435    0.005581
   -0.634000    0.024419    0.012019    0.031444
    0.243000    0.000640   -0.034122   -0.011124
    0.638000   -0.026130    0.000809   -0.034601
    0.666000   -0.013639   -0.022393   -0.033120
   -0.340000   -0.002671   -0.032018    0.018301
    0.474000   -0.028078    0.011740   -0.026700
    0.683000    0.001653    0.025094   -0.037610
   -0.240000   -0.021486    0.027935    0.009170
    0.044000   -0.012253    0.032876   -0.005051
    0.738000    0.020797    0.010818   -0.038287
    0.683000    0.026231   -0.000867   -0.035040
    0.694000   -0.018074   -0.018104   -0.035087
    0.229000   -0.031064   -0.012813   -0.012551
   -0.211000    0.018248    0.029600    0.008848
   -0.749000   -0.014248   -0.016625    0.038996
   -0.689000   -0.011761   -0.020965    0.035793
    0.334000    0.010850   -0.032044   -0.015535
    0.611000   -0.009444    0.025739   -0.034216
   -0.411000   -0.005840   -0.030458    0.021948
    0.602000    0.015303    0.023306   -0.032549
   -0.391000    0.030703   -0.009503    0.020908
    0.063000   -0.014215    0.032291   -0.007021
   -0.609000   -0.025951    0.013303    0.029033
   -0.464000   -0.031031    0.002337    0.022645
   -0.513000    0.028772   -0.007458    0.026727
   -0.334000    0.029807    0.014608    0.015995
    0.426000    0.032017    0.002468   -0.022204
    0.722000   -0.021341    0.008646   -0.038522
    0.474000   -0.014904    0.026313   -0.027077
   -0.408000    0.031540   -0.004405    0.021307
    0.274000    0.018018    0.028739   -0.015903
   -0.058000   -0.017889    0.030730    0.000066
   -0.158000    0.034397   -0.003312    0.008404
   -0.359000    0.028671    0.017228    0.017403
    0.525000   -0.021724   -0.021066   -0.026868
    0.657000    0.013478   -0.024204   -0.031947
    0.649000    0.008743    0.024591   -0.035624
   -0.742000    0.015828   -0.014831    0.039459
   -0.053000   -0.033303    0.011292   -0.000139
   -0.372000    0.018317    0.027502    0.016836
   -0.718000    0.005283    0.024974    0.034036
   -0.036000    0.030091   -0.017571    0.003921
    0.512000    0.000189   -0.030559   -0.024646
    0.196000    0.032624    0.011999   -0.011034
    0.624000   -0.026780   -0.000033   -0.033686
   -0.725000   -0.004382    0.025696    0.034614
    0.491000    0.022029    0.021978   -0.026945
   -0.194000    0.032646    0.009873    0.009374
    0.242000   -0.033242   -0.001886   -0.014108
    0.621000    0.020915   -0.019393   -0.030689
    0.680000   -0.007606    0.024077   -0.037841
    0.378000   -0.032089    0.004528   -0.021358
   -0.102000   -0.023447    0.026369    0.001824
   -0.620000   -0.027376    0.004553    0.030480
   -0.580000    0.028481    0.002735    0.030216
    0.452000    0.022642    0.022205   -0.024751
    0.501000   -0.029002   -0.008303   -0.026612
   -0.149000    0.033487    0.009789    0.007107
   -0.083000    0.023365    0.026167    0.002197
   -0.539000    0.003956    0.030462    0.024239
   -0.470000   -0.005721   -0.029833    0.025008
    0.679000    0.015115    0.021007   -0.036280
    0.246000    0.016131    0.030029   -0.015493
    0.197000   -0.005025    0.034078   -0.013667
   -0.602000   -0.023216    0.017015    0.028603
   -0.350000   -0.030117   -0.012308    0.016894
    0.379000   -0.031558    0.003605   -0.020727
    0.199000    0.012393    0.032391   -0.012721
   -0.681000   -0.021707   -0.012202    0.034449
   -0.384000    0.024084    0.023146    0.017721
   -0.194000   -0.016273    0.031184    0.006940
   -0.159000    0.016956   -0.029601    0.010256
    0.153000   -0.019344   -0.028151   -0.007366
   -0.528000    0.023823   -0.016004    0.027905
   -0.476000   -0.031363    0.001016    0.022651
   -0.315000    0.031663    0.010082    0.015460
    0.652000   -0.020647    0.016100   -0.036271
   -0.018000   -0.017617   -0.030078    0.002079
    0.567000    0.013352   -0.026421   -0.027051
    0.140000    0.014789    0.031468   -0.009288
   -0.565000   -0.015743    0.026071    0.026089
    0.582000   -0.004446   -0.028705   -0.027939
   -0.443000   -0.012235   -0.027994    0.024173
    0.486000    0.024138    0.018739   -0.026732
    0.679000   -0.012726   -0.022880   -0.034591
    0.369000    0.017710    0.027447   -0.021047
    0.131000    0.012520    0.032678   -0.009058
    0.211000    0.013798   -0.031918   -0.009370
   -0.455000    0.017684    0.027161    0.021277
    0.316000   -0.005383    0.032763   -0.019474
   -0.358000    0.006077   -0.031273    0.019571
    0.274000   -0.025857    0.021039   -0.016818
    0.674000    0.021617   -0.015809   -0.033107
   -0.334000   -0.017100   -0.027808    0.017263
   -0.509000   -0.018000    0.026282    0.022837
    0.293000    0.030156   -0.014817   -0.013404
   -0.728000    0.012069    0.022701    0.035551
   -0.547000    0.008880   -0.026414    0.029813
   -0.050000   -0.008955   -0.033880    0.003772
   -0.661000   -0.012291   -0.021911    0.034520
   -0.380000    0.014035   -0.028045    0.021851
   -0.071000   -0.021159    0.028218    0.000955
    0.319000    0.023240   -0.024246   -0.014507
   -0.347000   -0.030468    0.014438    0.015446
   -0.271000   -0.015765   -0.029508    0.014489
   -0.651000   -0.019649   -0.017174    0.032797
   -0.664000   -0.026246    0.007376    0.032184
   -0.474000   -0.030026   -0.006756    0.023349
    0.545000   -0.022297   -0.019607   -0.027895
   -0.247000    0.023398    0.025846    0.011197
    0.451000    0.030313   -0.007670   -0.022147
   -0.283000   -0.028408   -0.016724    0.014523
   -0.018000   -0.032214    0.015152   -0.002234
    0.315000    0.007290   -0.032393   -0.013603
    0.381000   -0.031406    0.007675   -0.021421
    0.588000   -0.012387    0.024885   -0.032790
    0.472000   -0.030152    0.002077   -0.025431
   -0.271000    0.022801   -0.024513    0.015545
    0.416000   -0.004520   -0.032090   -0.019771
   -0.552000   -0.018272    0.025063    0.025391
    0.707000    0.018156   -0.018907   -0.034339
    0.628000    0.025981    0.008486   -0.032761
    0.071000    0.020868    0.028715   -0.005552
   -0.248000   -0.028151    0.020385    0.009408
    0.365000    0.025814   -0.020309   -0.016673
    0.580000   -0.005695   -0.028266   -0.028139
   -0.275000    0.013466   -0.030198    0.015437
   -0.326000    0.031418    0.010955    0.016778
   -0.592000   -0.014461   -0.023266    0.031407
   -0.535000   -0.019453   -0.020829    0.027251
    0.114000    0.026168   -0.022879   -0.003549
   -0.039000   -0.007533    0.035074   -0.001045
   -0.612000   -0.013650    0.025597    0.028369
    0.589000   -0.022976   -0.017193   -0.030223
   -0.739000   -0.023695    0.006270    0.036669
   -0.247000   -0.000406   -0.033025    0.014121
    0.656000    0.021461   -0.017351   -0.032351
   -0.504000    0.022119   -0.018900    0.026758
   -0.706000    0.024644   -0.001542    0.036356
   -0.483000   -0.023305    0.021055    0.022475
    0.638000    0.018185   -0.021507   -0.030826
    0.053000    0.030123    0.018654   -0.003745
    0.393000    0.013377    0.029166   -0.021961
   -0.146000    0.028326    0.020306    0.005743
    0.505000    0.016347   -0.026146   -0.023593
    0.579000   -0.013056   -0.025664   -0.029116
   -0.563000   -0.022172   -0.017417    0.029140
    0.261000    0.033725    0.002655   -0.012588
    0.277000    0.004030    0.033418   -0.017269
   -0.514000    0.021586   -0.019679    0.027784
    0.561000    0.019583   -0.022962   -0.027279
    0.175000    0.030053   -0.017204   -0.007445
   -0.093000    0.023584    0.026244    0.002643
   -0.108000    0.002209   -0.034129    0.007628
    0.686000    0.023814   -0.010318   -0.034603
   -0.082000    0.035028    0.003657    0.004553
    0.727000    0.016102   -0.019146   -0.036165
   -0.469000   -0.031140   -0.000402    0.022428
   -0.684000   -0.025352    0.007153    0.033740
   -0.434000   -0.031422   -0.003833    0.020382
    0.606000    0.019962    0.019083   -0.032312
    0.180000    0.029275   -0.019161   -0.007553
    0.611000   -0.016830   -0.022264   -0.031232
    0.289000   -0.032294   -0.006707   -0.015773
   -0.306000    0.026811    0.021389    0.013925
   -0.081000   -0.008604   -0.033415    0.005194
   -0.135000    0.003899   -0.034068    0.008538
   -0.453000    0.014699    0.029278    0.020665
   -0.734000   -0.015777   -0.016842    0.038258
   -0.595000    0.027670   -0.004725    0.031113
    0.458000   -0.024355   -0.019858   -0.023623
   -0.297000    0.033124   -0.002365    0.016412
    0.076000    0.034728    0.004367   -0.003238
    0.116000   -0.034046   -0.005534   -0.007252
   -0.496000    0.014551   -0.025763    0.026853
   -0.687000   -0.025875   -0.001955    0.033808
   -0.052000   -0.022915    0.027181   -0.000679
    0.540000   -0.006525    0.028054   -0.030926
   -0.036000   -0.018868   -0.029447    0.003230
    0.581000    0.028227   -0.008171   -0.028617
   -0.420000   -0.015547   -0.026485    0.022261
    0.338000    0.030049    0.014778   -0.018413
    0.599000    0.007260    0.027481   -0.032753
    0.630000   -0.013353    0.022567   -0.034529
   -0.599000   -0.026542   -0.009439    0.029957
   -0.176000    0.029159   -0.017093    0.010385
    0.102000   -0.022263   -0.026168   -0.005191
   -0.130000    0.006862    0.034718    0.003628
    0.340000   -0.032427   -0.003318   -0.019304
   -0.603000    0.027496   -0.000795    0.030683
    0.081000   -0.032834   -0.010297   -0.005128
    0.641000    0.009907    0.024626   -0.035332
   -0.679000   -0.019464    0.019603    0.031963
   -0.499000   -0.015096    0.027805    0.022368
    0.498000   -0.016228   -0.026331   -0.024653
   -0.371000   -0.025882    0.021135    0.015513
   -0.089000    0.021210   -0.027196    0.006989
    0.005000   -0.013301    0.032931   -0.004232
    0.430000   -0.031037    0.001183   -0.023278
   -0.660000    0.019514    0.018695    0.031806
    0.369000   -0.030131   -0.012037   -0.019431
    0.354000    0.009833    0.031261   -0.021120
    0.058000    0.024705    0.025926   -0.005058
    0.029000    0.014657    0.032846   -0.004479
   -0.539000    0.021989   -0.018362    0.029172
    0.119000    0.032728   -0.011335   -0.005450
   -0.718000    0.012092    0.023134    0.034876
   -0.730000    0.018032   -0.012962    0.037796
   -0.332000   -0.019282    0.028185    0.013712
    0.180000   -0.033536   -0.006602   -0.010538
   -0.067000   -0.031118   -0.015810    0.002499
   -0.112000   -0.029788   -0.018244    0.006025
   -0.589000    0.003027    0.029927    0.026904
   -0.521000    0.012022   -0.026422    0.028627
   -0.745000   -0.009479    0.023475    0.035658
    0.212000    0.019321   -0.028380   -0.009366
    0.137000   -0.017795    0.030138   -0.010258
   -0.744000    0.021981   -0.006215    0.038200
    0.492000   -0.030127    0.001802   -0.027150
   -0.082000   -0.006014    0.035542    0.000506
    0.287000    0.029276   -0.016681   -0.013486
   -0.106000   -0.003346   -0.034600    0.007022
    0.093000   -0.034956   -0.000633   -0.006288
   -0.475000    0.028023    0.013903    0.023474
   -0.278000    0.012611    0.032391    0.011686
   -0.436000   -0.023551   -0.019593    0.022843
   -0.350000   -0.027673    0.018936    0.015192
    0.303000    0.019718    0.026939   -0.017992
   -0.091000   -0.027969   -0.020640    0.004926
    0.209000    0.032341   -0.011916   -0.009058
    0.152000   -0.006149   -0.034035   -0.006325
    0.315000    0.013335   -0.030862   -0.014030
   -0.110000    0.034073   -0.006774    0.006334
    0.016000   -0.034373   -0.006302   -0.001363
    0.298000    0.012959   -0.030933   -0.013060
   -0.323000   -0.030940   -0.012473    0.016446
    0.256000    0.027259   -0.020157   -0.011328
    0.362000    0.021139   -0.025215   -0.017205
    0.692000    0.024978    0.004455   -0.035447
    0.100000    0.002377   -0.034510   -0.002843
    0.394000   -0.031516    0.001257   -0.021444
   -0.567000   -0.029201    0.005695    0.027377
   -0.523000   -0.021845   -0.019706    0.027165
   -0.570000   -0.028037    0.008964    0.027197
    0.246000   -0.032805   -0.006154   -0.013809
   -0.346000    0.032107   -0.002792    0.018674
   -0.659000   -0.021664   -0.013636    0.033237
   -0.708000    0.024483    0.002776    0.036307
   -0.671000   -0.016043   -0.018830    0.034255
    0.744000    0.002432   -0.024640   -0.036572
   -0.525000    0.009280   -0.027044    0.027948
    0.381000    0.020359    0.025966   -0.022009
   -0.598000   -0.011734   -0.024330    0.031065
    0.173000   -0.020843    0.028011   -0.012048
    0.125000   -0.034829    0.004129   -0.008810
   -0.093000   -0.029190   -0.019038    0.004210
    0.646000   -0.026217   -0.004604   -0.034451
   -0.182000    0.000189   -0.034139    0.011546
   -0.110000    0.026361   -0.022330    0.007006
   -0.718000    0.019413    0.016161    0.035313
    0.693000    0.011633   -0.023549   -0.033599
    0.198000    0.031022    0.015775   -0.011096
   -0.559000    0.020241   -0.019392    0.030301
   -0.481000   -0.001097    0.032584    0.021538
   -0.277000    0.015955   -0.028883    0.015567
    0.195000    0.034093   -0.003067   -0.009382
    0.268000    0.034010    0.003312   -0.013947
    0.589000    0.027421    0.006269   -0.030314
   -0.585000    0.025433    0.014084    0.028725
   -0.732000    0.023253    0.004110    0.036704
    0.315000   -0.031907    0.007773   -0.018742
    0.423000    0.015733    0.028085   -0.024018
    0.001000   -0.015257    0.031786   -0.003111
   -0.686000    0.024627   -0.003880    0.035141
   -0.628000    0.026129   -0.005612    0.032482
    0.603000   -0.010419   -0.026354   -0.030196
    0.747000    0.020971    0.011070   -0.039522
   -0.616000    0.024042   -0.011140    0.032052
    0.317000    0.032129   -0.010269   -0.014854
    0.237000   -0.023823   -0.023954   -0.012194
   -0.179000   -0.026369   -0.021376    0.009490
    0.369000   -0.030854   -0.009423   -0.020027
    0.324000   -0.022130   -0.024812   -0.015942
    0.687000   -0.013238    0.020435   -0.037434
   -0.602000   -0.012371   -0.024487    0.032126
    0.472000   -0.017334    0.025244   -0.027328
   -0.585000   -0.017377   -0.021814    0.030052
    0.731000    0.018019   -0.017786   -0.035963
   -0.101000    0.006913    0.035464    0.001603
   -0.237000    0.033438    0.007960    0.012483
   -0.257000   -0.015797    0.031434    0.010223
   -0.506000    0.012116    0.029104    0.023954
    0.722000   -0.010808   -0.022119   -0.035864
    0.215000   -0.001545    0.034434   -0.014443
   -0.258000   -0.033248    0.007045    0.011676
    0.475000    0.030193   -0.008266   -0.023424
   -0.384000    0.021988   -0.022554    0.021008
    0.607000   -0.013050   -0.024963   -0.029961
    0.385000   -0.011662   -0.030594   -0.018951
   -0.580000   -0.020443   -0.018289    0.029791
   -0.730000   -0.000650    0.025616    0.034797
    0.750000    0.023627    0.000199   -0.038159
   -0.735000    0.012949    0.021020    0.036034
   -0.070000    0.024461    0.025801    0.001760
    0.499000    0.005670   -0.030718   -0.023444
    0.268000   -0.009431   -0.032337   -0.012674
    0.530000   -0.020887   -0.021848   -0.026350
   -0.401000    0.030232    0.012404    0.019408
    0.499000   -0.015854    0.025022   -0.028855
   -0.099000   -0.019061   -0.028619    0.006168
    0.420000   -0.017516   -0.027359   -0.021259
   -0.626000    0.012170   -0.022651    0.033262
    0.462000    0.030380   -0.006617   -0.023151
   -0.659000    0.024325   -0.008117    0.034701
    0.365000    0.008982   -0.032073   -0.016600
   -0.364000    0.022833    0.024607    0.017377
   -0.262000    0.033571   -0.002737    0.014616
   -0.471000    0.008933   -0.028668    0.025357
   -0.266000   -0.001614   -0.033041    0.015306
   -0.257000    0.020237   -0.026536    0.015341
   -0.615000    0.005918   -0.025177    0.033204
   -0.153000   -0.034461    0.003282    0.006351
   -0.120000    0.030972   -0.015866    0.007168
   -0.070000   -0.033958    0.007263    0.001246
    0.676000    0.025827   -0.000206   -0.034648
   -0.050000    0.009974   -0.033219    0.004694
    0.388000    0.009508   -0.031538   -0.018233
   -0.206000   -0.006784    0.034415    0.006585
    0.080000    0.016423   -0.030565   -0.001622
   -0.511000    0.028557   -0.007222    0.026726
   -0.609000    0.012938    0.026042    0.028778
    0.273000   -0.030960   -0.013756   -0.014978
   -0.475000   -0.019566   -0.023152    0.025056
    0.680000   -0.024562    0.003069   -0.036149
   -0.437000    0.028209   -0.011405    0.023934
   -0.583000   -0.010483   -0.025357    0.030891
    0.617000    0.008281    0.025880   -0.033270
   -0.088000    0.012021    0.033345    0.001609
   -0.457000   -0.021226    0.024740    0.019951
   -0.206000   -0.026501    0.022077    0.007194
   -0.690000    0.007049    0.025968    0.032472
    0.517000    0.029345    0.006275   -0.026641
    0.530000   -0.009697    0.027636   -0.029513
   -0.383000    0.031287   -0.005574    0.020439
    0.216000   -0.001865    0.034390   -0.014384
    0.475000    0.016947   -0.026786   -0.022897
    0.532000    0.024737   -0.017929   -0.025289
    0.355000    0.009641   -0.031433   -0.016710
   -0.514000    0.013660    0.027619    0.024516
   -0.636000   -0.027611    0.001618    0.030690
   -0.183000    0.026966   -0.019862    0.011332
    0.062000   -0.026979   -0.021428   -0.003263
   -0.555000   -0.017224    0.025703    0.025302
   -0.185000   -0.034060    0.003467    0.007514
    0.055000    0.028894    0.020476   -0.004654
    0.352000   -0.031969   -0.007308   -0.018930
   -0.542000    0.028993    0.001137    0.027453
   -0.039000    0.035473   -0.000695    0.002888
   -0.178000    0.033066   -0.009145    0.010594
   -0.073000   -0.034356    0.008069    0.001419
    0.060000   -0.028496   -0.019540   -0.003012
   -0.650000   -0.001410    0.028386    0.031085
    0.529000   -0.001818   -0.030410   -0.026202
   -0.506000   -0.024474    0.019129    0.023288
    0.284000   -0.033470   -0.003474   -0.015637
   -0.003000   -0.033737   -0.010304   -0.000210
   -0.623000    0.026854    0.005083    0.031970
   -0.747000   -0.019093    0.015579    0.036317
   -0.628000   -0.003955    0.028590    0.029081
    0.372000   -0.032249   -0.000699   -0.019993
   -0.063000   -0.031409   -0.014450    0.002594
    0.743000   -0.015729   -0.018405   -0.037574
    0.619000    0.021888   -0.018133   -0.030062
    0.160000   -0.001891    0.034809   -0.010998
   -0.745000   -0.019552   -0.011257    0.038119
   -0.277000   -0.023990    0.025413    0.010536
   -0.593000   -0.025658    0.012925    0.028337
   -0.157000   -0.032898    0.010988    0.005575
   -0.383000   -0.010594   -0.029905    0.020372
    0.394000    0.004305    0.031896   -0.023007
   -0.539000   -0.010718    0.029428    0.024651
    0.073000    0.031234    0.015885   -0.005027
    0.272000    0.028238    0.018338   -0.015022
   -0.310000    0.013555    0.031535    0.012865
    0.528000   -0.014608    0.024878   -0.029734
   -0.207000   -0.013152   -0.031217    0.012082
   -0.275000   -0.010943    0.032956    0.010464
    0.722000    0.024506    0.003076   -0.036960
    0.118000    0.011865    0.033180   -0.008359
    0.715000   -0.009932   -0.022738   -0.035842
   -0.631000    0.019021   -0.018052    0.033479
    0.123000   -0.015078   -0.031167   -0.005234
    0.321000    0.002022    0.032932   -0.019182
    0.667000    0.022624   -0.013779   -0.032819
    0.650000    0.021476    0.015173   -0.034000
   -0.549000    0.015817    0.025806    0.026269
   -0.317000   -0.005078   -0.032336    0.017752
    0.592000    0.008434   -0.028148   -0.028866
    0.067000   -0.033917   -0.004844   -0.004569
   -0.310000    0.027561    0.019695    0.014245
   -0.127000   -0.034104   -0.007773    0.005641
   -0.646000   -0.005749    0.027966    0.029627
   -0.187000    0.031004   -0.013568    0.010381
   -0.440000   -0.021906   -0.021064    0.022100
   -0.309000    0.028617    0.017991    0.014412
   -0.313000    0.014759   -0.029000    0.017596
    0.545000    0.028970    0.005915   -0.027853
    0.322000   -0.031317   -0.011085   -0.017746
   -0.177000   -0.017910    0.030249    0.005941
   -0.165000   -0.028712   -0.017984    0.008270
   -0.320000   -0.033912    0.001082    0.015208
    0.355000   -0.001529   -0.033486   -0.016918
   -0.529000   -0.029723    0.001322    0.026067
    0.388000   -0.028006    0.014761   -0.022929
   -0.484000   -0.019777    0.025049    0.021330
    0.317000    0.003344   -0.033658   -0.013939
    0.188000    0.004578   -0.034106   -0.008218
   -0.648000   -0.024638   -0.010015    0.032623
    0.713000   -0.012853   -0.021343   -0.035669
    0.127000    0.033381   -0.010573   -0.005729
   -0.553000   -0.023911   -0.015919    0.028495
    0.361000   -0.018171   -0.027099   -0.017913
    0.006000    0.014551   -0.031773    0.002186
    0.480000   -0.005949    0.029647   -0.027368
    0.713000    0.024430   -0.006301   -0.035826
    0.589000    0.028608    0.004002   -0.030775
   -0.533000    0.020908    0.022337    0.025566
   -0.501000    0.026920   -0.011268    0.027233
    0.517000   -0.028583    0.006990   -0.027824
   -0.613000   -0.023627   -0.013389    0.030563
    0.303000    0.029209   -0.016990   -0.014489
    0.042000   -0.035293   -0.002211   -0.003164
    0.513000    0.015193   -0.027310   -0.024853
   -0.520000   -0.028970    0.009835    0.024815
   -0.610000   -0.026019    0.012496    0.028964
   -0.122000    0.032848   -0.010238    0.007081
   -0.058000   -0.024835   -0.024065    0.003420
    0.671000    0.026350    0.002002   -0.034956
   -0.142000    0.003373   -0.034520    0.008747
    0.733000   -0.002516   -0.024624   -0.036201
    0.223000    0.029826    0.017850   -0.012037
   -0.119000    0.025294    0.024193    0.004095
   -0.166000   -0.013653   -0.031408    0.009324
    0.031000    0.022601    0.027066   -0.004144
    0.644000    0.000968   -0.027401   -0.031981
    0.215000   -0.016222    0.030168   -0.014516
   -0.746000   -0.016703   -0.015143    0.038482
   -0.198000    0.017925   -0.028862    0.011980
    0.082000   -0.016960    0.030910   -0.007926
    0.245000    0.004395    0.033572   -0.016196
   -0.614000    0.026106    0.010695    0.031210
   -0.696000   -0.019405    0.018131    0.032800
   -0.746000   -0.020004   -0.010758    0.038176
    0.403000    0.006851   -0.031463   -0.018312
    0.662000    0.009835    0.024132   -0.035791
   -0.077000   -0.005118   -0.034348    0.005065
   -0.327000   -0.009788    0.033182    0.013995
   -0.651000    0.010264   -0.023125    0.034869
   -0.466000   -0.005896   -0.029606    0.024628
   -0.111000    0.011703   -0.032614    0.007807
   -0.503000   -0.019074   -0.022610    0.026268
    0.710000   -0.023175    0.006457   -0.038149
    0.280000   -0.020507   -0.026886   -0.013483
   -0.649000    0.026023    0.001127    0.032947
   -0.243000    0.033273    0.002864    0.013291
    0.213000   -0.024945   -0.022874   -0.010542
    0.263000   -0.009293   -0.032150   -0.011736
    0.423000   -0.031369    0.002625   -0.023756
    0.583000   -0.007746   -0.027956   -0.029272
    0.713000    0.024713    0.004508   -0.036468
   -0.558000    0.008086   -0.026320    0.029646
   -0.084000    0.033036    0.010367    0.003791
   -0.306000    0.009035    0.032749    0.013055
   -0.555000   -0.019681    0.023115    0.025972
    0.700000   -0.022394   -0.010370   -0.036892
   -0.091000    0.019903    0.029702    0.002405
    0.408000   -0.014371   -0.028819   -0.019875
    0.477000   -0.027402   -0.012895   -0.024524
   -0.330000   -0.004817   -0.031894    0.017789
    0.557000   -0.011565   -0.027316   -0.027326
   -0.493000   -0.009884   -0.028238    0.026094
   -0.439000    0.026169    0.018629    0.021365
   -0.719000    0.013224   -0.018578    0.037626
    0.001000    0.035127   -0.000974    0.000924
   -0.481000   -0.028403    0.013547    0.022278
   -0.480000   -0.020126   -0.021843    0.024877
   -0.439000    0.001874    0.032958    0.019151
   -0.037000   -0.013902    0.032817   -0.001605
   -0.173000    0.029218    0.019334    0.007371
    0.475000    0.030939   -0.000123   -0.024412
   -0.593000    0.026348   -0.008273    0.031687
    0.730000    0.009414    0.021809   -0.038918
   -0.220000   -0.018191   -0.028718    0.012604
    0.510000    0.015994    0.025372   -0.028439
    0.385000   -0.002265    0.032129   -0.022564
   -0.343000    0.026593    0.020991    0.016290
    0.274000   -0.033436   -0.000894   -0.015644
   -0.274000   -0.004693    0.034735    0.010426
   -0.671000    0.024206    0.009670    0.033816
    0.738000   -0.007403   -0.023376   -0.036628
   -0.575000    0.028081    0.000851    0.029143
   -0.121000   -0.031876   -0.014503    0.005901
    0.636000   -0.006544    0.025305   -0.035045
    0.692000    0.006270    0.024161   -0.037074
   -0.498000    0.017120   -0.023306    0.027389
    0.538000    0.019790   -0.022737   -0.026052
    0.039000    0.034052   -0.008938   -0.000938
    0.240000    0.033766    0.004538   -0.011712
    0.386000   -0.030777    0.009057   -0.021797
    0.528000    0.020200   -0.023055   -0.025006
   -0.288000    0.020254   -0.026210    0.016202
   -0.281000   -0.031503    0.011853    0.012330
   -0.317000    0.027994   -0.016647    0.017138
   -0.531000   -0.029236    0.008793    0.025670
    0.661000    0.007568   -0.026450   -0.032972
   -0.210000    0.033692   -0.005856    0.012108
    0.050000    0.024074    0.026181   -0.004292
    0.201000    0.032080   -0.011823   -0.009558
   -0.256000   -0.033677   -0.001201    0.012008
    0.674000   -0.009552   -0.024381   -0.033842
    0.388000    0.026081    0.018866   -0.021448
    0.599000   -0.024106    0.012242   -0.032850
    0.314000   -0.012518   -0.031227   -0.014944
   -0.343000    0.025075    0.021856    0.015825
    0.248000   -0.026499    0.021465   -0.016218
   -0.664000    0.024156   -0.008343    0.034198
   -0.309000   -0.006738   -0.031418    0.017701
   -0.299000   -0.032693   -0.006983    0.013922
   -0.195000    0.034196    0.001255    0.010077
    0.494000   -0.028143   -0.011682   -0.025895
   -0.250000    0.033520    0.005207    0.013218
    0.660000    0.024602   -0.010253   -0.033292
   -0.429000    0.029078   -0.010728    0.022909
   -0.346000   -0.027522    0.019723    0.015286
   -0.250000    0.033784    0.005258    0.012654
   -0.695000    0.008753    0.025142    0.032975
   -0.022000    0.033296   -0.010908    0.002787
   -0.553000   -0.024722    0.017401    0.026293
   -0.696000    0.022037    0.013688    0.034816
    0.339000   -0.029142   -0.015331   -0.017873
   -0.446000   -0.030144    0.011938    0.020682
    0.318000   -0.032739   -0.004353   -0.017281
    0.743000    0.018205   -0.016184   -0.037312
   -0.265000    0.001436   -0.033107    0.015779
   -0.025000   -0.016826    0.031198   -0.002587
   -0.467000   -0.031323    0.002028    0.022137
   -0.122000   -0.034703   -0.002527    0.005006
   -0.664000    0.001638    0.027730    0.031912
   -0.676000   -0.014972    0.023484    0.031716
    0.073000    0.030856   -0.016546   -0.002142
   -0.025000    0.005060    0.035188   -0.002167
    0.303000    0.032822    0.005482   -0.015949
    0.242000   -0.021166   -0.026868   -0.011534
   -0.454000    0.020802   -0.022178    0.025356
    0.091000    0.030862    0.016598   -0.005544
    0.674000   -0.010421   -0.024773   -0.033366
    0.499000   -0.029971    0.003423   -0.027700
   -0.131000   -0.025663   -0.023161    0.006877
   -0.261000   -0.033494    0.004523    0.011489
    0.629000   -0.023747    0.011771   -0.034297
    0.396000    0.011443   -0.030611   -0.018208
    0.210000   -0.000203   -0.034235   -0.008947
   -0.006000   -0.027787   -0.020752    0.000887
   -0.584000    0.022103    0.019378    0.027949
    0.737000   -0.015374    0.017026   -0.039532
   -0.492000    0.011331   -0.026835    0.026367
    0.433000   -0.030100   -0.008321   -0.023252
   -0.241000   -0.007370    0.034589    0.008761
   -0.431000    0.001178    0.032613    0.019150
   -0.486000    0.018056   -0.023289    0.025926
   -0.340000    0.005822    0.033870    0.014080
   -0.234000    0.011653    0.033430    0.009024
    0.098000   -0.002663    0.035357   -0.008424
   -0.263000   -0.030849   -0.012417    0.012373
    0.108000   -0.021283   -0.027771   -0.004865
    0.468000   -0.003706    0.030756   -0.027006
    0.392000   -0.011696   -0.030320   -0.018909
    0.186000    0.007959   -0.033749   -0.006941
    0.317000    0.014553   -0.030176   -0.013802
   -0.144000    0.001214    0.035621    0.004332
    0.462000   -0.008505   -0.030610   -0.022774
    0.055000    0.027880    0.021977   -0.004134
    0.285000   -0.030382   -0.013391   -0.014884
    0.707000   -0.017025   -0.018880   -0.035636
    0.278000    0.002877    0.034174   -0.017055
    0.278000    0.025550   -0.022571   -0.012985
    0.137000    0.032306   -0.012276   -0.005863
    0.048000   -0.024668    0.024573   -0.005595
    0.260000    0.015712    0.030314   -0.015957
    0.157000   -0.018742    0.029284   -0.011706
   -0.684000    0.008600    0.025779    0.032865
   -0.400000   -0.005846   -0.031076    0.021369
    0.188000   -0.027712    0.020643   -0.012541
    0.205000   -0.033703    0.000359   -0.011719
    0.374000    0.002950   -0.033112   -0.017371
   -0.421000    0.030870    0.008155    0.021718
    0.216000   -0.032216    0.010803   -0.013005
   -0.509000    0.022453   -0.019115    0.027191
   -0.139000   -0.027888    0.021786    0.004586
   -0.408000   -0.031435    0.006312    0.018421
   -0.191000   -0.028420   -0.019334    0.010115
    0.114000   -0.012388    0.032606   -0.008921
   -0.588000   -0.007784   -0.025781    0.031087
    0.252000   -0.002048   -0.033942   -0.011041
    0.365000    0.023031   -0.023083   -0.017054
    0.417000   -0.019222   -0.025360   -0.021061
    0.581000    0.028365   -0.006888   -0.028771
    0.736000    0.020223   -0.014544   -0.036378
    0.148000    0.016260   -0.030330   -0.005946
   -0.331000    0.030842   -0.010442    0.018420
    0.413000    0.030702   -0.010030   -0.020605
    0.258000   -0.019853   -0.026866   -0.012546
   -0.058000   -0.034178    0.008835    0.000720
   -0.738000    0.018539    0.015745    0.036739
    0.042000   -0.034839   -0.003721   -0.003563
   -0.695000    0.024151   -0.005798    0.035667
    0.049000    0.016145   -0.030781   -0.000726
   -0.444000    0.017245   -0.024775    0.024789
    0.476000    0.020876    0.022732   -0.025944
   -0.707000    0.003790    0.026534    0.033347
    0.078000    0.019466   -0.028474   -0.001895
   -0.526000   -0.029886    0.007349    0.024745
   -0.712000   -0.024628   -0.002773    0.035610
   -0.408000   -0.019931   -0.024599    0.020936
    0.033000    0.015028   -0.031756    0.000874
    0.683000   -0.022529   -0.012626   -0.034987
   -0.030000   -0.020389    0.028861   -0.001878
    0.287000    0.016931    0.028951   -0.017399
    0.159000    0.013001    0.032477   -0.011092
   -0.282000    0.001580    0.034710    0.011063
    0.114000    0.034106    0.007407   -0.005870
   -0.077000   -0.016984   -0.029934    0.004693
    0.434000    0.025100    0.019028   -0.024080
   -0.704000   -0.023761    0.010129    0.034542
    0.047000   -0.031283   -0.015061   -0.002961
   -0.091000   -0.001767    0.035934    0.001047
    0.374000    0.009788   -0.031313   -0.017188
    0.707000    0.010220   -0.023760   -0.035060
   -0.077000   -0.029202    0.019401    0.001235
   -0.398000   -0.012465   -0.028911    0.021592
   -0.744000    0.019248   -0.011358    0.038630
    0.392000    0.025820   -0.020204   -0.018207
   -0.712000    0.023621    0.008257    0.035599
    0.146000   -0.000939    0.035193   -0.011140
    0.750000   -0.019823   -0.012587   -0.038621
    0.543000   -0.027283    0.009109   -0.030164
    0.282000   -0.008146   -0.033130   -0.013507
   -0.103000    0.011227    0.033630    0.002006
   -0.330000    0.029471    0.015196    0.016318
   -0.050000   -0.011887    0.033772   -0.000787
   -0.295000    0.025478    0.023285    0.013202
    0.705000   -0.023674   -0.003787   -0.037729
   -0.489000   -0.019769    0.025161    0.021738
   -0.482000    0.029168    0.011412    0.023941
    0.414000    0.029910    0.012045   -0.021650
    0.231000    0.005685   -0.033993   -0.010166
   -0.125000    0.029254    0.019005    0.005392
   -0.551000   -0.023292    0.019770    0.025515
   -0.536000    0.029354    0.002042    0.027625
    0.743000   -0.010830   -0.021334   -0.037180
    0.640000    0.027140    0.001557   -0.032183
   -0.087000    0.034803    0.002383    0.004317
    0.008000   -0.015250   -0.031417    0.000825
    0.123000    0.000224   -0.034854   -0.003894
    0.447000    0.016758   -0.027699   -0.021186
    0.146000    0.017871   -0.029518   -0.005752
   -0.567000   -0.001782   -0.027804    0.030219
    0.078000    0.034219   -0.005701   -0.002842
   -0.465000    0.030838   -0.002554    0.023746
    0.199000    0.003409   -0.034465   -0.007701
    0.672000   -0.019356   -0.017106   -0.034163
   -0.316000    0.005983    0.034329    0.013146
   -0.341000   -0.031857    0.010169    0.015313
    0.244000   -0.020225    0.027170   -0.015703
   -0.104000   -0.033436    0.010151    0.002989
    0.587000   -0.008921   -0.027731   -0.028429
   -0.320000   -0.033160    0.004547    0.014104
    0.286000    0.032367    0.010576   -0.015555
    0.141000    0.033682    0.010691   -0.007486
   -0.619000    0.027059    0.002112    0.031788
    0.407000    0.026736    0.017674   -0.021719
   -0.083000    0.005115   -0.033988    0.006139
    0.011000   -0.029605   -0.018072   -0.000975
   -0.481000    0.000307    0.032185    0.021893
    0.441000    0.026153   -0.018146   -0.021375
   -0.616000   -0.023434    0.016007    0.028811
   -0.463000   -0.008491    0.031246    0.020289
    0.160000    0.023857   -0.025116   -0.006391
    0.191000    0.034649   -0.002868   -0.009004
   -0.032000    0.026733    0.022783    0.000484
    0.154000    0.027792   -0.020823   -0.006246
   -0.738000    0.017847    0.017052    0.035859
    0.395000   -0.025897    0.018052   -0.022963
    0.032000    0.006133   -0.034552    0.000179
    0.218000   -0.005058   -0.034352   -0.009179
   -0.683000    0.004347   -0.023946    0.036717
   -0.020000   -0.034778    0.003336   -0.001155
   -0.576000    0.027791    0.005044    0.029355
    0.338000   -0.027700   -0.018120   -0.017137
    0.715000   -0.004170   -0.024799   -0.035955
   -0.538000   -0.029406    0.007686    0.025816
   -0.463000    0.029879    0.007475    0.022944
   -0.299000   -0.016756   -0.028233    0.016553
   -0.050000   -0.025270   -0.024401    0.003118
    0.101000   -0.013220    0.032397   -0.009096
   -0.370000   -0.026291    0.021088    0.015653
    0.085000    0.022807   -0.026647   -0.001667
   -0.406000   -0.031590   -0.001559    0.018999
   -0.098000    0.004632    0.035012    0.002351
   -0.522000   -0.013265    0.028356    0.023494
   -0.126000   -0.015389    0.031900    0.002908
    0.110000   -0.007579   -0.033655   -0.003994
    0.520000   -0.018944   -0.023210   -0.025785
   -0.552000   -0.026865   -0.011585    0.027454
    0.184000   -0.003448    0.034815   -0.012473
    0.461000    0.005792    0.030649   -0.026285
   -0.495000    0.005675    0.031697    0.022457
   -0.010000   -0.027073    0.023174   -0.002729
    0.536000    0.029606    0.005454   -0.027025
    0.315000    0.024874    0.022341   -0.017147
    0.427000    0.019032   -0.026054   -0.020542
   -0.394000    0.027261   -0.016204    0.021963
   -0.375000    0.011364   -0.029607    0.020489
    0.026000   -0.022721   -0.026674   -0.000382
    0.628000   -0.021101   -0.017588   -0.032337
    0.114000    0.023204    0.026063   -0.008249
    0.574000   -0.027517   -0.006510   -0.030925
    0.139000    0.010790    0.033499   -0.010550
   -0.612000    0.005530    0.028136    0.028589
   -0.103000   -0.008719   -0.033325    0.006747
   -0.264000   -0.001610    0.035014    0.009687
   -0.746000   -0.010793    0.022836    0.035520
   -0.651000    0.004247   -0.025163    0.034695
    0.235000   -0.024479    0.023434   -0.015012
   -0.036000   -0.032428    0.013627   -0.000884
    0.640000   -0.026089    0.003281   -0.034133
   -0.009000   -0.031757    0.015951   -0.002453
   -0.647000   -0.024322    0.013820    0.030336
   -0.079000    0.025338    0.024714    0.002931
   -0.705000   -0.015487    0.020991    0.033093
   -0.491000    0.022323   -0.019462    0.026737
   -0.157000    0.034829   -0.002268    0.008908
    0.710000    0.023693   -0.009192   -0.036129
   -0.053000   -0.008514   -0.033501    0.003807
   -0.172000   -0.017931    0.030144    0.004959
   -0.688000    0.000537   -0.024503    0.036227
   -0.506000   -0.006439    0.030539    0.022394
   -0.570000   -0.012113   -0.025005    0.030194
    0.380000   -0.021013    0.024070   -0.022424
    0.188000    0.034684   -0.001087   -0.009010
   -0.605000   -0.024695    0.014878    0.028013
   -0.597000   -0.021155   -0.017890    0.030414
    0.651000    0.026465   -0.006879   -0.032770
    0.264000   -0.006651   -0.033324   -0.012305
    0.058000    0.002484   -0.034534   -0.000567
   -0.601000   -0.026931   -0.007194    0.029751
    0.138000   -0.007149   -0.034116   -0.006094
    0.644000   -0.017938    0.018305   -0.035471
   -0.458000    0.022378    0.022534    0.021229
    0.011000   -0.000257    0.035960   -0.003294
   -0.597000   -0.027731    0.006809    0.028057
   -0.519000    0.027028   -0.010562    0.027192
   -0.259000    0.032781   -0.006901    0.013546
    0.642000    0.002751   -0.027426   -0.030834
    0.420000   -0.027184   -0.016434   -0.021167
   -0.032000    0.019311   -0.029332    0.004055
    0.321000    0.013566    0.030674   -0.018636
   -0.570000   -0.023331   -0.015607    0.029380
   -0.564000    0.024553   -0.013914    0.030171
    0.232000   -0.005468   -0.033469   -0.009691
    0.243000    0.023855    0.024553   -0.014481
    0.394000   -0.031296   -0.006258   -0.021232
   -0.218000    0.025799   -0.021033    0.012389
   -0.537000   -0.028597    0.008738    0.025828
   -0.231000    0.004780   -0.033356    0.013705
    0.017000   -0.030518    0.018139   -0.003047
   -0.443000   -0.027255    0.016966    0.020408
   -0.461000    0.030683    0.001927    0.024099
   -0.148000    0.033410   -0.009314    0.009182
    0.149000    0.032966    0.012516   -0.007724
    0.690000    0.012067    0.021670   -0.037635
    0.019000    0.029485    0.020009   -0.002181
   -0.265000   -0.029137   -0.016459    0.013223
   -0.148000   -0.021384   -0.026287    0.007908
   -0.125000   -0.028635   -0.018883    0.005692
   -0.702000    0.008576   -0.021500    0.036814
    0.046000   -0.003672    0.035316   -0.005771
   -0.649000    0.017962    0.020916    0.031601
    0.022000    0.019743   -0.028253    0.000728
   -0.216000    0.010960    0.032966    0.008351
    0.403000   -0.024386   -0.020404   -0.020945
    0.496000   -0.023365    0.018243   -0.028028
   -0.647000   -0.021176   -0.015854    0.032464
   -0.013000   -0.015652   -0.030826    0.001384
    0.350000   -0.031898   -0.007370   -0.019473
   -0.374000    0.031951    0.006687    0.019544
   -0.689000    0.013942    0.022785    0.033400
   -0.733000   -0.009092    0.023617    0.035413
   -0.622000    0.027150   -0.000374    0.032178
   -0.251000   -0.033258    0.006355    0.011211
   -0.590000    0.022596    0.018282    0.028774
   -0.654000    0.000443   -0.025192    0.034267
   -0.251000    0.023679   -0.023491    0.015175
    0.230000    0.008534   -0.033301   -0.009896
    0.412000    0.029736    0.011482   -0.021649
    0.306000    0.002031   -0.033399   -0.013318
   -0.383000   -0.032654   -0.001120    0.018374
    0.436000   -0.029145    0.011193   -0.025090
   -0.056000    0.034674    0.003001    0.002572
   -0.250000   -0.032929    0.009102    0.011194
    0.190000    0.030767    0.015685   -0.010163
    0.359000    0.023964    0.022886   -0.019679
   -0.255000    0.032849   -0.007601    0.013425
    0.345000   -0.032542    0.002575   -0.019580
    0.514000   -0.010875   -0.028602   -0.025824
    0.621000    0.007064    0.026166   -0.033624
    0.154000   -0.024970   -0.024115   -0.007760
   -0.234000    0.002980    0.035186    0.008769
   -0.750000    0.022527    0.004715    0.037627
    0.344000    0.007742   -0.032059   -0.015931
    0.565000    0.027620    0.010283   -0.029832
    0.745000    0.018066   -0.016667   -0.037226
   -0.633000   -0.025386    0.012812    0.030668
   -0.148000   -0.033982    0.005867    0.005616
    0.743000    0.020242    0.012506   -0.038511
    0.179000    0.015048   -0.031479   -0.006612
    0.225000    0.029523    0.018074   -0.012272
    0.221000   -0.012480   -0.032423   -0.009981
   -0.110000    0.004318   -0.034180    0.008095
   -0.739000   -0.024125    0.004114    0.036567
   -0.584000   -0.006854    0.028804    0.026460
    0.181000    0.029496    0.019154   -0.010308
   -0.281000    0.023205    0.025771    0.012529
   -0.508000   -0.030310    0.004164    0.023674
   -0.325000   -0.031635   -0.007871    0.015476
   -0.363000   -0.000984   -0.031687    0.019925
   -0.536000   -0.018456   -0.021822    0.027891
    0.561000    0.007193    0.027925   -0.031087
    0.256000    0.010550    0.032396   -0.015364
   -0.698000    0.019028    0.018096    0.033855
    0.171000    0.022493    0.026235   -0.010287
   -0.486000   -0.031087   -0.002017    0.023483
   -0.693000    0.023034    0.010209    0.034314
    0.106000    0.029952   -0.018099   -0.003555
   -0.655000    0.008486   -0.023402    0.035264
   -0.310000    0.032459    0.006993    0.015936
    0.521000   -0.020592   -0.022023   -0.026958
   -0.145000    0.016707   -0.030212    0.009599
    0.119000   -0.032042    0.012402   -0.008418
   -0.453000   -0.031527   -0.003031    0.021455
    0.039000    0.032979    0.011634   -0.002606
   -0.714000   -0.012916    0.022837    0.034181
   -0.501000   -0.007813   -0.028302    0.026310
   -0.166000   -0.018461    0.029821    0.005374
   -0.101000   -0.031870    0.014590    0.002524
   -0.399000   -0.031580    0.008660    0.018648
   -0.501000   -0.027634    0.014283    0.023535
   -0.720000    0.021638   -0.007740    0.037284
   -0.408000    0.006348   -0.030397    0.023192
   -0.653000   -0.001314    0.028090    0.030135
    0.128000   -0.034633    0.005587   -0.008993
   -0.443000   -0.012852   -0.027771    0.023729
   -0.526000    0.017491   -0.022856    0.028281
   -0.339000    0.006061    0.033681    0.013912
   -0.728000   -0.008120   -0.021257    0.038446
   -0.343000    0.016462    0.029930    0.014928
    0.389000    0.028728   -0.016017   -0.018668
    0.033000    0.032696   -0.012457   -0.000880
    0.095000    0.005666    0.034686   -0.008051
   -0.729000    0.006254    0.024773    0.034466
   -0.594000   -0.001498   -0.026760    0.031093
   -0.409000    0.009260    0.031926    0.017936
    0.480000    0.003942   -0.030852   -0.023338
   -0.562000   -0.028754    0.006622    0.027311
    0.272000    0.007165   -0.032892   -0.012472
    0.156000   -0.006653    0.034411   -0.011417
   -0.084000    0.016252   -0.030620    0.006105
    0.346000    0.011839    0.030871   -0.020967
   -0.188000   -0.009929   -0.032493    0.011121
   -0.155000   -0.022560    0.026749    0.005169
    0.246000    0.033375   -0.006795   -0.011931
   -0.590000    0.011607    0.027088    0.028131
    0.207000    0.021079   -0.027348   -0.008818
   -0.082000    0.030825   -0.015750    0.005473
    0.069000   -0.003045   -0.034858   -0.002085
    0.541000   -0.002809    0.028533   -0.030635
   -0.355000    0.018232   -0.026054    0.020002
   -0.404000    0.031634    0.001012    0.021448
    0.184000    0.018645    0.029411   -0.012177
   -0.169000   -0.031906    0.014131    0.006509
    0.084000    0.034620   -0.000460   -0.003577
   -0.398000    0.028155    0.015761    0.018962
    0.260000    0.004412   -0.033652   -0.011035
   -0.289000    0.031368   -0.011156    0.015891
    0.441000    0.025529    0.019454   -0.023314
   -0.281000   -0.004842   -0.032778    0.015873
    0.349000   -0.009990    0.031000   -0.020668
    0.523000    0.014511   -0.027188   -0.025111
   -0.592000    0.018816    0.021989    0.028653
   -0.450000    0.030103   -0.005297    0.023168
   -0.432000    0.028068    0.015974    0.021388
   -0.534000   -0.029647   -0.000803    0.025949
   -0.468000   -0.029859    0.009483    0.021626
    0.172000   -0.025330   -0.023269   -0.007969
    0.699000   -0.023899   -0.008033   -0.035947
    0.401000    0.032184   -0.003490   -0.019701
    0.454000    0.022493   -0.022238   -0.021150
    0.077000    0.027368   -0.021592   -0.001632
   -0.204000    0.024666    0.025166    0.008998
    0.202000    0.013237    0.032149   -0.012614
    0.104000   -0.001608    0.035304   -0.009192
    0.174000   -0.027823   -0.019442   -0.008543
    0.218000    0.011326    0.032822   -0.014504
    0.497000    0.030002    0.007695   -0.025877
   -0.206000    0.011771    0.033018    0.008339
    0.121000   -0.017110   -0.030215   -0.005057
   -0.539000   -0.020529    0.023511    0.024281
   -0.707000   -0.022785    0.011719    0.034664
    0.364000    0.000791    0.032340   -0.022186
   -0.195000   -0.004673   -0.033417    0.010934
    0.150000    0.001826    0.035469   -0.011301
    0.284000    0.007689   -0.033289   -0.012665
   -0.146000    0.027719   -0.019819    0.008561
   -0.544000   -0.027120    0.013141    0.026079
    0.207000   -0.024471   -0.023893   -0.009675
    0.629000    0.016349    0.021513   -0.034580
    0.626000   -0.014455    0.022670   -0.034536
    0.405000    0.032066   -0.005971   -0.020293
    0.136000   -0.030487    0.017225   -0.009491
    0.640000    0.018485    0.020033   -0.034269
    0.189000    0.031111    0.014967   -0.010634
    0.655000   -0.019257   -0.019055   -0.033411
    0.604000    0.018947    0.020373   -0.032192
   -0.038000   -0.009116   -0.033467    0.002900
    0.720000   -0.002941    0.023271   -0.039071
   -0.079000    0.004879   -0.034465    0.006568
    0.509000    0.029051   -0.010928   -0.024453
    0.541000    0.020848   -0.022282   -0.026595
   -0.742000    0.018127   -0.013464    0.038383
   -0.688000   -0.000827    0.027263    0.032458
    0.601000   -0.010157   -0.027043   -0.030385
    0.365000    0.000636   -0.033148   -0.016922
    0.165000   -0.028147   -0.019871   -0.008822
   -0.399000    0.000143   -0.031191    0.022403
   -0.625000    0.014800   -0.021128    0.033380
    0.615000    0.027666    0.000825   -0.031822
    0.223000    0.019656    0.027781   -0.013736
   -0.202000    0.005920    0.034724    0.006883
    0.084000   -0.014447   -0.031721   -0.002565
   -0.533000    0.022376   -0.018460    0.028371
    0.541000   -0.026864    0.009806   -0.029522
   -0.253000   -0.033331   -0.007169    0.011579
   -0.347000   -0.006703    0.033558    0.014927
    0.396000   -0.031515   -0.003106   -0.021673
   -0.125000    0.033907   -0.005817    0.006886
    0.222000   -0.013293   -0.031687   -0.009561
    0.398000   -0.021969   -0.024131   -0.019355
   -0.720000    0.000667   -0.022590    0.037239
   -0.300000   -0.033771   -0.002593    0.014143
    0.487000    0.011228   -0.029144   -0.023087
   -0.073000    0.033899   -0.008972    0.005158
    0.628000    0.005182    0.025933   -0.034815
    0.649000   -0.021345   -0.015769   -0.032926
   -0.556000    0.004188   -0.027265    0.029740
   -0.740000   -0.012500    0.022065    0.035104
   -0.091000    0.022698   -0.026073    0.006988
   -0.700000    0.009506   -0.021831    0.037113
    0.368000    0.031935   -0.009048   -0.018098
    0.599000   -0.012213   -0.025623   -0.029555
    0.032000   -0.017447    0.031009   -0.005146
   -0.049000    0.000668    0.035782   -0.000226
   -0.234000   -0.033464   -0.005242    0.011103
    0.393000   -0.027554    0.016358   -0.022424
   -0.590000    0.009745   -0.024835    0.032290
   -0.327000   -0.032888   -0.005204    0.015262
    0.660000   -0.016337    0.019288   -0.036300
    0.645000    0.005952   -0.027286   -0.031427
   -0.506000    0.014144   -0.025609    0.027867
   -0.131000    0.024295   -0.024317    0.008685
    0.593000   -0.014165    0.023189   -0.032839
   -0.314000   -0.017661   -0.027550    0.016221
    0.611000    0.017836   -0.022117   -0.030346
   -0.656000   -0.015053    0.024161    0.031108
    0.722000   -0.020750    0.010261   -0.038590
    0.674000    0.022860   -0.013390   -0.033770
    0.474000   -0.016374    0.025447   -0.026826
   -0.279000   -0.031000   -0.013205    0.013062
   -0.722000   -0.009054    0.024953    0.034814
    0.362000   -0.013227   -0.029935   -0.017856
    0.199000   -0.033363    0.006947   -0.012257
   -0.641000    0.012985    0.024784    0.031077
    0.201000    0.030926    0.015607   -0.010629
   -0.015000    0.032187   -0.013569    0.001639
    0.492000    0.009222   -0.029292   -0.023624
    0.525000   -0.024991    0.014878   -0.028990
   -0.602000   -0.012874   -0.023648    0.031177
    0.312000    0.025374    0.021531   -0.016822
   -0.730000    0.016146    0.019303    0.036174
   -0.735000   -0.016785   -0.016054    0.037480
    0.338000   -0.030029    0.012926   -0.019580
   -0.182000   -0.012253    0.033448    0.006188
    0.562000    0.016983    0.023331   -0.030272
   -0.491000    0.027196    0.013571    0.024249
    0.216000    0.031925    0.012665   -0.011544
   -0.428000   -0.025269    0.020413    0.018515
    0.626000   -0.023300    0.012669   -0.033733
   -0.625000   -0.017924    0.022257    0.029550
   -0.374000   -0.032477   -0.001700    0.017837
    0.609000    0.013733    0.023621   -0.033682
   -0.086000    0.018394   -0.029154    0.006179
    0.419000    0.026433   -0.018590   -0.020065
    0.223000    0.011879   -0.032588   -0.009212
   -0.027000   -0.031929   -0.014828    0.000278
   -0.328000    0.013218   -0.029721    0.018525
   -0.197000   -0.029409   -0.017399    0.010029
    0.057000    0.020955    0.029102   -0.005353
   -0.288000   -0.033025    0.005858    0.013324
    0.363000   -0.011245   -0.031022   -0.017428
   -0.214000   -0.033060   -0.007866    0.009498
   -0.144000   -0.031722   -0.013998    0.007384
    0.627000    0.013135    0.023818   -0.034183
   -0.023000    0.032671    0.012404    0.000529
    0.678000    0.005237   -0.026199   -0.032854
    0.168000    0.031548    0.014046   -0.008807
    0.297000   -0.032605   -0.006201   -0.016601
   -0.305000   -0.032955    0.004895    0.013588
   -0.011000    0.031777   -0.014598    0.001597
   -0.215000    0.029770    0.016942    0.010078
   -0.639000   -0.002836   -0.025507    0.034004
    0.290000    0.017412   -0.029417   -0.013120
    0.574000    0.002827    0.027833   -0.032144
   -0.419000    0.030839    0.007500    0.021627
   -0.276000    0.031625    0.013083    0.013636
   -0.405000   -0.025192    0.021879    0.018053
    0.197000    0.016813   -0.030210   -0.008185
   -0.400000   -0.027639    0.018648    0.017250
    0.643000   -0.001201   -0.028097   -0.031316
   -0.607000   -0.012195    0.027061    0.028232
   -0.686000    0.002887   -0.023411    0.036838
   -0.439000    0.029308    0.011880    0.021597
   -0.337000   -0.002162   -0.031965    0.018969
    0.420000   -0.029227    0.011716   -0.023320
    0.425000   -0.030631   -0.006365   -0.022863
   -0.705000    0.019795    0.015605    0.035129
   -0.016000    0.007211   -0.033675    0.002959
   -0.136000   -0.007641    0.034398    0.003565
   -0.626000    0.025393   -0.007729    0.032743
    0.468000    0.003247   -0.031330   -0.022756
   -0.023000   -0.002981   -0.034350    0.002998
   -0.387000    0.026571    0.019036    0.018885
   -0.443000   -0.007554   -0.029808    0.023877
    0.470000   -0.025614   -0.017547   -0.024016
    0.366000    0.031038   -0.009480   -0.017977
   -0.165000   -0.033904   -0.005071    0.007722
   -0.566000    0.023960   -0.014586    0.029896
    0.225000   -0.029265   -0.017977   -0.011694
    0.737000    0.022219    0.009465   -0.038905
    0.002000    0.001691   -0.034543    0.001637
    0.070000   -0.034663   -0.004352   -0.004936
    0.551000    0.016288    0.023723   -0.029865
    0.357000   -0.014559    0.029014   -0.021855
    0.172000   -0.033618    0.005927   -0.010672
    0.683000    0.006102    0.024257   -0.036816
   -0.738000   -0.022299   -0.007373    0.036621
    0.122000   -0.016004    0.030823   -0.009657
    0.387000   -0.001601   -0.033070   -0.017872
   -0.532000    0.007230   -0.027211    0.028423
   -0.563000   -0.028899   -0.004452    0.027774
    0.228000   -0.026545   -0.021209   -0.011715
    0.422000    0.022649    0.022363   -0.022717
    0.687000    0.008416   -0.024908   -0.034321
   -0.686000    0.004767    0.026307    0.032833
    0.522000    0.029527   -0.007648   -0.025674
    0.134000    0.030365   -0.016245   -0.005315
   -0.679000   -0.008465    0.026419    0.031451
    0.014000    0.004540   -0.034590    0.001493
   -0.478000   -0.019304   -0.022699    0.024620
    0.541000   -0.014177   -0.026598   -0.027044
   -0.448000    0.010301   -0.028539    0.025056
    0.743000    0.022122   -0.009742   -0.036773
    0.440000   -0.029412    0.010129   -0.024074
   -0.362000   -0.029912    0.014139    0.015967
   -0.382000   -0.004227   -0.031074    0.020522
   -0.076000    0.016004   -0.030625    0.005662
    0.015000   -0.032418   -0.012841   -0.000817
   -0.562000    0.028010    0.008847    0.028798
    0.071000   -0.025411    0.024671   -0.006561
    0.616000   -0.005079   -0.028212   -0.030972
   -0.676000    0.025643    0.001216    0.034272
   -0.490000    0.007383    0.030833    0.022489
    0.738000   -0.014477   -0.018996   -0.037417
   -0.117000   -0.007065   -0.033447    0.007524
   -0.571000    0.018600    0.023258    0.028036
    0.207000    0.019130    0.029045   -0.012937
    0.029000   -0.004816   -0.034537   -0.000163
    0.150000   -0.021420   -0.027523   -0.007096
   -0.320000   -0.031954   -0.009775    0.015994
   -0.191000   -0.023464   -0.024235    0.009800
    0.699000    0.022568   -0.013294   -0.034943
   -0.216000    0.021243   -0.025832    0.013274
   -0.157000   -0.000860   -0.034383    0.009810
   -0.250000    0.032358   -0.008786    0.014264
   -0.464000   -0.031567   -0.001717    0.021993
    0.722000    0.022255    0.009693   -0.037149
   -0.355000   -0.011092   -0.030348    0.019154
    0.472000    0.016160    0.026138   -0.025671
   -0.742000    0.009174    0.023335    0.035353
    0.601000    0.017326    0.022254   -0.032815
    0.514000   -0.028366   -0.009370   -0.027631
    0.518000   -0.016842    0.024023   -0.029963
    0.712000    0.017238    0.017685   -0.038118
    0.166000   -0.011721   -0.032599   -0.007489
   -0.140000    0.014423    0.032616    0.004812
    0.525000    0.015712   -0.026574   -0.025661
   -0.705000    0.000954    0.026981    0.033464
   -0.096000    0.016608    0.031755    0.002059
    0.740000    0.020645   -0.013297   -0.036673
    0.360000    0.023494   -0.023173   -0.016884
   -0.004000    0.035408    0.003476   -0.000023
   -0.056000   -0.007559    0.034398   -0.000138
    0.112000   -0.014058    0.031872   -0.008928
    0.268000   -0.000556    0.033467   -0.016423
    0.381000    0.024265    0.021928   -0.021481
    0.395000   -0.003362    0.031900   -0.022807
    0.516000   -0.011563   -0.028218   -0.024893
    0.742000    0.024237   -0.003713   -0.037820
    0.026000   -0.020899   -0.027824   -0.000843
   -0.014000   -0.033571    0.009948   -0.001829
   -0.748000   -0.019307    0.015411    0.036193
    0.116000   -0.008672   -0.033871   -0.004720
   -0.141000   -0.032350    0.013683    0.004175
   -0.499000    0.021451   -0.020058    0.027124
    0.380000    0.031690    0.007227   -0.019825
    0.084000    0.034843    0.002931   -0.003784
   -0.127000   -0.024069   -0.024412    0.006866
   -0.713000    0.022745    0.010472    0.036276
    0.560000    0.025102   -0.016551   -0.027835
    0.231000    0.028485   -0.019277   -0.009701
    0.235000   -0.024284    0.024011   -0.014548
    0.592000   -0.004225    0.027230   -0.032623
   -0.570000   -0.021937   -0.018285    0.028868
    0.554000   -0.014578   -0.025307   -0.028168
    0.165000    0.034671    0.003526   -0.008875
    0.635000    0.015358   -0.023331   -0.031166
   -0.468000    0.027019    0.015278    0.023056
   -0.655000    0.014607    0.023692    0.032104
   -0.572000   -0.026959    0.011796    0.027604
   -0.064000   -0.026661    0.023977   -0.000153
    0.716000    0.001978   -0.025673   -0.034974
   -0.713000   -0.019673    0.017594    0.033826
   -0.723000   -0.003343    0.025627    0.034222
    0.414000   -0.015787    0.027550   -0.023840
    0.011000    0.007264    0.035206   -0.003062
    0.439000    0.018599    0.025467   -0.024953
    0.354000    0.018640   -0.027702   -0.016183
   -0.355000   -0.032430    0.007903    0.016055
    0.471000   -0.006372    0.029737   -0.027602
   -0.263000   -0.023174    0.026102    0.010939
   -0.385000    0.006493   -0.030428    0.021048
   -0.203000    0.021963   -0.025751    0.012717
    0.214000    0.027292    0.020954   -0.012415
   -0.583000    0.000344    0.030220    0.027457
    0.479000   -0.004611   -0.031129   -0.023387
    0.112000   -0.001452    0.035122   -0.008913
    0.147000   -0.025793    0.023019   -0.010862
    0.510000    0.021203   -0.022809   -0.024042
    0.290000   -0.033087    0.004939   -0.016386
    0.707000   -0.006806   -0.024980   -0.035490
   -0.470000   -0.012848    0.030119    0.020423
   -0.173000   -0.023353   -0.024185    0.009550
    0.152000   -0.025782   -0.023104   -0.008199
   -0.669000    0.018998   -0.015483    0.035009
   -0.215000    0.034022    0.003584    0.011354
   -0.275000   -0.027875   -0.018202    0.014147
   -0.151000   -0.018598   -0.028550    0.008318
   -0.567000   -0.000750    0.030512    0.026116
   -0.068000    0.021872    0.027656    0.001616
    0.397000   -0.016660    0.027540   -0.023073
    0.568000   -0.028276   -0.004493   -0.030518
   -0.594000    0.022408   -0.015151    0.031134
   -0.101000    0.033286    0.011727    0.004378
    0.398000   -0.014414    0.028337   -0.023107
    0.362000   -0.003008    0.032171   -0.021111
    0.624000   -0.026146   -0.005823   -0.032645
    0.515000    0.016455   -0.025803   -0.024076
    0.664000    0.015404    0.020828   -0.035310
   -0.194000    0.032953    0.010977    0.009597
    0.006000   -0.027970    0.021836   -0.002895
   -0.347000   -0.032415    0.008160    0.016239
   -0.173000    0.009728   -0.033028    0.010745
    0.496000   -0.014108   -0.027634   -0.025042
   -0.478000   -0.027833   -0.013161    0.023651
   -0.598000    0.025942    0.011070    0.029815
    0.083000   -0.013597    0.032911   -0.007754
    0.458000    0.031086    0.004187   -0.023042
   -0.088000   -0.000170    0.035505    0.001654
    0.490000    0.022371   -0.021447   -0.023749
    0.054000   -0.013399    0.032738   -0.006388
   -0.114000   -0.034450   -0.006103    0.004523
    0.058000    0.021233    0.028617   -0.004561
    0.250000    0.005320   -0.033534   -0.010713
    0.431000   -0.028987   -0.013020   -0.022044
   -0.006000   -0.020217    0.029394   -0.002873
    0.100000    0.026808   -0.022467   -0.002899
   -0.065000    0.028073    0.022222    0.002348
   -0.121000   -0.031541   -0.014567    0.005585
    0.476000   -0.013303   -0.028020   -0.022968
    0.054000   -0.024964    0.024909   -0.005418
    0.419000   -0.004566   -0.031980   -0.020185
    0.033000   -0.018450    0.029794   -0.005126
    0.399000    0.027204   -0.018013   -0.018369
   -0.631000    0.012295    0.025809    0.029957
   -0.516000    0.013787   -0.025714    0.028464
    0.215000    0.001894    0.034594   -0.014084
   -0.329000    0.017486    0.029202    0.014231
   -0.573000    0.018013    0.023672    0.027197
   -0.429000    0.019284   -0.023921    0.023842
   -0.574000   -0.026718   -0.009404    0.029016
   -0.174000   -0.009621   -0.032756    0.010883
   -0.666000    0.010188    0.025887    0.031332
   -0.460000    0.014277    0.028802    0.020742
   -0.373000   -0.032714   -0.000861    0.017115
   -0.698000   -0.024808    0.009451    0.033319
    0.360000   -0.019165   -0.026783   -0.017819
    0.008000    0.001653   -0.034573    0.001547
   -0.613000   -0.027632   -0.003566    0.030482
   -0.170000   -0.021675   -0.026920    0.009050
   -0.330000    0.014596    0.031169    0.014336
   -0.750000   -0.023873    0.003674    0.037201
    0.065000   -0.012782    0.033357   -0.007120
    0.140000   -0.021561    0.027747   -0.010052
    0.603000    0.008528    0.026663   -0.032737
   -0.369000    0.030996   -0.008372    0.020402
    0.709000   -0.017498   -0.017283   -0.035659
   -0.197000    0.033344    0.010381    0.009782
   -0.717000   -0.019476    0.017787    0.034007
    0.565000   -0.013320   -0.025856   -0.028278
    0.737000   -0.013419    0.018407   -0.040407
   -0.571000   -0.020708    0.021530    0.026185
   -0.469000    0.030640   -0.000484    0.024791
   -0.600000    0.015763    0.024381    0.028196
    0.349000   -0.032707    0.003229   -0.019105
    0.028000    0.022585    0.027820   -0.003995
   -0.636000    0.015849   -0.020195    0.033905
   -0.694000    0.024288   -0.003010    0.035704
    0.664000    0.021683   -0.016370   -0.032715
    0.335000   -0.007415   -0.032633   -0.015939
    0.013000    0.018215   -0.029680    0.001501
    0.508000    0.016937   -0.025796   -0.024078
    0.293000    0.013233   -0.031072   -0.013297
   -0.324000    0.029450   -0.014159    0.018503
   -0.266000   -0.023367    0.025465    0.010952
    0.275000    0.033905    0.003689   -0.013682
    0.026000    0.034877   -0.000074   -0.001173
    0.389000   -0.030370    0.009610   -0.021768
   -0.749000   -0.022600    0.009632    0.036399
   -0.493000   -0.030011   -0.003344    0.023703
   -0.432000    0.026518    0.017479    0.020614
    0.508000    0.023473    0.018605   -0.027287
   -0.218000   -0.034478   -0.000509    0.010069
    0.323000   -0.005333    0.032525   -0.020048
    0.681000    0.022833   -0.012709   -0.033555
    0.004000   -0.033715   -0.008163   -0.000595
    0.050000    0.032894    0.011756   -0.003429
   -0.643000   -0.009105    0.027062    0.030035
    0.069000   -0.012696    0.033411   -0.007206
   -0.204000    0.027368    0.021874    0.009390
    0.368000   -0.029998   -0.013065   -0.019761
   -0.510000    0.020619    0.023317    0.023739
    0.750000   -0.013752   -0.018865   -0.037931
    0.308000    0.032133   -0.008923   -0.014232
    0.503000    0.026689   -0.015112   -0.024220
    0.735000   -0.011000   -0.021784   -0.037612
   -0.148000   -0.002116   -0.033582    0.009215
    0.093000    0.013974    0.032280   -0.007879
   -0.072000    0.017458   -0.029441    0.005301
    0.585000   -0.027056   -0.006520   -0.031393
   -0.117000    0.032141    0.014416    0.005573
   -0.283000    0.032928   -0.004316    0.015171
   -0.080000   -0.024943    0.025480    0.001245
    0.361000   -0.031798   -0.006078   -0.019189
   -0.097000    0.022383    0.027434    0.002359
   -0.510000   -0.005125   -0.028941    0.026841
    0.487000   -0.025766   -0.016351   -0.025530
    0.100000    0.029548    0.019622   -0.006267
   -0.204000    0.023824   -0.024377    0.011943
   -0.065000   -0.030742    0.017499    0.000334
    0.268000    0.010932   -0.032644   -0.011523
    0.689000   -0.016988    0.017557   -0.037460
   -0.612000   -0.004498   -0.026144    0.032920
    0.727000    0.005546   -0.024332   -0.035575
    0.091000   -0.026283   -0.023177   -0.003830
   -0.187000   -0.004214   -0.033095    0.011545
    0.674000   -0.010355    0.022922   -0.037716
   -0.448000    0.029663    0.012074    0.022303
    0.741000    0.023458   -0.006070   -0.037732
   -0.646000   -0.025447   -0.007111    0.031927
   -0.223000    0.026597    0.022841    0.009981
    0.719000   -0.023270   -0.004187   -0.037726
   -0.671000   -0.010644   -0.022835    0.034471
    0.135000   -0.017672    0.030010   -0.010656
   -0.396000   -0.022291   -0.021951    0.019988
    0.347000   -0.031105    0.009231   -0.019444
   -0.447000   -0.031352   -0.002732    0.021059
   -0.702000    0.015738   -0.017348    0.037385
   -0.367000    0.013668   -0.028444    0.021006
   -0.080000    0.029054   -0.018811    0.005781
   -0.382000    0.030471   -0.009756    0.020480
    0.452000    0.024314    0.020025   -0.024222
   -0.225000   -0.030788    0.016405    0.008257
    0.354000    0.014078   -0.029692   -0.015838
    0.483000    0.031070   -0.004649   -0.023440
    0.495000    0.002968   -0.030857   -0.023070
   -0.080000   -0.020127   -0.028372    0.004979
    0.161000   -0.013989    0.032017   -0.011852
   -0.708000    0.022472   -0.006133    0.036510
    0.565000   -0.019509    0.020788   -0.031003
   -0.385000    0.026273   -0.017434    0.020603
   -0.089000   -0.035241   -0.000108    0.003419
    0.125000    0.021262    0.028535   -0.008452
    0.315000    0.008923    0.032206   -0.018325
    0.028000    0.032945    0.012656   -0.001843
    0.307000   -0.030742   -0.013050   -0.016891
    0.721000    0.002558    0.023790   -0.039744
    0.459000   -0.020386   -0.023672   -0.023170
    0.711000    0.024893   -0.006228   -0.036090
    0.591000   -0.008779    0.025842   -0.033029
    0.397000   -0.028476   -0.015397   -0.020609
    0.224000    0.031378   -0.013151   -0.010582
    0.662000    0.015474    0.021404   -0.035488
   -0.747000    0.018725    0.015074    0.037366
    0.343000   -0.017658   -0.028471   -0.017241
   -0.326000    0.026939   -0.018851    0.018558
   -0.741000    0.011227    0.022195    0.036346
   -0.727000    0.023548    0.002629    0.036785
   -0.047000   -0.028255   -0.020218    0.002942
    0.329000   -0.028476    0.015654   -0.018802
    0.050000    0.029206    0.019565   -0.003942
   -0.341000   -0.031658    0.011951    0.015102
    0.666000   -0.009038    0.023674   -0.036383
    0.489000   -0.012675    0.027583   -0.028037
    0.649000    0.021302    0.015765   -0.033941
   -0.541000    0.028925    0.005015    0.027513
    0.160000    0.012601   -0.032199   -0.006119
    0.438000   -0.022664    0.021835   -0.024939
   -0.059000    0.034512   -0.003382    0.003959
   -0.070000    0.008187   -0.033117    0.006112
   -0.395000   -0.010465   -0.029711    0.021574
   -0.260000    0.031310    0.014471    0.012096
    0.203000    0.030361   -0.015349   -0.008908
   -0.034000    0.023950    0.025753   -0.000535
    0.068000   -0.033619   -0.009542   -0.004192
    0.270000    0.033654   -0.003306   -0.013211
    0.679000    0.013436   -0.022806   -0.033675
   -0.380000   -0.030084    0.013738    0.017158
    0.071000    0.021980    0.027848   -0.006055
    0.349000   -0.015819    0.028841   -0.020683
    0.277000    0.001498    0.034183   -0.017067
    0.009000   -0.013176   -0.032046    0.001345
   -0.033000    0.035063    0.003248    0.001582
    0.476000   -0.014266   -0.027362   -0.024014
   -0.387000   -0.032124   -0.004146    0.018071
   -0.440000    0.010541    0.030560    0.019782
   -0.545000    0.028658   -0.002657    0.028567
   -0.697000    0.023579    0.008834    0.034882
   -0.049000    0.027938    0.022150    0.000981
   -0.608000    0.026071    0.010240    0.031156
    0.261000    0.034060   -0.002600   -0.013142
   -0.253000    0.006072    0.034259    0.010444
   -0.087000   -0.033432    0.010112    0.002519
   -0.195000   -0.000570   -0.033996    0.012099
    0.125000   -0.019811   -0.028446   -0.006244
   -0.040000    0.034858    0.004326    0.002082
   -0.609000   -0.005567   -0.026100    0.031642
    0.497000    0.007779    0.029461   -0.028632
    0.137000    0.033735   -0.008516   -0.005545
   -0.059000   -0.025749    0.024066    0.000007
   -0.290000    0.016954   -0.028458    0.016728
    0.439000    0.001502    0.031535   -0.025717
    0.407000   -0.028501   -0.013369   -0.021338
   -0.099000    0.016803   -0.029839    0.006807
    0.370000    0.004590    0.032273   -0.021875
    0.147000    0.032407   -0.012745   -0.005857
   -0.459000   -0.030850    0.006502    0.021883
   -0.629000   -0.022410   -0.014326    0.031807
   -0.207000   -0.027746    0.021647    0.007227
    0.273000    0.025085   -0.022910   -0.011544
   -0.201000   -0.016012    0.031737    0.007330
    0.556000   -0.024985   -0.015181   -0.029032
   -0.438000   -0.002078   -0.030603    0.023348
   -0.263000    0.026360    0.021972    0.012552
    0.117000    0.024377   -0.025315   -0.004129
    0.077000   -0.017803    0.030009   -0.006937
    0.286000    0.029673    0.016117   -0.015356
    0.547000   -0.025754   -0.014281   -0.028270
   -0.070000   -0.034410   -0.007457    0.002676
    0.348000    0.023736    0.023575   -0.019610
    0.671000    0.010639    0.023313   -0.036461
   -0.503000    0.012922   -0.025729    0.027332
    0.306000    0.024998    0.022579   -0.017893
   -0.051000   -0.025635   -0.023041    0.003395
   -0.183000    0.011272    0.033476    0.007099
    0.728000    0.014375    0.019104   -0.038865
    0.657000   -0.023484    0.009351   -0.035394
    0.192000    0.025515    0.024053   -0.011205
   -0.023000   -0.001894   -0.034862    0.002786
   -0.492000   -0.029760   -0.007152    0.023764
    0.485000    0.030669    0.004548   -0.025248
    0.257000   -0.001471    0.034396   -0.015935
   -0.649000   -0.026879   -0.000244    0.031278
   -0.666000    0.012659   -0.021584    0.035273
    0.123000    0.034567    0.004006   -0.005834
    0.496000    0.024716   -0.018849   -0.023315
   -0.066000    0.017965   -0.029994    0.005756
    0.078000    0.001368    0.035802   -0.007290
   -0.212000    0.031403   -0.013454    0.011658
   -0.744000   -0.018101    0.017742    0.035441
   -0.464000    0.015702   -0.025315    0.025128
   -0.318000    0.030263    0.013526    0.015623
    0.414000    0.016055   -0.027848   -0.019577
   -0.236000   -0.033708   -0.005417    0.010779
   -0.409000   -0.001246   -0.031263    0.022916
    0.170000    0.020537   -0.028010   -0.007168
    0.142000   -0.017852   -0.029488   -0.006758
    0.111000   -0.025579   -0.022911   -0.005553
   -0.379000    0.023076    0.024217    0.017173
   -0.439000   -0.020910    0.025159    0.019024
   -0.285000   -0.021712    0.026780    0.011232
   -0.186000   -0.001112    0.035276    0.006294
   -0.302000   -0.032888    0.009961    0.013052
    0.364000    0.027097    0.018262   -0.020366
    0.284000   -0.023146    0.024680   -0.017296
    0.503000    0.000879   -0.030933   -0.024424
    0.222000   -0.033361   -0.005614   -0.012144
    0.151000   -0.031784   -0.012772   -0.008064
    0.409000   -0.027503   -0.016761   -0.020563
   -0.626000    0.007593   -0.024695    0.033194
    0.140000   -0.004057    0.035236   -0.010362
    0.035000    0.034225    0.009656   -0.001953
   -0.157000    0.034686   -0.002395    0.008283
   -0.359000    0.027025    0.019859    0.016877
   -0.254000   -0.019753    0.028696    0.009103
    0.154000   -0.028932   -0.018509   -0.007670
    0.643000    0.006354   -0.027048   -0.031053
   -0.189000   -0.029509    0.018503    0.007080
    0.149000   -0.030941    0.015215   -0.010486
    0.192000    0.023079   -0.025201   -0.007494
    0.741000   -0.021719    0.006186   -0.039506
    0.117000   -0.001165   -0.034624   -0.004086
    0.552000    0.027919   -0.011588   -0.027336
   -0.639000   -0.023180    0.016344    0.030377
    0.276000   -0.011272   -0.031952   -0.012621
   -0.594000    0.003708    0.029285    0.028256
   -0.122000    0.012588   -0.031886    0.008510
   -0.086000   -0.005295   -0.034163    0.006579
    0.362000    0.015533   -0.028780   -0.016126
   -0.145000    0.033626   -0.007444    0.008429
   -0.064000   -0.009657   -0.032913    0.004977
    0.517000    0.028936    0.007138   -0.026212
   -0.002000    0.033720    0.009184   -0.000641
   -0.168000    0.016551    0.031780    0.005753
    0.540000   -0.027455   -0.009484   -0.028346
   -0.185000   -0.001843    0.035013    0.005774
    0.650000   -0.025138   -0.009121   -0.034502
   -0.670000    0.022548    0.013946    0.033943
   -0.257000   -0.001240    0.034495    0.009923
   -0.522000   -0.015843    0.027455    0.023172
    0.384000   -0.000149   -0.032747   -0.018533
   -0.116000   -0.034534   -0.001724    0.003942
    0.693000   -0.014344    0.020233   -0.037572
   -0.477000    0.026117   -0.014400    0.025446
    0.206000   -0.017499    0.029425   -0.013972
    0.507000    0.029684    0.006201   -0.025643
   -0.717000    0.000138   -0.022749    0.037216
    0.238000    0.011911   -0.032527   -0.010593
    0.117000   -0.032141   -0.012816   -0.006315
    0.226000   -0.019653    0.028129   -0.014978
    0.325000    0.010122    0.031424   -0.019550
   -0.613000    0.002650   -0.026521    0.032808
   -0.033000   -0.016251    0.031985   -0.001745
   -0.675000    0.023559    0.011197    0.034423
    0.080000   -0.034311    0.003129   -0.005702
   -0.325000   -0.032468   -0.004002    0.015290
   -0.497000    0.002308    0.031629    0.022429
    0.683000    0.024140    0.007971   -0.035103
   -0.728000   -0.019332   -0.013302    0.037002
    0.663000   -0.022459    0.011882   -0.035945
    0.164000    0.015910    0.031082   -0.011361
    0.133000   -0.020665    0.028085   -0.009909
   -0.160000   -0.025979    0.023644    0.004894
   -0.586000    0.018068   -0.020050    0.031434
   -0.308000    0.033005   -0.000990    0.016597
    0.488000   -0.009696   -0.029184   -0.023543
   -0.325000   -0.032940    0.006841    0.014213
   -0.322000    0.032754   -0.005005    0.017702
    0.294000   -0.001902    0.033438   -0.017861
   -0.045000   -0.028870    0.020412   -0.000848
   -0.137000    0.032520    0.011497    0.006858
    0.055000   -0.032701    0.012660   -0.005069
   -0.278000    0.033621    0.000554    0.014897
   -0.202000    0.030135   -0.016572    0.011440
   -0.411000    0.025140   -0.018284    0.022305
    0.549000    0.014920    0.024594   -0.029538
    0.443000    0.028167    0.015102   -0.023809
   -0.044000   -0.000119    0.035820   -0.001489
    0.736000    0.004003    0.022693   -0.039344
    0.060000   -0.030367    0.017849   -0.005593
   -0.220000   -0.006390    0.034293    0.008406
    0.210000   -0.001937    0.034439   -0.013366
    0.401000   -0.024098   -0.020805   -0.019907
    0.659000    0.016312    0.020502   -0.035636
   -0.296000   -0.025913   -0.020905    0.014967
   -0.471000   -0.008509    0.030947    0.021213
   -0.288000   -0.033533   -0.001771    0.013526
    0.514000    0.030450   -0.002134   -0.026077
   -0.730000   -0.024076    0.006758    0.035393
   -0.382000    0.019981    0.026736    0.017768
   -0.748000   -0.022980    0.007591    0.035853
   -0.203000    0.028163   -0.019505    0.012276
   -0.547000    0.018900    0.023848    0.026100
   -0.263000   -0.032571    0.009884    0.011483
    0.278000    0.027293   -0.019578   -0.013015
    0.265000   -0.022653    0.024770   -0.017049
    0.625000    0.020463    0.017810   -0.033262
   -0.146000   -0.011520   -0.031788    0.008861
   -0.035000    0.025866    0.024711   -0.000186
    0.640000   -0.018695    0.018286   -0.035269
    0.480000    0.030486    0.004387   -0.025174
   -0.588000   -0.014418   -0.023496    0.030310
    0.584000    0.022922    0.016959   -0.031008
    0.439000    0.018972    0.024844   -0.023919
    0.479000   -0.015256   -0.026774   -0.023155
    0.023000    0.006475    0.035415   -0.004445
   -0.498000   -0.024259   -0.017323    0.025784
    0.351000   -0.023207   -0.022848   -0.018205
   -0.634000   -0.027628   -0.002706    0.031618
   -0.011000   -0.009981   -0.033118    0.002213
   -0.562000    0.023953   -0.014698    0.029488
   -0.346000   -0.010361    0.032404    0.014306
    0.629000   -0.024247    0.011174   -0.034763
   -0.318000   -0.003827   -0.032280    0.017809
   -0.271000    0.025669   -0.020912    0.015940
    0.704000    0.018735    0.016712   -0.037007
    0.616000   -0.025942    0.008231   -0.033114
    0.624000    0.000886    0.026707   -0.034655
   -0.718000    0.005849   -0.022088    0.038017
    0.431000    0.024866    0.019906   -0.023501
    0.648000   -0.012377    0.022282   -0.036197
   -0.446000    0.008509   -0.029031    0.024160
   -0.290000    0.010022   -0.031240    0.017226
   -0.733000   -0.022051    0.012002    0.035865
   -0.016000    0.031733   -0.013640    0.001952
    0.416000   -0.028347   -0.014472   -0.021722
    0.502000    0.025448    0.016301   -0.026481
   -0.461000    0.018963    0.025636    0.021931
   -0.698000    0.023659    0.007569    0.035121
    0.663000    0.021079    0.016207   -0.035534
    0.085000    0.001859   -0.034575   -0.003088
   -0.219000   -0.024239    0.025431    0.008308
   -0.193000   -0.018156   -0.028334    0.011199
    0.054000    0.034763   -0.004699   -0.001477
    0.465000   -0.022745    0.020450   -0.026739
    0.022000    0.014723   -0.031787    0.001343
   -0.478000   -0.031161    0.001858    0.022779
    0.142000    0.006729   -0.034218   -0.004925
    0.697000    0.002015    0.024503   -0.038100
    0.545000    0.012842   -0.027164   -0.026508
   -0.477000    0.020784    0.024324    0.022703
    0.461000    0.030894   -0.003228   -0.023292
   -0.571000    0.023234    0.018443    0.027708
    0.520000    0.015407    0.025338   -0.028294
   -0.250000   -0.018957    0.029440    0.009718
   -0.669000    0.025339    0.005485    0.034587
   -0.365000    0.025494    0.020891    0.017031
    0.557000    0.013899    0.025652   -0.030499
    0.741000   -0.022202   -0.006873   -0.038497
    0.272000    0.017903    0.028922   -0.016249
   -0.101000    0.032516    0.013518    0.003951
   -0.531000    0.014768   -0.024587    0.028945
   -0.319000    0.000171    0.034262    0.013463
   -0.706000   -0.018373    0.019200    0.033732
   -0.474000   -0.024473   -0.018521    0.024637
   -0.192000    0.010301    0.033554    0.006786
   -0.133000    0.033100   -0.010882    0.008470
   -0.634000   -0.015886    0.024147    0.029866
   -0.065000   -0.028115    0.021975    0.000449
   -0.202000    0.003020   -0.033424    0.011873
    0.722000    0.019479    0.014257   -0.037778
    0.002000   -0.032730    0.012326   -0.002776
   -0.438000   -0.031405   -0.001775    0.020580
   -0.640000   -0.012291    0.026021    0.030503
    0.224000    0.029446   -0.017028   -0.009467
    0.005000    0.031087    0.016495   -0.001721
   -0.364000   -0.026146    0.021349    0.015688
    0.575000    0.006789    0.027496   -0.032019
   -0.714000    0.023470   -0.002338    0.036546
    0.253000    0.008184   -0.033322   -0.010672
   -0.001000   -0.035150   -0.001142   -0.002037
   -0.285000   -0.033239    0.001260    0.013082
    0.065000    0.033496    0.010631   -0.003846
    0.382000    0.023417   -0.023466   -0.017308
   -0.069000   -0.026020   -0.023273    0.003121
    0.275000    0.022955    0.024986   -0.015691
   -0.140000   -0.034498    0.007148    0.005214
    0.301000   -0.026834    0.019659   -0.018161
   -0.523000   -0.021317    0.022859    0.024232
    0.619000   -0.027028   -0.002764   -0.032333
    0.439000    0.025225   -0.019911   -0.021398
    0.155000   -0.033640   -0.007551   -0.009432
   -0.672000   -0.018586    0.020786    0.031152
   -0.290000    0.029264   -0.015064    0.016223
    0.436000   -0.028736    0.011199   -0.024913
   -0.644000   -0.011265    0.025918    0.029855
   -0.152000   -0.014818    0.032452    0.004297
    0.712000   -0.011667   -0.022113   -0.036315
   -0.541000   -0.007520   -0.027358    0.028815
   -0.560000   -0.006931    0.030090    0.025273
   -0.325000   -0.001137    0.034260    0.013742
   -0.467000   -0.022302   -0.020177    0.024102
   -0.334000   -0.013624   -0.029496    0.018714
    0.653000    0.014635   -0.023584   -0.031328
    0.222000   -0.024522    0.024110   -0.014896
    0.565000   -0.004422    0.027975   -0.031518
   -0.410000    0.028500   -0.013650    0.021818
    0.314000   -0.033025    0.002092   -0.017962
    0.430000    0.026663   -0.018375   -0.020946
   -0.484000   -0.019028    0.025306    0.021636
   -0.580000   -0.010743    0.028184    0.026655
    0.119000    0.034329   -0.006599   -0.004694
   -0.724000   -0.024629    0.001313    0.035125
    0.350000    0.032106   -0.006513   -0.017475
   -0.453000   -0.015939   -0.026204    0.023259
   -0.500000   -0.028173   -0.010308    0.025270
   -0.738000   -0.023293    0.005365    0.035666
    0.365000   -0.017753    0.027511   -0.021601
   -0.504000   -0.029432    0.010432    0.024029
    0.527000   -0.004607   -0.030054   -0.025889
    0.104000    0.034571   -0.003091   -0.005229
   -0.395000    0.028713   -0.013331    0.021985
    0.568000    0.007525    0.027966   -0.032200
   -0.437000   -0.026523   -0.016316    0.021629
   -0.605000   -0.022880    0.018559    0.028520
    0.264000   -0.032976   -0.005156   -0.015196
   -0.585000    0.000438    0.029629    0.027529
   -0.743000    0.002062    0.025649    0.035992
    0.715000    0.014766   -0.020698   -0.035651
   -0.724000    0.003092    0.025934    0.034051
    0.308000    0.031958   -0.011135   -0.014935
    0.719000   -0.006347    0.022774   -0.039833
   -0.699000   -0.004613   -0.023318    0.036565
    0.539000   -0.003571   -0.029629   -0.026422
   -0.120000   -0.002681    0.035476    0.002863
    0.407000    0.013171   -0.030101   -0.018344
   -0.486000   -0.031025    0.004068    0.022818
    0.037000   -0.030244    0.017648   -0.005041
   -0.169000   -0.033880   -0.006633    0.007313
    0.112000   -0.000674   -0.034878   -0.004437
   -0.320000    0.029130    0.017235    0.014834
   -0.161000    0.032001   -0.012139    0.009934
    0.192000   -0.029282   -0.017436   -0.010314
   -0.640000    0.022208   -0.012741    0.033574
   -0.238000    0.033278    0.008396    0.011447
   -0.215000   -0.031010    0.015699    0.008547
    0.154000   -0.023715    0.025682   -0.010837
   -0.042000    0.032964   -0.012465    0.003393
   -0.296000   -0.032737    0.008119    0.013045
    0.625000    0.019169    0.019494   -0.033661
    0.242000    0.026335   -0.022124   -0.010600
    0.405000    0.025464   -0.020994   -0.019601
    0.347000   -0.032250   -0.004952   -0.019076
   -0.628000   -0.020047    0.020404    0.029835
    0.599000   -0.025489    0.008564   -0.033031
    0.666000    0.008021    0.024757   -0.036922
   -0.095000    0.031817   -0.014305    0.006445
   -0.471000   -0.030473    0.008219    0.022457
   -0.068000    0.013877   -0.032188    0.005644
   -0.706000    0.022086   -0.008915    0.036342
   -0.061000   -0.025217   -0.023255    0.002906
    0.495000   -0.008265    0.028884   -0.028576
    0.707000    0.020842    0.013370   -0.036840
   -0.243000    0.018566   -0.027402    0.014278
   -0.265000   -0.012734   -0.030594    0.014467
   -0.444000    0.018471   -0.024309    0.024350
    0.646000    0.019989   -0.018676   -0.031494
   -0.139000    0.019348   -0.028611    0.008868
    0.218000    0.018700   -0.028454   -0.009629
    0.567000   -0.004274   -0.029277   -0.027373
   -0.642000   -0.024839    0.012591    0.030504
    0.474000    0.019217    0.024166   -0.026306
   -0.471000    0.028129    0.012891    0.022844
    0.330000    0.021523    0.025325   -0.019029
    0.550000   -0.025269   -0.013808   -0.028574
    0.217000   -0.012448    0.031904   -0.014092
    0.177000   -0.016388   -0.030286   -0.008071
    0.310000    0.026988    0.019297   -0.017162
   -0.621000   -0.022436    0.018361    0.029333
    0.247000   -0.032614    0.008868   -0.014920
    0.246000   -0.030582   -0.014872   -0.012970
   -0.252000   -0.021272    0.027282    0.010308
   -0.531000    0.028698    0.006858    0.026852
   -0.153000   -0.030377    0.016720    0.005313
   -0.604000   -0.008795   -0.025481    0.031553
   -0.426000   -0.031476    0.001909    0.020153
