   -0.022361   -0.012005   -0.033386   -0.000337
   -0.022361   -0.015968    0.022413   -0.031571
   -0.022361    0.026525    0.020175   -0.010448
   -0.022361    0.032179    0.011921   -0.002243
   -0.022361    0.007503   -0.030258    0.022995
   -0.022361    0.019596    0.018875    0.030758
   -0.022361    0.010878   -0.026719   -0.031724
   -0.022361   -0.003205    0.033925    0.004406
   -0.022361   -0.000798   -0.035537   -0.000689
   -0.022361    0.026083   -0.005757   -0.033174
   -0.022361   -0.032171    0.003509   -0.016480
   -0.022361    0.015760   -0.030594   -0.013901
   -0.022361   -0.024937   -0.004655    0.036753
   -0.022361    0.024005   -0.019351    0.026045
   -0.022361    0.027837    0.000175    0.031335
   -0.022361    0.030807    0.008066    0.018284
   -0.022361    0.030157   -0.015259   -0.013144
   -0.022361   -0.034224   -0.001048    0.002166
   -0.022361    0.029086    0.017759    0.003155
   -0.022361    0.032541   -0.004532    0.017027
   -0.022361    0.008642   -0.031942    0.018548
   -0.022361    0.018246   -0.022616    0.030660
   -0.022361    0.000263   -0.030839   -0.028662
   -0.022361   -0.000866    0.034242    0.002582
   -0.022361   -0.000723    0.030191    0.023592
   -0.022361    0.000236   -0.026420    0.033952
   -0.022361    0.030225   -0.017715    0.008863
   -0.022361   -0.033146   -0.009013   -0.010409
   -0.022361   -0.029563    0.012879    0.020648
   -0.022361   -0.033483   -0.008573   -0.007020
   -0.022361   -0.022114   -0.026087   -0.015336
   -0.022361   -0.026877    0.014663   -0.024090
   -0.022361   -0.029682   -0.016344   -0.016588
   -0.022361    0.008448    0.032640    0.005368
   -0.022361    0.034105    0.003542    0.001889
   -0.022361    0.023065    0.021501    0.018026
   -0.022361   -0.024295    0.013223    0.030915
   -0.022361    0.034461   -0.002736   -0.002174
   -0.022361    0.023194   -0.012017    0.035301
   -0.022361    0.014769    0.022751   -0.033035
   -0.022361    0.002538    0.032148   -0.021305
   -0.022361    0.026796   -0.008769   -0.030730
   -0.022361    0.026286    0.016614   -0.022301
   -0.022361   -0.008852   -0.032170   -0.022707
   -0.022361    0.019065   -0.028094    0.016992
   -0.022361    0.015391    0.029537   -0.016817
   -0.022361   -0.026551    0.020701   -0.008099
   -0.022361    0.025405    0.022785   -0.001487
   -0.022361    0.020063    0.025848   -0.017730
   -0.022361   -0.033766   -0.006597    0.003182
   -0.022361    0.033261   -0.007922   -0.008562
   -0.022361    0.001255   -0.028416    0.030748
   -0.022361    0.021962    0.025680    0.002196
   -0.022361   -0.025906   -0.002853    0.035317
   -0.022361    0.025241   -0.023727    0.008334
   -0.022361   -0.022289    0.012198   -0.036257
   -0.022361   -0.024766   -0.011581   -0.034649
   -0.022361   -0.014462   -0.031217    0.009810
   -0.022361    0.024580    0.007189   -0.035019
   -0.022361   -0.011985   -0.033517   -0.005306
   -0.022361    0.026310   -0.023379    0.002612
   -0.022361    0.026115   -0.007605   -0.032622
   -0.022361   -0.017851   -0.030269   -0.011393
   -0.022361    0.013084    0.023556    0.029957
   -0.022361    0.004558   -0.034618    0.007565
   -0.022361    0.027699    0.013486    0.022257
   -0.022361   -0.034542    0.001071    0.000663
   -0.022361   -0.031092   -0.011325    0.017987
   -0.022361   -0.022343    0.021180    0.023499
   -0.022361    0.017735   -0.024374   -0.027713
   -0.022361    0.004648    0.029869   -0.027492
   -0.022361    0.004761   -0.033388   -0.017061
   -0.022361    0.020410   -0.023209   -0.025381
   -0.022361   -0.015539    0.020630   -0.035712
   -0.022361   -0.000438    0.030532    0.022026
   -0.022361   -0.008619    0.032601   -0.012187
   -0.022361    0.033571   -0.006681    0.012461
   -0.022361   -0.025011   -0.024724   -0.011848
   -0.022361   -0.002456   -0.033882   -0.016723
   -0.022361    0.002184   -0.034582   -0.011542
   -0.022361   -0.026827   -0.022539   -0.009459
   -0.022361    0.010991    0.028994   -0.025016
   -0.022361   -0.025199   -0.023954   -0.014784
   -0.022361   -0.008209   -0.032953   -0.017507
   -0.022361   -0.031386    0.002469   -0.020406
   -0.022361    0.016928    0.022006   -0.033101
   -0.022361    0.034035   -0.008034   -0.000043
   -0.022361   -0.032256    0.008497   -0.012403
   -0.022361    0.008343    0.033308    0.004264
   -0.022361    0.028722   -0.013712    0.024200
   -0.022361    0.011521   -0.033411   -0.007947
   -0.022361   -0.019425    0.014130    0.038330
   -0.022361    0.027786    0.005135   -0.031294
   -0.022361   -0.003825    0.034377    0.000327
   -0.022361    0.000850    0.034153   -0.009383
   -0.022361   -0.009310    0.026536   -0.031210
   -0.022361   -0.015238    0.028912   -0.018901
   -0.022361    0.002640    0.033904   -0.004024
   -0.022361    0.005410   -0.034917    0.003659
   -0.022361   -0.006250    0.032915   -0.012229
   -0.022361   -0.026431    0.014130    0.025722
   -0.022361    0.033788   -0.005387   -0.010729
   -0.022361    0.025346   -0.001879   -0.036513
   -0.022361    0.030726   -0.016513   -0.002619
   -0.022361    0.021239   -0.027315   -0.012133
   -0.022361    0.023798   -0.014981    0.032661
   -0.022361    0.025508    0.022754    0.000315
   -0.022361   -0.025258   -0.019330    0.022082
   -0.022361   -0.027249   -0.005482    0.032631
   -0.022361    0.022442    0.017814    0.027994
   -0.022361   -0.026358    0.018857   -0.016636
   -0.022361    0.027715    0.005338   -0.030705
   -0.022361   -0.018625    0.021955    0.029039
   -0.022361    0.017067   -0.029324    0.012886
   -0.022361   -0.032015   -0.009716   -0.016311
   -0.022361    0.013541   -0.025177   -0.031803
   -0.022361   -0.034104   -0.003736    0.008369
   -0.022361    0.033580   -0.001617    0.014503
   -0.022361    0.012146    0.031842   -0.006900
   -0.022361    0.032646    0.002312   -0.016784
   -0.022361   -0.013614   -0.024486    0.030026
   -0.022361   -0.026311    0.021740    0.003996
   -0.022361   -0.033755    0.004494    0.004541
   -0.022361    0.017933   -0.026828    0.020682
   -0.022361   -0.004566    0.028184   -0.031086
   -0.022361    0.027786   -0.021102    0.011738
   -0.022361    0.006592   -0.028041   -0.032399
   -0.022361   -0.034041   -0.000052   -0.010787
   -0.022361   -0.028569   -0.016345    0.017653
   -0.022361    0.024833   -0.024892    0.003866
   -0.022361   -0.019705    0.027901    0.004503
   -0.022361    0.027567    0.002847    0.031139
   -0.022361    0.030032    0.004953    0.024321
   -0.022361    0.014940   -0.020088   -0.036918
   -0.022361    0.020666    0.014712   -0.035883
   -0.022361    0.004578   -0.026462    0.034014
   -0.022361    0.006722   -0.029834    0.025045
   -0.022361    0.006477    0.032635    0.008944
   -0.022361   -0.033055   -0.007587    0.012958
   -0.022361    0.032462    0.010359   -0.002918
   -0.022361    0.000249   -0.035431    0.002295
   -0.022361   -0.018522    0.027753    0.011928
   -0.022361   -0.029696    0.016962    0.005199
   -0.022361   -0.027469   -0.004011    0.031724
   -0.022361   -0.022273    0.023508   -0.018214
   -0.022361    0.013626    0.029754    0.012874
   -0.022361   -0.020595   -0.028783   -0.002188
   -0.022361   -0.033234   -0.005367   -0.015264
   -0.022361   -0.019494   -0.029573   -0.005423
   -0.022361    0.023913   -0.012686   -0.032658
   -0.022361   -0.031742   -0.005896    0.019356
   -0.022361   -0.031728   -0.000585   -0.021600
   -0.022361   -0.031770   -0.008888    0.019786
   -0.022361    0.002547    0.023492    0.035607
   -0.022361    0.020559   -0.028609    0.007112
   -0.022361    0.030682    0.006939    0.020619
   -0.022361    0.022148   -0.022920   -0.022645
   -0.022361    0.018028    0.022652   -0.030113
   -0.022361   -0.023402   -0.012513   -0.035809
   -0.022361   -0.010108    0.023629   -0.035927
   -0.022361    0.025899   -0.009916   -0.032903
   -0.022361   -0.021887   -0.026164   -0.018746
   -0.022361   -0.001814    0.032776    0.013167
   -0.022361   -0.018157    0.020422    0.031363
   -0.022361    0.025088   -0.023754   -0.009784
   -0.022361    0.008232   -0.033308    0.009991
   -0.022361    0.016550   -0.018428   -0.038172
   -0.022361    0.028795    0.016732   -0.013473
   -0.022361   -0.020675    0.023209   -0.023210
   -0.022361   -0.017542   -0.020465    0.032637
   -0.022361   -0.026563    0.007451    0.032484
   -0.022361    0.017822   -0.027556   -0.020228
   -0.022361   -0.009975    0.027665   -0.028317
   -0.022361    0.030314   -0.004710    0.025757
   -0.022361    0.026442   -0.023811    0.004307
   -0.022361   -0.020249   -0.019386   -0.035416
   -0.022361    0.001282   -0.034808   -0.008400
   -0.022361   -0.026137    0.012098    0.030144
   -0.022361    0.027183   -0.020303   -0.013591
   -0.022361    0.005448   -0.029833    0.026592
   -0.022361    0.024772   -0.021737    0.020193
   -0.022361    0.032692   -0.009948   -0.009565
   -0.022361    0.033362    0.005076   -0.007686
   -0.022361    0.030846    0.002542    0.023412
   -0.022361   -0.029222   -0.008431   -0.027321
   -0.022361   -0.022575   -0.026560    0.007864
   -0.022361   -0.033095    0.008910    0.001533
   -0.022361    0.027825    0.014241   -0.023774
   -0.022361   -0.009855   -0.026475   -0.035316
   -0.022361   -0.013467    0.031306    0.005374
   -0.022361    0.007919    0.032690   -0.015391
   -0.022361    0.031065    0.010176   -0.015103
   -0.022361    0.031212    0.002241    0.022615
   -0.022361   -0.001638    0.031290    0.020608
   -0.022361    0.007020    0.033357   -0.008675
   -0.022361    0.021990    0.015160    0.031168
   -0.022361    0.002466   -0.034616    0.005262
   -0.022361   -0.011401   -0.032633    0.011430
   -0.022361   -0.014394    0.021414   -0.035643
   -0.022361   -0.021771   -0.027954   -0.001402
   -0.022361   -0.005401    0.033536    0.009919
   -0.022361   -0.028777   -0.006696   -0.029462
   -0.022361   -0.020042    0.027360    0.009578
   -0.022361   -0.033248    0.007495   -0.006850
   -0.022361   -0.006614   -0.033079    0.013005
   -0.022361   -0.016898   -0.030291   -0.014057
   -0.022361    0.016147   -0.022607    0.032781
   -0.022361   -0.010955   -0.032041    0.013862
   -0.022361   -0.018815   -0.029602    0.004269
   -0.022361   -0.023632    0.015543    0.030094
   -0.022361    0.012760   -0.023707   -0.035977
   -0.022361    0.013984    0.024995   -0.031168
   -0.022361    0.019459    0.023911   -0.025198
   -0.022361    0.000659    0.029592    0.024644
   -0.022361    0.027249   -0.005762   -0.032147
   -0.022361   -0.011339    0.024693   -0.032947
   -0.022361    0.033278   -0.010259    0.009977
   -0.022361    0.014556   -0.028543   -0.023889
   -0.022361    0.031329    0.002276   -0.022185
   -0.022361   -0.011328   -0.031244    0.017224
   -0.022361   -0.023346   -0.012646    0.035004
   -0.022361   -0.027274   -0.021976    0.003761
   -0.022361    0.034260   -0.007376   -0.000804
   -0.022361   -0.024939    0.017362    0.023911
   -0.022361   -0.010135    0.028855    0.024457
   -0.022361    0.002283    0.034163    0.004272
   -0.022361   -0.005606   -0.032739   -0.022915
   -0.022361   -0.015920   -0.032078   -0.008810
   -0.022361    0.025735   -0.016261    0.027319
   -0.022361    0.017369   -0.029401    0.010657
   -0.022361    0.026421   -0.021367   -0.014342
   -0.022361    0.028683    0.010486   -0.026207
   -0.022361   -0.029682   -0.005882    0.027076
   -0.022361    0.013652    0.026140   -0.029243
   -0.022361    0.004755   -0.035185    0.001169
   -0.022361    0.009506    0.033100    0.002009
   -0.022361   -0.008548   -0.033317   -0.018263
   -0.022361   -0.029158   -0.010865   -0.024807
   -0.022361   -0.033039   -0.005982   -0.014069
   -0.022361    0.030655    0.013643    0.009774
   -0.022361    0.026114   -0.012631    0.030597
   -0.022361    0.025471    0.022685   -0.007179
   -0.022361   -0.012130    0.031214   -0.015286
   -0.022361   -0.025682    0.020429   -0.014067
   -0.022361    0.032774   -0.003737   -0.017521
   -0.022361   -0.013882   -0.031712   -0.016004
   -0.022361    0.026517    0.016558    0.020749
   -0.022361    0.029411    0.007591    0.024026
   -0.022361   -0.009033   -0.028042    0.027897
   -0.022361   -0.026809   -0.022715   -0.007210
   -0.022361   -0.021470   -0.028026   -0.001304
   -0.022361   -0.027137    0.014967   -0.024081
   -0.022361    0.021572    0.019587   -0.029005
   -0.022361   -0.001319    0.025401   -0.037091
   -0.022361    0.031815    0.013304   -0.002646
   -0.022361   -0.005308   -0.034816   -0.012783
   -0.022361   -0.020206   -0.028192    0.009040
   -0.022361    0.020235    0.024792    0.015798
   -0.022361    0.023274    0.015200   -0.033006
   -0.022361    0.023446   -0.011741   -0.034507
   -0.022361    0.015655    0.029967   -0.013493
   -0.022361    0.026210    0.008338   -0.032795
   -0.022361   -0.028758    0.013145    0.021877
   -0.022361   -0.026352   -0.023330    0.003363
   -0.022361    0.033061   -0.010507    0.010186
   -0.022361   -0.027479    0.011041   -0.027358
   -0.022361   -0.015179   -0.020905    0.035197
   -0.022361   -0.000317    0.023485    0.036353
   -0.022361   -0.021580    0.020949    0.026211
   -0.022361   -0.028577    0.001427   -0.030764
   -0.022361   -0.010490   -0.026741   -0.034271
   -0.022361   -0.024790   -0.023020   -0.017326
   -0.022361    0.003181    0.032260   -0.020589
   -0.022361   -0.020509   -0.018644    0.031925
   -0.022361   -0.032673   -0.005315    0.017361
   -0.022361   -0.005504    0.033791    0.003797
   -0.022361    0.016109    0.019183    0.034110
   -0.022361   -0.017541    0.027528    0.016912
   -0.022361    0.013397    0.027499    0.020514
   -0.022361   -0.023402    0.017719   -0.027583
   -0.022361    0.017490   -0.030634   -0.002835
   -0.022361   -0.023472    0.023799   -0.013250
   -0.022361    0.013158   -0.031685    0.011669
   -0.022361    0.001920   -0.034133    0.013696
   -0.022361   -0.015283    0.025817    0.025083
   -0.022361    0.031431   -0.014549    0.009270
   -0.022361    0.026523   -0.012034   -0.028561
   -0.022361    0.031951   -0.002554   -0.019672
   -0.022361    0.002260    0.032093   -0.022934
   -0.022361   -0.018403    0.019633    0.032652
   -0.022361   -0.002649    0.029309    0.026038
   -0.022361    0.028977   -0.010636   -0.024417
   -0.022361    0.009434    0.031643    0.010780
   -0.022361   -0.018970    0.025907    0.020411
   -0.022361    0.005804    0.026813    0.028823
   -0.022361   -0.000010   -0.035222   -0.006222
   -0.022361    0.024568    0.022867    0.004656
   -0.022361   -0.025041   -0.012095    0.031541
   -0.022361   -0.000627    0.033886   -0.011857
   -0.022361    0.026527   -0.000804   -0.034029
   -0.022361    0.013836    0.022945   -0.033541
   -0.022361    0.002462    0.031768    0.017269
   -0.022361    0.028199   -0.011863   -0.025790
   -0.022361   -0.002043   -0.026053   -0.038358
   -0.022361    0.021555   -0.027670    0.009679
   -0.022361    0.012153   -0.032674   -0.005257
   -0.022361   -0.021457   -0.011551   -0.038572
   -0.022361   -0.026539    0.000598   -0.034628
   -0.022361    0.018350    0.018587   -0.035317
   -0.022361    0.030743    0.012532   -0.012581
   -0.022361   -0.018437   -0.029439    0.007759
   -0.022361    0.014510    0.016706    0.038116
   -0.022361    0.011821    0.021082    0.034810
   -0.022361   -0.010571    0.031906   -0.015691
   -0.022361    0.009336   -0.026400   -0.034463
   -0.022361    0.005610    0.030268    0.020830
   -0.022361   -0.015862   -0.024136   -0.033502
   -0.022361   -0.030581    0.009427    0.021896
   -0.022361    0.014092   -0.032067   -0.007083
   -0.022361    0.026587   -0.013626    0.029529
   -0.022361    0.031326   -0.002742    0.023095
   -0.022361   -0.028975    0.007484    0.027601
   -0.022361   -0.029904   -0.014619    0.016046
   -0.022361   -0.031854   -0.002803   -0.021700
   -0.022361    0.021831   -0.008909   -0.038023
   -0.022361    0.014865   -0.026682   -0.027017
   -0.022361   -0.031510    0.004351    0.022245
   -0.022361   -0.018304   -0.028970   -0.017121
   -0.022361    0.017843   -0.030440    0.000307
   -0.022361   -0.033951    0.003143    0.009400
   -0.022361   -0.028779   -0.017186    0.017255
   -0.022361    0.021688    0.021193   -0.027299
   -0.022361   -0.013370    0.024678   -0.031698
   -0.022361   -0.009281   -0.025538   -0.036563
   -0.022361   -0.016457    0.015233    0.039664
   -0.022361    0.033115   -0.011364    0.000989
   -0.022361   -0.018588   -0.027428    0.015937
   -0.022361   -0.005448   -0.025324    0.033426
   -0.022361   -0.029494    0.017308    0.004916
   -0.022361   -0.000110    0.030840   -0.025126
   -0.022361   -0.032369   -0.012243   -0.010947
   -0.022361    0.027135    0.000049   -0.033113
   -0.022361    0.004646   -0.026044    0.034158
   -0.022361   -0.022394   -0.022555   -0.027773
   -0.022361   -0.032519   -0.009954    0.009746
   -0.022361    0.033056    0.001709   -0.013463
   -0.022361   -0.020790    0.019655   -0.030114
   -0.022361    0.007492   -0.024885   -0.038137
   -0.022361    0.032008   -0.004611   -0.020439
   -0.022361    0.023440   -0.026157    0.002513
   -0.022361    0.028026   -0.004966    0.030777
   -0.022361   -0.028912   -0.002723    0.030794
   -0.022361   -0.022968   -0.022728   -0.025588
   -0.022361    0.029051    0.008315   -0.026331
   -0.022361   -0.033228   -0.009869    0.007486
   -0.022361   -0.023482   -0.026115    0.001291
   -0.022361   -0.004044   -0.030518    0.023414
   -0.022361    0.005490    0.029673    0.023873
   -0.022361   -0.015729   -0.021932   -0.037102
   -0.022361   -0.016428   -0.030220   -0.016772
   -0.022361    0.004794   -0.034042   -0.014399
   -0.022361    0.023890   -0.017319    0.029072
   -0.022361    0.029977    0.011779    0.016593
   -0.022361    0.031568   -0.003700   -0.019892
   -0.022361   -0.012683   -0.032449   -0.014063
   -0.022361    0.022128    0.011986    0.033830
   -0.022361   -0.024292   -0.023053    0.017116
   -0.022361    0.016318   -0.030897    0.007058
   -0.022361   -0.016703    0.029308    0.010352
   -0.022361    0.018971    0.027763   -0.008406
   -0.022361   -0.024063    0.016120    0.028589
   -0.022361    0.031601   -0.001440    0.023039
   -0.022361   -0.031669   -0.010125    0.015820
   -0.022361    0.020903   -0.016490   -0.035721
   -0.022361    0.017171    0.029501    0.000851
   -0.022361   -0.013176    0.026767   -0.026893
   -0.022361   -0.015054   -0.031505   -0.010599
   -0.022361    0.016202   -0.026185    0.026176
   -0.022361    0.004517    0.029131   -0.028470
   -0.022361    0.012008    0.027737    0.022935
   -0.022361   -0.024493   -0.019333   -0.027355
   -0.022361    0.012912    0.023446   -0.034967
   -0.022361   -0.018067   -0.027851   -0.022212
   -0.022361   -0.012786   -0.032661   -0.010398
   -0.022361   -0.013441    0.031634   -0.009424
   -0.022361   -0.017971   -0.027078    0.020397
   -0.022361    0.005134   -0.032917   -0.020157
   -0.022361   -0.006185    0.031120    0.018973
   -0.022361    0.025817   -0.021055   -0.015955
   -0.022361   -0.021646    0.016079   -0.032530
   -0.022361    0.016773    0.027340    0.016007
   -0.022361    0.018398   -0.026296    0.023065
   -0.022361   -0.029631    0.014645   -0.012470
   -0.022361   -0.012494   -0.022950    0.034921
   -0.022361   -0.009134    0.026596    0.029467
   -0.022361    0.008643    0.033311    0.002535
   -0.022361    0.012314    0.021970    0.033483
   -0.022361   -0.014074    0.027975    0.021778
   -0.022361    0.021150   -0.027987    0.001468
   -0.022361   -0.022748    0.024132   -0.013912
   -0.022361    0.030622   -0.014558    0.016377
   -0.022361    0.015392    0.028986    0.013188
   -0.022361    0.019858    0.017004    0.031930
   -0.022361    0.026967   -0.007785    0.032492
   -0.022361    0.030181    0.006280    0.023287
   -0.022361    0.022314    0.019772   -0.028246
   -0.022361   -0.023514   -0.025688    0.010369
   -0.022361   -0.030099    0.007512   -0.021368
   -0.022361    0.028154    0.016179    0.013948
   -0.022361    0.031997   -0.015114   -0.001054
   -0.022361   -0.007129    0.032338   -0.013971
   -0.022361    0.031359   -0.007750   -0.020434
   -0.022361    0.012358   -0.025467   -0.032858
   -0.022361    0.030283   -0.002142   -0.024700
   -0.022361   -0.022519    0.024294    0.016071
   -0.022361    0.004494    0.032108   -0.020515
   -0.022361    0.018738   -0.025146    0.025618
   -0.022361   -0.018164    0.019326   -0.033869
   -0.022361   -0.026395   -0.009043   -0.032793
   -0.022361   -0.021005   -0.028676   -0.006702
   -0.022361    0.028218   -0.020314    0.010363
   -0.022361   -0.025366    0.020242   -0.015930
   -0.022361    0.005768    0.028705   -0.028690
   -0.022361   -0.013383    0.029979    0.015299
   -0.022361   -0.031432   -0.010976    0.017079
   -0.022361    0.014416    0.023160    0.030273
   -0.022361    0.019467    0.020596    0.026277
   -0.022361   -0.025583    0.022622   -0.002796
   -0.022361    0.007403   -0.034727   -0.001618
   -0.022361    0.014140   -0.025815    0.028360
   -0.022361    0.023080    0.017412   -0.030426
   -0.022361    0.024548   -0.006700    0.036777
   -0.022361    0.000245    0.032725    0.013179
   -0.022361   -0.021413    0.017617   -0.031755
   -0.022361   -0.022308    0.019010    0.027334
   -0.022361   -0.025338    0.001642    0.036895
   -0.022361    0.023779   -0.021184    0.023047
   -0.022361   -0.018073    0.021862   -0.030378
   -0.022361   -0.029983   -0.018737   -0.004093
   -0.022361   -0.013786   -0.029614   -0.023195
   -0.022361   -0.028330   -0.020298    0.005328
   -0.022361   -0.016100    0.026357   -0.023325
   -0.022361    0.013119    0.026035   -0.029688
   -0.022361    0.022284    0.017114    0.028295
   -0.022361   -0.033393   -0.002933   -0.011986
   -0.022361   -0.004356   -0.033579   -0.018437
   -0.022361   -0.021763    0.019773    0.028290
   -0.022361   -0.019336    0.023172   -0.026785
   -0.022361   -0.029416    0.016967   -0.006481
   -0.022361   -0.023679   -0.026164    0.001735
   -0.022361   -0.002278    0.033747    0.006805
   -0.022361   -0.023980    0.010421   -0.034016
   -0.022361   -0.034573   -0.003807    0.005281
   -0.022361   -0.016150    0.019659   -0.035763
   -0.022361    0.031382   -0.000032    0.022754
   -0.022361    0.026127   -0.007573    0.033984
   -0.022361    0.031540    0.003370    0.020569
   -0.022361   -0.020518   -0.019872   -0.033034
   -0.022361   -0.028586    0.018890   -0.006622
   -0.022361    0.016953    0.022652   -0.031667
   -0.022361    0.032092    0.006521   -0.015400
   -0.022361   -0.026899   -0.021296    0.013454
   -0.022361    0.008317    0.032923    0.003985
   -0.022361   -0.003934    0.033673    0.007789
   -0.022361   -0.014946   -0.029155    0.019664
   -0.022361    0.016031    0.016842    0.037328
   -0.022361   -0.028069    0.004791    0.031859
   -0.022361    0.024219    0.019846   -0.024022
   -0.022361   -0.032920    0.002266    0.017354
   -0.022361   -0.034295   -0.004573   -0.002607
   -0.022361    0.033685    0.005222   -0.006810
   -0.022361   -0.014709    0.025831    0.026843
   -0.022361    0.026521    0.001557    0.033727
   -0.022361    0.022858   -0.026934   -0.000032
   -0.022361    0.006324   -0.028670   -0.031415
   -0.022361    0.018390    0.028832    0.002003
   -0.022361   -0.028166    0.008074   -0.027903
   -0.022361    0.015342    0.026193    0.021071
   -0.022361   -0.030013   -0.015135   -0.018617
   -0.022361   -0.007740   -0.028271   -0.033771
   -0.022361    0.013419   -0.023205   -0.034517
   -0.022361    0.026861    0.009031    0.029565
   -0.022361   -0.028752    0.016908    0.011353
   -0.022361    0.021839    0.025719   -0.006163
   -0.022361   -0.007048   -0.034459    0.002410
   -0.022361    0.032277    0.003189   -0.018723
   -0.022361   -0.027996    0.000838    0.031370
   -0.022361    0.032448    0.009911   -0.005022
   -0.022361   -0.010456   -0.025549   -0.036285
   -0.022361    0.020166   -0.019927    0.032204
   -0.022361    0.015461   -0.027828    0.022431
   -0.022361    0.016152    0.026452   -0.025343
   -0.022361    0.026148   -0.021142    0.016296
   -0.022361   -0.020814    0.026903    0.007396
   -0.022361    0.013190   -0.032658   -0.004367
   -0.022361    0.031087   -0.001259   -0.022547
   -0.022361   -0.020102   -0.018851    0.031474
   -0.022361    0.029931    0.011892   -0.019373
   -0.022361   -0.010216   -0.031602   -0.022383
   -0.022361   -0.024726   -0.025892   -0.005997
   -0.022361   -0.014847   -0.032655   -0.005837
   -0.022361   -0.022220    0.018483    0.029707
   -0.022361   -0.032119    0.011097   -0.004409
   -0.022361   -0.012506   -0.023370    0.034230
   -0.022361   -0.018693    0.013323    0.038181
   -0.022361    0.019475   -0.028012    0.014061
   -0.022361    0.033192    0.006321   -0.010150
   -0.022361    0.030621    0.015244    0.002144
   -0.022361    0.029267    0.017610    0.005447
   -0.022361   -0.003080   -0.030010    0.026108
   -0.022361   -0.012225    0.026517    0.028432
   -0.022361    0.009974   -0.023875    0.035421
   -0.022361   -0.018867    0.028177   -0.009051
   -0.022361    0.017670   -0.029962   -0.010024
   -0.022361   -0.022723    0.006426    0.038712
   -0.022361    0.030236   -0.001854   -0.026401
   -0.022361    0.005883   -0.035155   -0.000173
   -0.022361   -0.028731    0.016513   -0.012577
   -0.022361    0.003150    0.034085    0.005927
   -0.022361    0.034582    0.000374   -0.005548
   -0.022361   -0.028323   -0.013914    0.023538
   -0.022361   -0.012795   -0.032145    0.010493
   -0.022361    0.023462    0.019176    0.021961
   -0.022361    0.027906   -0.018975    0.016061
   -0.022361   -0.020012   -0.027258   -0.019116
   -0.022361    0.027464    0.020024    0.004191
   -0.022361   -0.031729    0.011680   -0.008040
   -0.022361    0.005972    0.033656   -0.007365
   -0.022361   -0.013025    0.030759   -0.014054
   -0.022361   -0.033547    0.006571    0.007402
   -0.022361    0.033958    0.005902   -0.001000
   -0.022361   -0.012670    0.030840   -0.013116
   -0.022361    0.030685    0.011886    0.016131
   -0.022361   -0.026712    0.019992   -0.010510
   -0.022361   -0.020722    0.025185   -0.016721
   -0.022361   -0.025454   -0.004914   -0.035326
   -0.022361   -0.002371    0.034162   -0.003594
   -0.022361    0.031528   -0.001348   -0.020699
   -0.022361    0.029694   -0.006087    0.027809
   -0.022361    0.021823    0.019351    0.026200
   -0.022361    0.028611   -0.009326    0.027721
   -0.022361    0.032565    0.005940   -0.013403
   -0.022361   -0.032046    0.002722    0.019604
   -0.022361    0.022014    0.013418    0.032563
   -0.022361   -0.025216   -0.002741    0.036733
   -0.022361    0.016219    0.018814    0.033338
   -0.022361   -0.002333    0.025394   -0.036672
   -0.022361   -0.009503    0.027183    0.027623
   -0.022361   -0.020656   -0.026355   -0.023074
   -0.022361    0.011662    0.024321    0.029970
   -0.022361    0.020709   -0.027851   -0.011560
   -0.022361    0.034476   -0.004283   -0.007829
   -0.022361    0.028680    0.018430    0.003597
   -0.022361    0.026554    0.004719   -0.034030
   -0.022361   -0.000328    0.033701    0.010585
   -0.022361   -0.025864    0.022063    0.007780
   -0.022361   -0.020082   -0.016328    0.035083
   -0.022361   -0.011580    0.024136   -0.033422
   -0.022361   -0.030865   -0.015998   -0.011290
   -0.022361   -0.020518    0.019554    0.030723
   -0.022361    0.001125   -0.032451    0.020753
   -0.022361   -0.015832    0.028687    0.015611
   -0.022361   -0.033616    0.002820   -0.008514
   -0.022361   -0.033622   -0.003601   -0.013364
   -0.022361   -0.027743   -0.006742   -0.030204
   -0.022361   -0.025930   -0.014131    0.028723
   -0.022361   -0.024051   -0.004102    0.037081
   -0.022361    0.031828   -0.007852   -0.017738
   -0.022361   -0.016127   -0.028544   -0.025206
   -0.022361    0.015188   -0.031547   -0.003078
   -0.022361   -0.025287    0.004009    0.035759
   -0.022361   -0.026640    0.005721    0.033198
   -0.022361    0.010503    0.026795   -0.030736
   -0.022361   -0.021608   -0.011811   -0.039767
   -0.022361   -0.024511    0.011317    0.032745
   -0.022361   -0.031596    0.010052   -0.013895
   -0.022361    0.023454    0.023634   -0.012964
   -0.022361    0.025961    0.020793    0.008654
   -0.022361    0.030693    0.009295   -0.019805
   -0.022361    0.021825    0.024589   -0.016712
   -0.022361    0.013365   -0.021130   -0.037392
   -0.022361    0.012275    0.024409    0.030943
   -0.022361    0.017308   -0.025541   -0.027072
   -0.022361    0.017371    0.021628    0.028975
   -0.022361   -0.018079    0.018220   -0.035485
   -0.022361   -0.007094   -0.035109    0.000323
   -0.022361   -0.033226   -0.008017    0.012984
   -0.022361    0.015867   -0.031115    0.010289
   -0.022361   -0.012370   -0.029064    0.023002
   -0.022361    0.011041    0.022801   -0.036209
   -0.022361    0.001277   -0.034422   -0.015383
   -0.022361    0.033236   -0.007299    0.012558
   -0.022361   -0.029951    0.008110   -0.022624
   -0.022361   -0.021935    0.022505    0.021528
   -0.022361    0.013146    0.025389   -0.030502
   -0.022361    0.011511    0.030518   -0.019835
   -0.022361    0.020573    0.018068    0.028914
   -0.022361    0.000754   -0.025979    0.034252
   -0.022361   -0.024117   -0.000489   -0.037890
   -0.022361   -0.013444   -0.021305    0.035517
   -0.022361   -0.024512   -0.025711    0.000880
   -0.022361   -0.005524    0.030927   -0.023727
   -0.022361    0.009251    0.032116   -0.013669
   -0.022361    0.020856    0.021988   -0.026834
   -0.022361   -0.030349   -0.012409    0.019600
   -0.022361    0.015850   -0.025420   -0.028708
   -0.022361    0.018626    0.028054    0.004960
   -0.022361    0.017312    0.027281   -0.022046
   -0.022361   -0.012536    0.022971    0.033192
   -0.022361   -0.030193    0.006442   -0.022397
   -0.022361   -0.024887    0.008284    0.035341
   -0.022361   -0.008761    0.032009   -0.016841
   -0.022361   -0.023043   -0.024492    0.016660
   -0.022361   -0.033286    0.002619    0.015580
   -0.022361   -0.009096    0.028684    0.024961
   -0.022361    0.001426    0.032704    0.014290
   -0.022361   -0.020007    0.026317    0.015683
   -0.022361   -0.006217    0.025471    0.032727
   -0.022361    0.034271   -0.003571    0.007171
   -0.022361   -0.030393    0.015610    0.008209
   -0.022361    0.033789   -0.007437    0.002259
   -0.022361   -0.026190   -0.000078   -0.034301
   -0.022361   -0.009821    0.032844    0.004314
   -0.022361   -0.009279    0.031527   -0.018420
   -0.022361    0.006748   -0.034126    0.006017
   -0.022361   -0.016063    0.030272   -0.001540
   -0.022361   -0.028793    0.007257    0.027598
   -0.022361   -0.013288   -0.026160    0.028010
   -0.022361    0.030576    0.013470   -0.015032
   -0.022361    0.019418    0.022790    0.023934
   -0.022361    0.025037   -0.003122   -0.035595
   -0.022361   -0.028297    0.011414    0.024844
   -0.022361    0.010366    0.025337    0.029764
   -0.022361   -0.008794   -0.026764   -0.034272
   -0.022361   -0.012225   -0.033139    0.000315
   -0.022361    0.021587   -0.024732    0.020411
   -0.022361    0.026603   -0.022000    0.008081
   -0.022361   -0.007265   -0.026233    0.031775
   -0.022361   -0.029497   -0.006707   -0.026450
   -0.022361    0.009567   -0.028165   -0.029812
   -0.022361   -0.031255    0.005518    0.021404
   -0.022361    0.001600   -0.034380   -0.015306
   -0.022361   -0.016635    0.026904   -0.022597
   -0.022361   -0.024480    0.018007   -0.024583
   -0.022361   -0.009424    0.031432   -0.016911
   -0.022361   -0.013971   -0.027647    0.023655
   -0.022361    0.028218   -0.002039    0.030870
   -0.022361   -0.026619    0.019692    0.012177
   -0.022361    0.026524    0.020943   -0.003965
   -0.022361    0.017678   -0.025786    0.025472
   -0.022361    0.033938   -0.003762    0.008320
   -0.022361   -0.028807   -0.020550   -0.005158
   -0.022361    0.031759    0.007152   -0.018566
   -0.022361   -0.029374   -0.001134    0.028149
   -0.022361   -0.034884    0.000496    0.003805
   -0.022361   -0.032604    0.008959    0.011680
   -0.022361    0.034108   -0.008215    0.002478
   -0.022361    0.028030    0.019047   -0.003585
   -0.022361    0.001522   -0.028579    0.030455
   -0.022361    0.001883    0.030692   -0.026708
   -0.022361    0.024978   -0.019304    0.023903
   -0.022361    0.033197    0.003287   -0.015042
   -0.022361    0.033225    0.009811   -0.000125
   -0.022361   -0.027424   -0.005084    0.032417
   -0.022361    0.019931   -0.016021    0.036471
   -0.022361    0.004146   -0.028782    0.028570
   -0.022361    0.032163    0.000590   -0.019298
   -0.022361    0.030975    0.013925    0.002336
   -0.022361    0.016042    0.018993   -0.037774
   -0.022361   -0.021789    0.018371   -0.029468
   -0.022361    0.001650   -0.034718   -0.011923
   -0.022361    0.020058    0.011121    0.037473
   -0.022361    0.024089   -0.025219    0.011225
   -0.022361    0.026328   -0.013268    0.028860
   -0.022361    0.032820   -0.011112    0.006638
   -0.022361    0.010325    0.029587    0.019127
   -0.022361   -0.004676   -0.032273   -0.024134
   -0.022361    0.011019   -0.029436    0.024411
   -0.022361   -0.031073   -0.016034   -0.005177
   -0.022361   -0.028296   -0.018653   -0.015486
   -0.022361   -0.013757   -0.031338    0.011721
   -0.022361    0.014616   -0.025354   -0.029678
   -0.022361    0.012788    0.030694    0.010776
   -0.022361    0.011002   -0.032682    0.010193
   -0.022361   -0.024989   -0.003490   -0.036777
   -0.022361   -0.012121   -0.033114   -0.009708
   -0.022361    0.010147    0.023424   -0.036189
   -0.022361   -0.019430    0.018304    0.033838
   -0.022361    0.014717    0.030716   -0.006392
   -0.022361   -0.002346   -0.033175   -0.020256
   -0.022361   -0.022710    0.013996   -0.032244
   -0.022361   -0.022062   -0.015946   -0.034501
   -0.022361   -0.016182   -0.025852    0.025497
   -0.022361    0.004830    0.031981    0.016594
   -0.022361   -0.008281    0.028544   -0.028905
   -0.022361    0.033619    0.004525   -0.004111
   -0.022361   -0.027669   -0.019648    0.013911
   -0.022361    0.033682    0.007272    0.005836
   -0.022361    0.006009   -0.028184    0.029204
   -0.022361   -0.030594    0.013391    0.011430
   -0.022361    0.021817    0.020706    0.021163
   -0.022361   -0.028702   -0.017962    0.014210
   -0.022361   -0.014697    0.028835    0.017558
   -0.022361   -0.029154   -0.006351   -0.027657
   -0.022361    0.031027    0.010881   -0.017613
   -0.022361    0.017955   -0.029982    0.006192
   -0.022361    0.028342    0.017431    0.007689
   -0.022361    0.033804   -0.001482    0.015781
   -0.022361    0.001529    0.033351   -0.017639
   -0.022361    0.030145   -0.001744    0.026376
   -0.022361    0.028054   -0.014862   -0.021982
   -0.022361    0.020185   -0.025089    0.021703
   -0.022361   -0.003252    0.033493   -0.014510
   -0.022361   -0.004484    0.033833   -0.008807
   -0.022361    0.025043    0.009674    0.032140
   -0.022361    0.013098    0.021974   -0.036004
   -0.022361   -0.032709    0.010312   -0.004670
   -0.022361    0.024028    0.015555    0.027738
   -0.022361    0.017954    0.026987   -0.018759
   -0.022361   -0.014247    0.031406    0.002113
   -0.022361    0.005723   -0.030144   -0.027941
   -0.022361   -0.024711    0.006265   -0.035312
   -0.022361   -0.028796   -0.004416   -0.030481
   -0.022361   -0.021312   -0.022358    0.025014
   -0.022361   -0.027147    0.011333    0.028070
   -0.022361    0.028789   -0.007094   -0.027006
   -0.022361    0.023914    0.013087    0.029946
   -0.022361   -0.028640    0.016813   -0.013578
   -0.022361    0.034849    0.001887   -0.002519
   -0.022361   -0.014915    0.027483   -0.024618
   -0.022361    0.029442   -0.010158    0.025433
   -0.022361    0.026675   -0.012838    0.029463
   -0.022361   -0.032352    0.010037    0.008168
   -0.022361    0.024356    0.023485    0.002476
   -0.022361   -0.026698   -0.002374   -0.034653
   -0.022361   -0.003417    0.034052    0.007942
   -0.022361    0.002658    0.025380   -0.036448
   -0.022361   -0.029730   -0.018070   -0.012402
   -0.022361   -0.025373   -0.024149    0.003357
   -0.022361    0.013274    0.030862    0.008026
   -0.022361   -0.022722   -0.027062   -0.005169
   -0.022361   -0.000860    0.027988   -0.032250
   -0.022361    0.016090   -0.030102   -0.014405
   -0.022361    0.017042    0.015124    0.037640
   -0.022361   -0.017671    0.028578    0.012142
   -0.022361    0.016841   -0.030692   -0.007763
   -0.022361   -0.004714   -0.033704   -0.017382
   -0.022361   -0.026645   -0.010726    0.031375
   -0.022361    0.020164   -0.018513    0.033052
   -0.022361    0.020524    0.010599    0.037544
   -0.022361   -0.006696    0.031553   -0.018632
   -0.022361   -0.010392   -0.025081   -0.036726
   -0.022361    0.004895    0.033848    0.003933
   -0.022361    0.009867   -0.032883    0.013630
   -0.022361   -0.010630    0.023451    0.034642
   -0.022361    0.005674    0.029474    0.023516
   -0.022361   -0.011527    0.032226    0.007520
   -0.022361    0.018982    0.022307    0.025178
   -0.022361    0.023646   -0.006616   -0.037559
   -0.022361    0.020159    0.026583   -0.014387
   -0.022361   -0.026660   -0.001086    0.033527
   -0.022361   -0.033123   -0.002960    0.014050
   -0.022361    0.024567    0.022530   -0.011267
   -0.022361    0.009123    0.031959   -0.012735
   -0.022361    0.031368   -0.002700   -0.022935
   -0.022361    0.007808    0.028359   -0.029820
   -0.022361   -0.025197   -0.004975   -0.036340
   -0.022361   -0.008347    0.026533    0.029282
   -0.022361   -0.032830   -0.010484    0.004105
   -0.022361   -0.009218   -0.032578    0.011940
   -0.022361    0.020212   -0.023272    0.026300
   -0.022361    0.022799    0.010694   -0.036764
   -0.022361   -0.020026   -0.029516    0.001249
   -0.022361    0.014221    0.028797   -0.020726
   -0.022361    0.027424    0.012925   -0.024543
   -0.022361    0.004586    0.031611    0.016679
   -0.022361    0.011585    0.027620   -0.027962
   -0.022361    0.009669    0.028057    0.024883
   -0.022361   -0.026443   -0.018608    0.021100
   -0.022361   -0.013739    0.019000    0.037671
   -0.022361   -0.034588    0.000767    0.001828
   -0.022361    0.028829   -0.013786    0.023011
   -0.022361    0.020054    0.021533    0.023859
   -0.022361   -0.001924   -0.032809    0.018248
   -0.022361    0.013817   -0.032511   -0.001691
   -0.022361   -0.029171   -0.019301    0.007046
   -0.022361   -0.030868   -0.000175   -0.023858
   -0.022361   -0.026751    0.008378    0.032429
   -0.022361   -0.009997   -0.022848   -0.039738
   -0.022361    0.017766    0.028125    0.011320
   -0.022361   -0.016480   -0.026050   -0.029500
   -0.022361    0.001972   -0.032444   -0.023407
   -0.022361   -0.026719   -0.020900    0.015851
   -0.022361    0.033221    0.000734   -0.014927
   -0.022361    0.004666   -0.034404    0.009727
   -0.022361   -0.024889   -0.009729    0.034000
   -0.022361    0.007599    0.024106   -0.036935
   -0.022361   -0.028549   -0.000833    0.029817
   -0.022361    0.031370    0.013899    0.005604
   -0.022361    0.006393   -0.026098   -0.035468
   -0.022361   -0.006773   -0.025159   -0.037945
   -0.022361   -0.017317    0.023437    0.027603
   -0.022361   -0.019560    0.022952   -0.025573
   -0.022361   -0.033390    0.008683    0.000142
   -0.022361   -0.033440   -0.004813   -0.011190
   -0.022361    0.030767   -0.009135   -0.020806
   -0.022361   -0.019932    0.023227   -0.024511
   -0.022361   -0.020050    0.026014    0.016551
   -0.022361    0.031618   -0.012023    0.013297
   -0.022361   -0.027781    0.016538    0.018050
   -0.022361    0.029698   -0.009134    0.026240
   -0.022361   -0.007453    0.027001   -0.032956
   -0.022361   -0.033282    0.005696    0.013155
   -0.022361   -0.024134   -0.026160   -0.005250
   -0.022361   -0.031510    0.011603   -0.008558
   -0.022361    0.033567    0.000792    0.012515
   -0.022361    0.009717    0.024995   -0.034257
   -0.022361   -0.026300   -0.019327   -0.022029
   -0.022361    0.024426   -0.012494   -0.032170
   -0.022361    0.012294    0.031002   -0.015931
   -0.022361   -0.025288   -0.021816    0.015326
   -0.022361    0.026380   -0.021412   -0.015297
   -0.022361   -0.024723    0.008517    0.034855
   -0.022361    0.006494    0.031134    0.016547
   -0.022361    0.032524    0.006480    0.014039
   -0.022361   -0.033881   -0.001383    0.010915
   -0.022361    0.028139    0.011698   -0.025803
   -0.022361   -0.033327   -0.005287    0.013870
   -0.022361   -0.024727    0.010326   -0.032682
   -0.022361   -0.029101    0.010707    0.023850
   -0.022361    0.027725   -0.019723    0.016144
   -0.022361   -0.033548   -0.005339    0.013306
   -0.022361   -0.009039   -0.025407    0.032293
   -0.022361   -0.032669    0.010662    0.003884
   -0.022361    0.025293   -0.017636    0.026850
   -0.022361   -0.022713   -0.013792    0.034738
   -0.022361    0.028869    0.015136   -0.018033
   -0.022361    0.030437   -0.012169    0.021461
   -0.022361    0.032537    0.004191   -0.016753
   -0.022361   -0.018331    0.016610   -0.036830
   -0.022361   -0.001578    0.032782    0.014891
   -0.022361    0.016756   -0.030933   -0.002432
   -0.022361    0.031580   -0.002437    0.022587
   -0.022361    0.034387    0.002134    0.005543
   -0.022361   -0.001636   -0.027958    0.031224
   -0.022361    0.015559   -0.023768    0.031736
   -0.022361   -0.030194    0.016277   -0.001126
   -0.022361   -0.005273   -0.034960   -0.003380
   -0.022361   -0.032609   -0.005798   -0.015539
   -0.022361    0.020771    0.026496   -0.012465
   -0.022361   -0.020867    0.022192    0.025782
   -0.022361   -0.030718   -0.016746   -0.005754
   -0.022361    0.010564    0.025327   -0.033797
   -0.022361    0.030083   -0.003483   -0.026893
   -0.022361    0.025174    0.022537    0.005947
   -0.022361    0.033467   -0.004827    0.012280
   -0.022361    0.024085   -0.012028   -0.033628
   -0.022361   -0.011190    0.030637   -0.018287
   -0.022361    0.000184    0.033967   -0.009744
   -0.022361    0.027299    0.020195    0.000190
   -0.022361   -0.022585   -0.019443    0.027594
   -0.022361    0.015633   -0.017647   -0.039318
   -0.022361   -0.011522    0.026949    0.026178
   -0.022361    0.030054    0.008265   -0.022972
   -0.022361    0.007349   -0.034228    0.008212
   -0.022361   -0.001215   -0.032516    0.018303
   -0.022361   -0.018209    0.023386    0.026203
   -0.022361   -0.005952   -0.033613    0.012982
   -0.022361   -0.011821   -0.033122    0.007769
   -0.022361    0.002440   -0.035151   -0.009317
   -0.022361    0.030624    0.011892    0.012140
   -0.022361    0.020797    0.027233   -0.005928
   -0.022361    0.003421   -0.031201   -0.027721
   -0.022361    0.011558    0.030277   -0.019789
   -0.022361   -0.007780    0.033445   -0.007367
   -0.022361   -0.014227    0.030089   -0.013753
   -0.022361   -0.001356   -0.035284    0.003288
   -0.022361    0.008450    0.030692   -0.023527
   -0.022361   -0.027826   -0.022020   -0.004755
   -0.022361    0.030101    0.013157   -0.014943
   -0.022361    0.017294    0.019396   -0.035881
   -0.022361   -0.003193   -0.034233   -0.018199
   -0.022361   -0.024980    0.022394   -0.012257
   -0.022361   -0.031701    0.012043   -0.004830
   -0.022361    0.024622   -0.024445   -0.004806
   -0.022361   -0.016011   -0.030498   -0.017248
   -0.022361    0.018620   -0.029142   -0.011391
   -0.022361   -0.008864   -0.026005    0.032131
   -0.022361    0.005600    0.030813    0.020209
   -0.022361    0.027585   -0.020566   -0.011545
   -0.022361    0.033501   -0.000541   -0.010957
   -0.022361   -0.002852    0.033040   -0.017900
   -0.022361   -0.031010   -0.008177    0.022160
   -0.022361    0.032075   -0.010858   -0.011908
   -0.022361   -0.022605    0.019191    0.027755
   -0.022361    0.027854   -0.021638    0.005562
   -0.022361    0.031687   -0.006639    0.019131
   -0.022361    0.027963    0.018698    0.009405
   -0.022361    0.012256   -0.032452   -0.009123
   -0.022361    0.007648    0.025854    0.030038
   -0.022361    0.002001    0.033710   -0.011878
   -0.022361   -0.022626    0.023069   -0.016464
   -0.022361    0.019065    0.025347   -0.021787
   -0.022361   -0.028345    0.006764   -0.028091
   -0.022361   -0.020362    0.014869   -0.035847
   -0.022361   -0.015894    0.030098   -0.005851
   -0.022361   -0.030653    0.010344    0.019437
   -0.022361   -0.030331    0.009865   -0.019732
   -0.022361    0.019552    0.026615   -0.013464
   -0.022361    0.033935   -0.008960    0.001804
   -0.022361   -0.019231   -0.015933    0.036509
   -0.022361    0.034430    0.003382   -0.003016
   -0.022361   -0.024793    0.005957    0.036278
   -0.022361   -0.015793    0.030473   -0.000669
   -0.022361   -0.017344    0.024814    0.024979
   -0.022361   -0.021282   -0.023326   -0.026845
   -0.022361   -0.003876   -0.026810    0.032659
   -0.022361   -0.019052    0.028225   -0.001595
   -0.022361    0.030302   -0.007702    0.025311
   -0.022361    0.025315    0.002403    0.035435
   -0.022361    0.019683    0.024158    0.019781
   -0.022361   -0.014690    0.031372    0.000832
   -0.022361    0.022857    0.012951   -0.034962
   -0.022361    0.020343   -0.028625   -0.001427
   -0.022361   -0.017251   -0.029230   -0.018633
   -0.022361   -0.013271   -0.032483   -0.012441
   -0.022361   -0.001676   -0.034429    0.010074
   -0.022361   -0.033744   -0.007623   -0.005437
   -0.022361    0.016574    0.029397    0.003459
   -0.022361   -0.025382   -0.019551   -0.024697
   -0.022361    0.024587   -0.010550    0.034802
   -0.022361    0.030814    0.014582   -0.003208
   -0.022361    0.001616   -0.035566    0.000118
   -0.022361   -0.009567    0.031322   -0.017374
   -0.022361   -0.010163    0.024384   -0.034903
   -0.022361    0.029155   -0.019326    0.002293
   -0.022361    0.012198    0.028580    0.020327
   -0.022361   -0.019932    0.011678    0.039037
   -0.022361   -0.025363    0.020138   -0.017456
   -0.022361   -0.024357   -0.008305    0.035815
   -0.022361    0.000686   -0.035054   -0.012128
   -0.022361    0.020249    0.013033   -0.038589
   -0.022361    0.027520   -0.009245   -0.029347
   -0.022361    0.007975    0.032854   -0.014482
   -0.022361   -0.011430   -0.033411    0.000715
   -0.022361   -0.029583   -0.015201    0.016325
   -0.022361    0.011789   -0.033432   -0.001037
   -0.022361   -0.025579   -0.023162    0.012579
   -0.022361    0.024163    0.003945   -0.037358
   -0.022361    0.020173   -0.025188    0.022097
   -0.022361   -0.029428   -0.011420    0.024164
   -0.022361   -0.029952   -0.012469   -0.021720
   -0.022361   -0.005549    0.033725   -0.010680
   -0.022361   -0.029221   -0.019013    0.005079
   -0.022361    0.023838   -0.019958    0.026033
   -0.022361   -0.029699   -0.002042    0.028283
   -0.022361    0.011086    0.022043   -0.037475
   -0.022361   -0.027444   -0.001904   -0.031867
   -0.022361   -0.034382   -0.002545    0.005095
   -0.022361    0.014840    0.030858   -0.000419
   -0.022361   -0.000265    0.034455   -0.004745
   -0.022361   -0.016411    0.027746   -0.020916
   -0.022361   -0.017463    0.029278   -0.005552
   -0.022361    0.001564    0.027890    0.029291
   -0.022361   -0.033672    0.005472   -0.001844
   -0.022361   -0.030950    0.002529    0.024609
   -0.022361   -0.003345    0.034146   -0.008360
   -0.022361    0.019639    0.017544   -0.034373
   -0.022361   -0.006111   -0.034013    0.012007
   -0.022361    0.031984   -0.010388    0.016201
   -0.022361    0.020134   -0.027138   -0.015259
   -0.022361    0.033288   -0.010271    0.004069
   -0.022361    0.008974    0.028114   -0.029017
   -0.022361    0.033186   -0.004870    0.014849
   -0.022361   -0.032156   -0.010886   -0.015422
   -0.022361   -0.033316   -0.010890   -0.007261
   -0.022361   -0.027619   -0.002088    0.032359
   -0.022361   -0.026941   -0.018141   -0.022215
   -0.022361   -0.005104    0.033616    0.005473
   -0.022361    0.029127    0.017550   -0.001461
   -0.022361   -0.000306   -0.032102    0.021082
   -0.022361   -0.025785    0.018132   -0.020612
   -0.022361    0.024136   -0.016338    0.029289
   -0.022361    0.008679   -0.031176    0.019922
   -0.022361   -0.023304    0.024874   -0.005786
   -0.022361   -0.034085    0.002609   -0.008112
   -0.022361   -0.026762   -0.022793   -0.000170
   -0.022361   -0.027167    0.020577   -0.005396
   -0.022361   -0.018506   -0.017258    0.035573
   -0.022361    0.025952   -0.018178   -0.022118
   -0.022361   -0.006039    0.034120   -0.000420
   -0.022361    0.004917    0.033974   -0.010160
   -0.022361   -0.004663    0.024289    0.036133
   -0.022361    0.034499   -0.003566   -0.000260
   -0.022361   -0.028288   -0.005055    0.029860
   -0.022361    0.027398    0.017903   -0.017486
   -0.022361    0.004322    0.025523   -0.036239
   -0.022361    0.029866   -0.008044    0.026356
   -0.022361   -0.030151   -0.007511    0.023416
   -0.022361    0.016418    0.027755    0.015287
   -0.022361    0.024717    0.023751    0.002149
   -0.022361    0.013085   -0.032225   -0.009235
   -0.022361    0.026525   -0.021072    0.016449
   -0.022361   -0.022260    0.026331   -0.001149
   -0.022361    0.031760    0.001132    0.019349
   -0.022361   -0.004815   -0.034769    0.001191
   -0.022361    0.013618   -0.028393    0.023438
   -0.022361    0.015374   -0.031602    0.002953
   -0.022361    0.007363    0.033263   -0.005090
   -0.022361    0.018936    0.023398   -0.026354
   -0.022361    0.027051    0.011152    0.026988
   -0.022361    0.003203   -0.034702   -0.013316
   -0.022361   -0.006202   -0.031161   -0.027410
   -0.022361   -0.005791   -0.031600    0.021487
   -0.022361    0.026951   -0.022980   -0.001777
   -0.022361   -0.029725   -0.005872   -0.026776
   -0.022361   -0.025056   -0.022678   -0.017941
   -0.022361   -0.018670    0.026101   -0.020151
   -0.022361   -0.027166    0.016139    0.022814
   -0.022361   -0.011411    0.029497    0.020226
   -0.022361    0.022205    0.026079   -0.001442
   -0.022361    0.021285    0.017914   -0.032553
   -0.022361   -0.023338   -0.026157   -0.009238
   -0.022361    0.027733    0.006597   -0.030574
   -0.022361   -0.011060   -0.033449   -0.011904
   -0.022361   -0.005675   -0.028327    0.027840
   -0.022361    0.008423    0.032822    0.005521
   -0.022361    0.001541   -0.034697    0.008821
   -0.022361    0.011342   -0.023245    0.035350
   -0.022361   -0.004540    0.025449    0.034093
   -0.022361    0.024407   -0.023399   -0.014239
   -0.022361    0.032267   -0.013649    0.000267
   -0.022361    0.026484   -0.003335   -0.033505
   -0.022361    0.031559   -0.015899   -0.001281
   -0.022361    0.025046   -0.014177    0.030779
   -0.022361   -0.025381   -0.024640    0.002144
   -0.022361    0.016170   -0.021386    0.033190
   -0.022361   -0.022462    0.019532    0.027294
   -0.022361   -0.034337    0.002099    0.009884
   -0.022361   -0.023901    0.009266   -0.035549
   -0.022361    0.008234    0.033016    0.002610
   -0.022361    0.017973   -0.029896    0.005217
   -0.022361   -0.000787    0.024805    0.035461
   -0.022361    0.006625   -0.030582    0.021964
   -0.022361    0.012008    0.024935    0.029050
   -0.022361    0.021002   -0.024218   -0.021909
   -0.022361   -0.034160    0.000830   -0.008183
   -0.022361    0.025367   -0.015201    0.028538
   -0.022361    0.021275    0.017623    0.029519
   -0.022361   -0.026591    0.006805   -0.032157
   -0.022361    0.006511    0.033073   -0.013262
   -0.022361   -0.002490    0.034164   -0.001332
   -0.022361    0.027333    0.006791    0.029512
   -0.022361    0.006938    0.033683   -0.007174
   -0.022361    0.018172   -0.018815   -0.035134
   -0.022361   -0.022719   -0.022531    0.020682
   -0.022361    0.000060   -0.035643   -0.004318
   -0.022361    0.028356   -0.007200    0.028506
   -0.022361   -0.027280    0.010631    0.028038
   -0.022361   -0.032477    0.006766    0.014592
   -0.022361   -0.002648    0.028005   -0.031077
   -0.022361    0.027036    0.016358   -0.021395
   -0.022361   -0.018881    0.028957    0.004305
   -0.022361   -0.013911   -0.030935   -0.019931
   -0.022361    0.023500    0.015282    0.028638
   -0.022361   -0.024850    0.014033    0.030865
   -0.022361    0.005343    0.033225   -0.010649
   -0.022361   -0.024012   -0.024786   -0.015408
   -0.022361    0.031196    0.006158   -0.020826
   -0.022361   -0.025491    0.020874    0.013160
   -0.022361    0.029125   -0.009091    0.026394
   -0.022361   -0.004837    0.033000    0.012985
   -0.022361    0.030351   -0.018046   -0.001911
   -0.022361    0.027644   -0.017121    0.021173
   -0.022361   -0.030880   -0.001950    0.024816
   -0.022361   -0.032879    0.009105    0.010279
   -0.022361   -0.032661   -0.012707   -0.007632
   -0.022361   -0.012678   -0.022661   -0.038478
   -0.022361   -0.029358   -0.020043   -0.002622
   -0.022361    0.028824    0.015884    0.012682
   -0.022361    0.020980    0.025754    0.006800
   -0.022361    0.028204    0.018316    0.005075
   -0.022361   -0.008986    0.021933    0.036571
   -0.022361    0.003480   -0.035079   -0.006597
   -0.022361   -0.018490   -0.021063    0.031116
   -0.022361   -0.019342    0.027996    0.001044
   -0.022361   -0.011157   -0.032766    0.007151
   -0.022361    0.024222    0.020347   -0.021419
   -0.022361    0.023509   -0.018491   -0.027350
   -0.022361    0.021415    0.015626    0.031660
   -0.022361    0.015262    0.030314    0.000161
   -0.022361    0.031690    0.007220   -0.019109
   -0.022361   -0.031972   -0.006721    0.020087
   -0.022361   -0.014400   -0.022992    0.032789
   -0.022361    0.009571   -0.024021    0.035170
   -0.022361   -0.027682    0.000423    0.032815
   -0.022361    0.033252   -0.006622    0.012074
   -0.022361   -0.023100   -0.018350    0.028486
   -0.022361   -0.000683    0.025476    0.033521
   -0.022361   -0.023396    0.023295    0.015776
   -0.022361   -0.008330    0.033059   -0.010255
   -0.022361   -0.029815   -0.011914   -0.021701
   -0.022361   -0.001976    0.033284   -0.013950
   -0.022361    0.032690    0.000677    0.018759
   -0.022361    0.029202   -0.011287   -0.024126
   -0.022361   -0.034274   -0.003172    0.003308
   -0.022361    0.032923   -0.009307    0.012142
   -0.022361   -0.030655   -0.015914   -0.010355
   -0.022361   -0.024182   -0.023265   -0.020526
   -0.022361   -0.032502    0.007454    0.014483
   -0.022361    0.032434   -0.002676   -0.018728
   -0.022361    0.010853    0.028811   -0.026509
   -0.022361   -0.007559   -0.027051   -0.034607
   -0.022361    0.024483    0.023639   -0.008586
   -0.022361   -0.003104   -0.034851    0.007686
   -0.022361   -0.023350   -0.004719    0.037952
   -0.022361   -0.007563    0.032040   -0.016245
   -0.022361   -0.027884   -0.010821   -0.029885
   -0.022361   -0.018172    0.017100   -0.036740
   -0.022361    0.026072   -0.013161    0.031098
   -0.022361    0.033854   -0.006100    0.006542
   -0.022361   -0.020899   -0.013292   -0.038870
   -0.022361   -0.014672    0.031173   -0.006606
   -0.022361   -0.029454   -0.018304   -0.012662
   -0.022361    0.012174    0.032002   -0.011085
   -0.022361   -0.004337    0.033766    0.007363
   -0.022361    0.024954   -0.004535    0.036624
   -0.022361    0.007114   -0.028968    0.026092
   -0.022361   -0.029386   -0.019320   -0.010752
   -0.022361   -0.023335   -0.025612    0.011711
   -0.022361    0.030697   -0.004552    0.024171
   -0.022361    0.031568    0.007384    0.015509
   -0.022361    0.000788    0.031489    0.018966
   -0.022361    0.018432    0.021593    0.026845
   -0.022361   -0.007663   -0.028680   -0.032140
   -0.022361   -0.010877   -0.032543   -0.016682
   -0.022361   -0.019641   -0.018259    0.033525
   -0.022361   -0.022667   -0.026381   -0.011309
   -0.022361    0.031291    0.001558    0.023691
   -0.022361   -0.023767   -0.010297    0.034469
   -0.022361   -0.029287    0.017828   -0.002585
   -0.022361   -0.008844    0.023748    0.034941
   -0.022361   -0.032410   -0.007049    0.016481
   -0.022361    0.020564    0.022175   -0.027437
   -0.022361   -0.016424    0.029862    0.009658
   -0.022361    0.031916   -0.012448   -0.007298
   -0.022361    0.031653    0.002565    0.021660
   -0.022361   -0.032726   -0.011794   -0.002423
   -0.022361    0.013510   -0.023204    0.034102
   -0.022361    0.007613    0.028212    0.025183
   -0.022361    0.018509   -0.029574    0.005673
   -0.022361    0.031770   -0.014611    0.003650
   -0.022361    0.031780   -0.008938    0.019424
   -0.022361    0.028106   -0.014526    0.024228
   -0.022361   -0.022356    0.007978    0.037826
   -0.022361   -0.006492    0.030301    0.022601
   -0.022361    0.001420   -0.028329    0.029555
   -0.022361    0.034297   -0.005715   -0.007958
   -0.022361    0.012628    0.027507    0.022497
   -0.022361   -0.017699    0.022988    0.028508
   -0.022361   -0.006198   -0.033449    0.012821
   -0.022361    0.008102    0.021487    0.037475
   -0.022361   -0.016668   -0.029738    0.013853
   -0.022361   -0.028250    0.015895   -0.017789
   -0.022361   -0.032051    0.012203    0.000197
   -0.022361   -0.005926   -0.034582   -0.009296
   -0.022361   -0.006459   -0.025106    0.033834
   -0.022361    0.001287    0.026939    0.030243
   -0.022361   -0.009439   -0.031776    0.016869
   -0.022361   -0.003822    0.031077   -0.023700
   -0.022361    0.029288   -0.007005    0.027775
   -0.022361   -0.007000    0.032765   -0.012867
   -0.022361    0.006439   -0.034264   -0.012054
   -0.022361   -0.015949    0.030277    0.006145
   -0.022361   -0.012213   -0.031190   -0.022248
   -0.022361    0.009608    0.031998    0.009852
   -0.022361    0.022617   -0.026553    0.005789
   -0.022361   -0.032853    0.006554   -0.010990
   -0.022361   -0.011912   -0.027188    0.027313
   -0.022361   -0.020573    0.027120   -0.008391
   -0.022361   -0.030269    0.015513    0.006507
   -0.022361    0.002908    0.034399   -0.003089
   -0.022361    0.002528   -0.029212   -0.031343
   -0.022361   -0.018185    0.025971    0.020237
   -0.022361   -0.031703   -0.001055    0.022233
   -0.022361   -0.018867   -0.029503   -0.013414
   -0.022361    0.031850   -0.014182    0.007598
   -0.022361   -0.034159    0.000238   -0.002743
   -0.022361   -0.028383   -0.015778    0.018924
   -0.022361   -0.004312    0.033465   -0.011592
   -0.022361   -0.031063    0.011017    0.016935
   -0.022361   -0.025759   -0.019935   -0.023936
   -0.022361    0.004599    0.032393    0.014723
   -0.022361    0.009815   -0.031195   -0.021022
   -0.022361   -0.014268    0.027411   -0.024915
   -0.022361   -0.019293   -0.022091    0.028121
   -0.022361   -0.030234    0.005285    0.024089
   -0.022361   -0.028286   -0.015954    0.021317
   -0.022361    0.030039    0.000370    0.026163
   -0.022361    0.030250   -0.009788    0.022334
   -0.022361    0.024883    0.022836   -0.008742
   -0.022361    0.024302    0.008272   -0.035718
   -0.022361   -0.031901    0.003240   -0.018952
   -0.022361   -0.022157    0.022308   -0.020568
   -0.022361   -0.026765    0.021324   -0.000803
   -0.022361   -0.024730   -0.025014    0.008212
   -0.022361   -0.013520   -0.032201   -0.013957
   -0.022361    0.001374   -0.035128   -0.010143
   -0.022361    0.027436    0.019070   -0.009064
   -0.022361   -0.011625   -0.032877   -0.015852
   -0.022361   -0.030070   -0.008132   -0.025713
   -0.022361   -0.011958   -0.032775    0.007112
   -0.022361    0.016709    0.029735   -0.006204
   -0.022361    0.021006   -0.023608    0.024663
   -0.022361    0.023625   -0.012143    0.034930
   -0.022361   -0.001121   -0.032665   -0.023185
   -0.022361    0.004449    0.033010    0.009816
   -0.022361   -0.002094   -0.035300   -0.012435
   -0.022361   -0.007494    0.033085   -0.013038
   -0.022361   -0.027275    0.019605    0.009438
   -0.022361    0.027675   -0.013435    0.026685
   -0.022361    0.024051    0.023499   -0.010468
   -0.022361   -0.016934   -0.022380   -0.035429
   -0.022361    0.014514   -0.023247   -0.034434
   -0.022361   -0.031700    0.005740   -0.019459
   -0.022361    0.030305   -0.017161   -0.008354
   -0.022361   -0.019056   -0.020864   -0.035029
   -0.022361   -0.030978   -0.015205   -0.010776
   -0.022361    0.019446    0.019444   -0.033674
   -0.022361   -0.019502   -0.021171   -0.032989
   -0.022361    0.008824    0.032967    0.001693
   -0.022361    0.002711   -0.024240   -0.039597
   -0.022361   -0.004868    0.034012    0.005860
   -0.022361   -0.028800    0.010831   -0.023639
   -0.022361   -0.020574    0.022447   -0.026042
   -0.022361   -0.018766    0.013813    0.038725
   -0.022361    0.000927   -0.027536    0.031862
   -0.022361    0.010217    0.027435   -0.030918
   -0.022361   -0.000589    0.033079   -0.017555
   -0.022361    0.027685    0.019446   -0.009359
   -0.022361   -0.000341    0.031034    0.021484
   -0.022361   -0.015190    0.021434    0.033480
   -0.022361   -0.027911   -0.001152   -0.031444
   -0.022361   -0.019915   -0.027994   -0.014890
   -0.022361   -0.006083   -0.034442    0.005713
   -0.022361    0.014070    0.031212   -0.003769
   -0.022361   -0.022574    0.018561    0.028930
   -0.022361    0.027126   -0.009963   -0.028732
   -0.022361    0.033061    0.006657    0.011724
   -0.022361    0.006761   -0.033298    0.014381
   -0.022361    0.031470    0.003017   -0.021109
   -0.022361   -0.033452    0.005634    0.007930
   -0.022361    0.012996    0.031319   -0.010657
   -0.022361    0.021722    0.023998   -0.020041
   -0.022361   -0.000914    0.023001    0.036600
   -0.022361    0.033609    0.002135    0.014534
   -0.022361   -0.011014    0.029346   -0.023101
   -0.022361   -0.033291    0.008739    0.006257
   -0.022361   -0.005649   -0.026850   -0.035734
   -0.022361    0.021609    0.016123   -0.033082
   -0.022361   -0.004433    0.027448    0.029138
   -0.022361    0.013111   -0.022476    0.035022
   -0.022361   -0.022263    0.025779    0.007500
   -0.022361   -0.009916    0.022222    0.036861
   -0.022361   -0.031466    0.008836   -0.017181
   -0.022361    0.012296    0.026041   -0.030116
   -0.022361    0.017338   -0.030736   -0.004946
   -0.022361   -0.000843   -0.035469   -0.001272
   -0.022361    0.033260    0.004773    0.011383
   -0.022361    0.027568   -0.016443   -0.021479
   -0.022361   -0.010052    0.025090    0.032015
   -0.022361    0.032766    0.004715    0.015470
   -0.022361    0.016531   -0.019859   -0.036058
   -0.022361   -0.005836    0.027819   -0.031522
   -0.022361   -0.014326    0.025697    0.027825
   -0.022361   -0.023861    0.024048    0.009317
   -0.022361    0.014222   -0.023767   -0.032788
   -0.022361    0.017334    0.027082    0.014988
   -0.022361   -0.017707    0.022469   -0.029918
   -0.022361    0.015612   -0.024401    0.031117
   -0.022361    0.021210   -0.010582   -0.038101
   -0.022361   -0.022940    0.013586   -0.033166
   -0.022361    0.016365   -0.025792   -0.026656
   -0.022361    0.030698    0.012631    0.012756
   -0.022361    0.009499   -0.025276    0.034506
   -0.022361    0.013055    0.029847   -0.018764
   -0.022361    0.033173   -0.007048   -0.011225
   -0.022361   -0.013372   -0.024952    0.030371
   -0.022361   -0.030793   -0.015835   -0.010814
   -0.022361   -0.031562    0.013317    0.002714
   -0.022361   -0.009050    0.029560   -0.023734
   -0.022361    0.025195   -0.015100   -0.028232
   -0.022361    0.012829    0.023620    0.030090
   -0.022361   -0.025556   -0.021881   -0.017558
   -0.022361   -0.016729   -0.019517    0.035726
   -0.022361    0.017082    0.016026    0.036612
   -0.022361    0.029995   -0.012987   -0.018544
   -0.022361    0.012238   -0.033081    0.005977
   -0.022361   -0.017510   -0.024090   -0.031235
   -0.022361   -0.027586   -0.013614    0.024336
   -0.022361   -0.031753   -0.012928   -0.011527
   -0.022361    0.025637   -0.020492    0.019238
   -0.022361    0.023635   -0.012952   -0.033094
   -0.022361    0.018542   -0.022522    0.029762
   -0.022361    0.032525    0.001258    0.018202
   -0.022361   -0.014302   -0.024492   -0.034641
   -0.022361   -0.018057    0.028853    0.006383
   -0.022361   -0.026016    0.018544   -0.019285
   -0.022361   -0.011579    0.032309   -0.009386
   -0.022361    0.031390    0.014272    0.000024
   -0.022361   -0.013186    0.029538    0.018364
   -0.022361    0.028997    0.016794    0.009463
   -0.022361   -0.021063   -0.029012   -0.006526
   -0.022361    0.033062   -0.006151    0.014132
   -0.022361    0.011084    0.030908   -0.018345
   -0.022361    0.032799    0.007373    0.009627
   -0.022361    0.031275    0.013410    0.007104
   -0.022361   -0.013703   -0.024699   -0.035141
   -0.022361   -0.032452   -0.012528    0.000684
   -0.022361   -0.005141    0.026829   -0.032954
   -0.022361   -0.031399   -0.014270   -0.008865
   -0.022361    0.032368    0.006017   -0.016178
   -0.022361    0.033010   -0.005208    0.014353
   -0.022361   -0.031143    0.014340    0.002660
   -0.022361   -0.029777   -0.016952    0.009948
   -0.022361    0.002641    0.025716    0.033095
   -0.022361   -0.016980    0.029237   -0.012904
   -0.022361   -0.003233   -0.028628   -0.033065
   -0.022361   -0.030995   -0.007529    0.022108
   -0.022361   -0.031546   -0.013085    0.013800
   -0.022361    0.025477   -0.021865    0.018757
   -0.022361   -0.016404    0.029964   -0.008047
   -0.022361    0.027899   -0.018702    0.018083
   -0.022361    0.001304    0.028618   -0.031663
   -0.022361    0.012616   -0.027209    0.028098
   -0.022361   -0.003182    0.023791    0.036237
   -0.022361   -0.029547   -0.011904    0.021813
   -0.022361    0.001956    0.031723    0.017952
   -0.022361    0.029281   -0.011811   -0.022354
   -0.022361    0.030597    0.006300   -0.022476
   -0.022361   -0.020478   -0.015768    0.034942
   -0.022361   -0.007125    0.033337    0.002433
   -0.022361    0.007580   -0.034114    0.003042
   -0.022361   -0.025895    0.007865    0.033453
   -0.022361   -0.003134    0.031503   -0.023160
   -0.022361    0.002824    0.033932    0.001975
   -0.022361   -0.026798   -0.019011    0.018600
   -0.022361    0.007314    0.029597    0.022690
   -0.022361    0.025525    0.017554   -0.024287
   -0.022361   -0.030679    0.009313   -0.017107
   -0.022361    0.033638    0.004624    0.008062
   -0.022361   -0.024268    0.014722    0.030573
   -0.022361    0.028812    0.017598   -0.012068
   -0.022361   -0.022819   -0.010137   -0.039046
   -0.022361   -0.001730    0.034155    0.000818
   -0.022361    0.034256    0.004019   -0.004420
   -0.022361   -0.016822   -0.024489   -0.030857
   -0.022361    0.014437   -0.029177   -0.021852
   -0.022361    0.033424   -0.006051   -0.009674
   -0.022361   -0.006600   -0.025253   -0.037692
   -0.022361    0.022920    0.007113    0.036212
   -0.022361    0.015898   -0.030685   -0.009566
   -0.022361    0.001608    0.032999   -0.018572
   -0.022361   -0.007467    0.027378    0.027991
   -0.022361    0.029248    0.004003    0.027734
   -0.022361    0.026143    0.020859   -0.012318
   -0.022361   -0.022977   -0.022866   -0.023572
   -0.022361   -0.008336    0.025534   -0.034253
   -0.022361   -0.004895   -0.026593    0.032156
   -0.022361   -0.029373    0.007505   -0.024921
   -0.022361   -0.029775    0.016025   -0.004336
   -0.022361    0.008847   -0.026692    0.031158
   -0.022361   -0.004503    0.034171    0.000805
   -0.022361    0.019208    0.022400    0.023563
   -0.022361    0.014160    0.026826   -0.027682
   -0.022361   -0.010442    0.028530    0.024732
   -0.022361   -0.022398    0.009893   -0.036270
   -0.022361    0.029495   -0.010229   -0.023135
   -0.022361    0.030146   -0.014296    0.016872
   -0.022361    0.004006    0.030880    0.019455
   -0.022361   -0.015714    0.030301    0.005692
   -0.022361    0.031948    0.012349   -0.000918
   -0.022361   -0.028435   -0.008861    0.029111
   -0.022361    0.025284   -0.024478   -0.005719
   -0.022361    0.005162    0.028663   -0.031421
   -0.022361   -0.026303   -0.001168    0.034810
   -0.022361   -0.007547   -0.030799    0.021540
   -0.022361    0.014789    0.019627   -0.037655
   -0.022361    0.006806    0.032992    0.006346
   -0.022361   -0.019025   -0.023307    0.027404
   -0.022361   -0.019348   -0.029155   -0.014156
   -0.022361    0.004628    0.034069   -0.001240
   -0.022361    0.020948    0.027021   -0.008118
   -0.022361    0.031735    0.009215    0.015879
   -0.022361    0.023069    0.023683    0.008784
   -0.022361   -0.022659    0.013496   -0.034330
   -0.022361   -0.020981    0.025628    0.013705
   -0.022361    0.000708    0.033916    0.008806
   -0.022361   -0.032032    0.008643    0.015323
   -0.022361    0.031725    0.001262    0.022257
   -0.022361   -0.022869   -0.010364   -0.037349
   -0.022361    0.010796    0.029964    0.017874
   -0.022361   -0.016618   -0.026745   -0.026781
   -0.022361   -0.009510   -0.023656    0.034746
   -0.022361   -0.017870   -0.023054   -0.033698
   -0.022361    0.028430    0.009409   -0.027405
   -0.022361    0.016862   -0.024419   -0.029729
   -0.022361   -0.017886   -0.018598   -0.038756
   -0.022361    0.011428    0.032182   -0.008616
   -0.022361   -0.014595   -0.032352    0.003534
   -0.022361   -0.015448    0.026779   -0.025387
   -0.022361   -0.000921   -0.027252    0.032809
   -0.022361   -0.016766   -0.031525    0.000788
   -0.022361   -0.020826    0.013587   -0.036148
   -0.022361   -0.023042    0.023116   -0.016264
   -0.022361   -0.034867   -0.003662    0.000698
   -0.022361    0.007463   -0.034151   -0.000676
   -0.022361    0.013942   -0.031720   -0.008996
   -0.022361    0.000275   -0.033615   -0.017391
   -0.022361   -0.024498   -0.022356   -0.022271
   -0.022361    0.003085   -0.032221   -0.023586
   -0.022361    0.011541    0.028433   -0.025603
   -0.022361   -0.024595    0.003578   -0.037362
   -0.022361    0.020430    0.027273   -0.001951
   -0.022361    0.033373   -0.010044   -0.000721
   -0.022361    0.020148   -0.015852    0.036356
   -0.022361    0.008416    0.033400   -0.005852
   -0.022361    0.032236   -0.013725    0.005293
   -0.022361   -0.021612    0.020146    0.027626
   -0.022361   -0.031598   -0.007592   -0.019565
   -0.022361   -0.034384   -0.003148   -0.003085
   -0.022361    0.023618    0.023828    0.005864
   -0.022361   -0.023473   -0.010546    0.036351
   -0.022361   -0.024877    0.016625   -0.027097
   -0.022361   -0.027873    0.019062   -0.008816
   -0.022361    0.024191   -0.023948   -0.013787
   -0.022361    0.003989   -0.027976   -0.033222
   -0.022361    0.022001    0.017967    0.027966
   -0.022361    0.014618    0.025622   -0.028758
   -0.022361   -0.034211   -0.003777   -0.008245
   -0.022361   -0.015248    0.023761   -0.030846
   -0.022361   -0.027365   -0.015306    0.023032
   -0.022361   -0.015038   -0.023840    0.031430
   -0.022361    0.027564   -0.012128    0.028150
   -0.022361    0.026546   -0.023746    0.000765
   -0.022361   -0.001872    0.026374   -0.035130
   -0.022361    0.020444   -0.017978    0.034048
   -0.022361    0.003563   -0.025994    0.033763
   -0.022361    0.015704   -0.027772   -0.023729
   -0.022361   -0.007479   -0.034937   -0.004362
   -0.022361   -0.019000   -0.026004   -0.026013
   -0.022361   -0.018224    0.027626   -0.015859
   -0.022361    0.032528   -0.008173    0.016875
   -0.022361    0.006146   -0.030211   -0.028146
   -0.022361    0.023284   -0.025898    0.011568
   -0.022361   -0.006622    0.030358    0.020506
   -0.022361   -0.021646    0.025505    0.013183
   -0.022361   -0.027335   -0.021182   -0.013045
   -0.022361   -0.000311   -0.030282    0.026710
   -0.022361    0.004617    0.031275   -0.024045
   -0.022361    0.001223   -0.034976   -0.009865
   -0.022361    0.025701   -0.022926   -0.009993
   -0.022361   -0.020893    0.022929   -0.023499
   -0.022361    0.032921   -0.005042   -0.015427
   -0.022361    0.006962    0.025636   -0.035821
   -0.022361    0.013104   -0.030015    0.020305
   -0.022361    0.022973    0.023652    0.008543
   -0.022361    0.025303    0.022645   -0.008957
   -0.022361   -0.019531    0.015796    0.035425
   -0.022361   -0.033751   -0.003688    0.012089
   -0.022361    0.027561    0.017628    0.013468
   -0.022361    0.018187    0.028004    0.007100
   -0.022361    0.000807   -0.030565    0.025412
   -0.022361   -0.022003   -0.027571    0.000597
   -0.022361    0.016568   -0.027709   -0.022895
   -0.022361    0.028475    0.004540   -0.030059
   -0.022361   -0.022793    0.015344    0.031739
   -0.022361   -0.033001   -0.011802    0.004617
   -0.022361    0.014318   -0.028573   -0.023109
   -0.022361    0.002736   -0.032465   -0.021920
   -0.022361    0.026485    0.005951   -0.032318
   -0.022361   -0.016221    0.026033   -0.023798
   -0.022361   -0.016023   -0.021747   -0.036146
   -0.022361   -0.032749   -0.011025    0.009905
   -0.022361    0.027851   -0.021679   -0.001887
   -0.022361    0.032510   -0.008424    0.017063
   -0.022361   -0.009631    0.032629    0.010313
   -0.022361    0.014038    0.027765   -0.025749
   -0.022361    0.027852    0.012673    0.023159
   -0.022361   -0.026492   -0.011121    0.029993
   -0.022361    0.013441   -0.032639   -0.007875
   -0.022361   -0.031057   -0.004550   -0.022672
   -0.022361    0.000017   -0.035216    0.000671
   -0.022361   -0.022077    0.021559   -0.023156
   -0.022361    0.013274   -0.032497   -0.006516
   -0.022361    0.034048    0.005643    0.004844
   -0.022361   -0.021352   -0.028553   -0.005697
   -0.022361   -0.005201    0.033348   -0.011228
   -0.022361    0.028849    0.012938   -0.022039
   -0.022361    0.020129   -0.029112   -0.002444
   -0.022361   -0.026188    0.022185   -0.002109
   -0.022361   -0.027991   -0.022155    0.001763
   -0.022361    0.031079    0.013990    0.005286
   -0.022361    0.013239    0.028158   -0.023732
   -0.022361    0.024871   -0.024729   -0.004609
   -0.022361    0.004543    0.032012   -0.020921
   -0.022361    0.018388   -0.029600   -0.004831
   -0.022361   -0.026763    0.017937   -0.017559
   -0.022361   -0.012643   -0.025951    0.029201
   -0.022361   -0.013977    0.025801    0.028387
   -0.022361   -0.002183   -0.034579   -0.015196
   -0.022361   -0.017704   -0.029044    0.013201
   -0.022361   -0.018437   -0.023741    0.026557
   -0.022361   -0.019327    0.023918    0.024164
   -0.022361    0.027032    0.008998    0.028659
   -0.022361    0.009299    0.032240    0.009610
   -0.022361   -0.010494   -0.026080    0.030590
   -0.022361   -0.014552   -0.028752    0.019796
   -0.022361    0.032750    0.000433    0.017542
   -0.022361    0.025593   -0.009863    0.033622
   -0.022361    0.018911    0.026626   -0.018652
   -0.022361   -0.001692    0.034181    0.000725
   -0.022361    0.028115    0.003142    0.030417
   -0.022361    0.021188    0.026276    0.007871
   -0.022361   -0.014788   -0.030939    0.013197
   -0.022361    0.024708   -0.004092    0.037216
   -0.022361    0.012623   -0.033066   -0.007309
   -0.022361    0.021433   -0.027559   -0.009507
   -0.022361   -0.009031   -0.027491   -0.033763
   -0.022361   -0.030889    0.008300    0.021395
   -0.022361    0.017828    0.017812   -0.035879
   -0.022361   -0.033094   -0.010427    0.010133
   -0.022361    0.020244   -0.018170    0.034215
   -0.022361    0.013367    0.026198   -0.028876
   -0.022361    0.013598   -0.019106   -0.040293
   -0.022361    0.021285   -0.021740    0.026586
   -0.022361   -0.030814    0.000467    0.025581
   -0.022361   -0.016184   -0.024501    0.027524
   -0.022361    0.032579   -0.003330   -0.018219
   -0.022361   -0.022659   -0.027740   -0.005070
   -0.022361   -0.016258    0.020497    0.034068
   -0.022361   -0.024986    0.003134    0.036294
   -0.022361   -0.021678    0.016634   -0.032124
   -0.022361    0.007293    0.032471   -0.016842
   -0.022361   -0.017822    0.029359    0.001693
   -0.022361   -0.016679    0.025997   -0.023769
   -0.022361   -0.012922    0.030945   -0.013336
   -0.022361   -0.029226    0.014044    0.019474
   -0.022361    0.023509   -0.025309    0.011606
   -0.022361   -0.033539   -0.003976   -0.013122
   -0.022361   -0.034391   -0.000137   -0.000326
   -0.022361    0.030394   -0.009696   -0.020792
   -0.022361    0.023475   -0.010071    0.036577
   -0.022361    0.030303    0.002903    0.023845
   -0.022361   -0.026821   -0.017497    0.020446
   -0.022361   -0.023879   -0.019235   -0.027928
   -0.022361    0.034254    0.000114    0.010653
   -0.022361    0.005085   -0.032712   -0.020729
   -0.022361   -0.022956    0.012903   -0.032983
   -0.022361    0.033324    0.007740   -0.000371
   -0.022361   -0.032647   -0.011925   -0.003263
   -0.022361    0.009482   -0.027284    0.029760
   -0.022361    0.012535   -0.033117   -0.007402
   -0.022361   -0.027381   -0.021780    0.008869
   -0.022361    0.029751    0.012902   -0.019751
   -0.022361   -0.020994   -0.023325    0.023127
   -0.022361    0.014076    0.019529   -0.038163
   -0.022361   -0.031681    0.008720   -0.013310
   -0.022361   -0.026448    0.015127   -0.023460
   -0.022361    0.011239    0.022466   -0.037884
   -0.022361    0.001952    0.033235    0.008217
   -0.022361   -0.014220   -0.032238   -0.009215
   -0.022361   -0.017157    0.029177    0.005452
   -0.022361    0.027310    0.006623   -0.031060
   -0.022361   -0.031937   -0.014451    0.005624
   -0.022361   -0.032700    0.004205    0.016165
   -0.022361    0.024882   -0.025242    0.002040
   -0.022361    0.031657    0.005946   -0.018774
   -0.022361   -0.022491   -0.027327    0.001361
   -0.022361    0.004911    0.028876    0.025763
   -0.022361    0.025731    0.016400   -0.025720
   -0.022361   -0.029423   -0.019720   -0.006712
   -0.022361   -0.023445    0.024119    0.012540
   -0.022361    0.030618   -0.017435    0.001461
   -0.022361   -0.010653    0.032409   -0.011728
   -0.022361    0.017243   -0.018112   -0.037166
   -0.022361    0.004314    0.026273    0.031920
   -0.022361   -0.005477    0.025062   -0.035605
   -0.022361    0.025747    0.022622   -0.004639
   -0.022361    0.004003    0.032744    0.010463
   -0.022361    0.010337   -0.023671   -0.037843
   -0.022361   -0.029851   -0.012072    0.022496
   -0.022361   -0.023791    0.006047   -0.037241
   -0.022361    0.025950    0.006755    0.031649
   -0.022361   -0.026628   -0.022724    0.009384
   -0.022361    0.023777    0.004363   -0.037393
   -0.022361    0.010620    0.022928    0.033427
   -0.022361    0.017556   -0.029858   -0.010430
   -0.022361    0.022120    0.021535    0.019012
   -0.022361    0.031082   -0.009312   -0.018443
   -0.022361    0.031512    0.002280    0.021293
   -0.022361   -0.016274    0.017724    0.037562
   -0.022361   -0.013697    0.028359    0.020907
   -0.022361   -0.028509    0.018560    0.006726
   -0.022361   -0.030368    0.009687    0.021471
   -0.022361   -0.024617   -0.020553   -0.024912
   -0.022361    0.030778   -0.016410    0.009319
   -0.022361   -0.013788    0.029694   -0.015794
   -0.022361   -0.030865    0.004425   -0.022706
   -0.022361   -0.002864    0.031094   -0.023479
   -0.022361    0.019646    0.027758    0.003779
   -0.022361    0.013829   -0.031858   -0.011932
   -0.022361   -0.023199    0.006334    0.037092
   -0.022361    0.019635   -0.021169   -0.030573
   -0.022361   -0.026200    0.017390    0.021422
   -0.022361    0.034880   -0.000233    0.004121
   -0.022361   -0.021384   -0.028520   -0.009609
   -0.022361   -0.009279   -0.032445   -0.019604
   -0.022361   -0.032667   -0.012787   -0.001716
   -0.022361    0.030420    0.012818   -0.016891
   -0.022361   -0.002974   -0.024807   -0.040454
   -0.022361    0.020272    0.023715   -0.023788
   -0.022361   -0.025137    0.006172   -0.035536
   -0.022361    0.008672   -0.026529   -0.033346
   -0.022361    0.028258    0.015265   -0.020753
   -0.022361   -0.030819    0.012946   -0.009601
   -0.022361   -0.016075   -0.022306   -0.036332
   -0.022361   -0.019433   -0.015254    0.037158
   -0.022361    0.017370    0.028245   -0.018143
   -0.022361   -0.026689    0.018701    0.019379
   -0.022361   -0.011647   -0.022486    0.035753
   -0.022361   -0.024334   -0.002593    0.037209
   -0.022361    0.027758    0.019632    0.002260
   -0.022361    0.028492   -0.015727   -0.017823
   -0.022361   -0.029134   -0.019661   -0.004372
   -0.022361    0.031756   -0.012119    0.016029
   -0.022361    0.008984   -0.024452   -0.036628
   -0.022361    0.012570   -0.027973   -0.028134
   -0.022361   -0.021882   -0.016544   -0.034471
   -0.022361   -0.029315   -0.005028    0.028049
   -0.022361   -0.012312    0.031929   -0.006267
   -0.022361    0.022675   -0.021996   -0.024288
   -0.022361   -0.034031    0.003189    0.004942
   -0.022361   -0.008110    0.032809    0.005641
   -0.022361    0.010201    0.029404    0.020323
   -0.022361   -0.031223   -0.014465    0.012160
   -0.022361   -0.029809    0.015156   -0.007949
   -0.022361   -0.024048   -0.025733   -0.001432
   -0.022361    0.033156    0.009123   -0.004025
   -0.022361   -0.033210    0.003051   -0.012375
   -0.022361   -0.013384    0.023348   -0.033411
   -0.022361    0.030317   -0.013904    0.018040
   -0.022361   -0.022096   -0.027831   -0.007150
   -0.022361    0.015699   -0.028943   -0.020584
   -0.022361   -0.001806   -0.034243   -0.018152
   -0.022361    0.012819    0.031539    0.000112
   -0.022361   -0.034591   -0.003425    0.002312
   -0.022361    0.014206    0.027511   -0.024744
   -0.022361    0.032145    0.003677    0.018289
   -0.022361   -0.010761   -0.030500    0.018787
   -0.022361   -0.029015    0.002690    0.029344
   -0.022361   -0.024310   -0.008895    0.035090
   -0.022361   -0.027875   -0.022115    0.000390
   -0.022361   -0.026625   -0.010276    0.031352
   -0.022361   -0.033570    0.002333   -0.012308
   -0.022361   -0.006220   -0.033994    0.009310
   -0.022361    0.033283   -0.010231    0.003600
   -0.022361    0.000412    0.033567    0.011106
   -0.022361    0.019380    0.027972   -0.007316
   -0.022361   -0.034426   -0.004492    0.002758
   -0.022361    0.005404    0.026222    0.030647
   -0.022361   -0.008224   -0.030066   -0.029755
   -0.022361   -0.033120    0.008269   -0.004512
   -0.022361    0.025714   -0.023896    0.000866
   -0.022361   -0.016809    0.028237    0.016823
   -0.022361   -0.001862   -0.031966   -0.026710
   -0.022361    0.028404    0.013303   -0.021383
   -0.022361   -0.016525    0.029557    0.006904
   -0.022361   -0.004955   -0.032597   -0.023025
   -0.022361   -0.031755    0.012494   -0.004811
   -0.022361    0.031169   -0.006848    0.022510
   -0.022361    0.022695    0.014065    0.031109
   -0.022361    0.027758   -0.021516    0.008177
   -0.022361   -0.024549    0.022749   -0.010849
   -0.022361    0.016033   -0.031388    0.007410
   -0.022361    0.025061    0.015327   -0.029132
   -0.022361    0.001864    0.030477    0.022356
   -0.022361   -0.026462   -0.021892    0.012034
   -0.022361   -0.023772    0.025006   -0.003501
   -0.022361    0.017729   -0.029841   -0.006695
   -0.022361   -0.029655   -0.016434   -0.015644
   -0.022361    0.025822    0.014398   -0.028329
   -0.022361    0.033949    0.006982    0.002929
   -0.022361   -0.023936   -0.023923   -0.020497
   -0.022361   -0.011214   -0.024281   -0.037368
   -0.022361   -0.013131    0.025869    0.027255
   -0.022361   -0.025153   -0.022900   -0.018696
   -0.022361    0.025170    0.022475    0.002518
   -0.022361   -0.011453   -0.033207    0.005846
   -0.022361   -0.015028   -0.020086   -0.039590
   -0.022361    0.023905   -0.009581   -0.034785
   -0.022361   -0.025564   -0.024184   -0.012054
   -0.022361    0.001757    0.034379    0.001782
   -0.022361    0.029925    0.006678    0.023668
   -0.022361   -0.030672   -0.004932   -0.024906
   -0.022361    0.001190   -0.034397   -0.016879
   -0.022361    0.027511   -0.000166    0.031369
   -0.022361   -0.013065    0.021922    0.035212
   -0.022361   -0.034147   -0.004235   -0.005212
   -0.022361   -0.024417    0.018907   -0.022616
   -0.022361   -0.017594    0.029620    0.005908
   -0.022361   -0.001603   -0.035551   -0.008402
   -0.022361   -0.030944    0.013253    0.012718
   -0.022361    0.018887   -0.018160    0.035578
   -0.022361   -0.015837    0.025388    0.025227
   -0.022361   -0.030347   -0.013551    0.015752
   -0.022361   -0.015751    0.027929   -0.019373
   -0.022361    0.033460    0.004937    0.011053
   -0.022361    0.001032    0.031070    0.021915
   -0.022361   -0.020036    0.027750   -0.006787
   -0.022361    0.017466    0.029057   -0.007858
   -0.022361    0.025140    0.022462   -0.006330
   -0.022361   -0.023294   -0.024119    0.016489
   -0.022361    0.021256   -0.025141    0.019476
   -0.022361    0.021866   -0.026610    0.011770
   -0.022361    0.001007   -0.034964    0.005386
   -0.022361    0.032871   -0.010149    0.013995
   -0.022361   -0.027248   -0.018683   -0.020878
   -0.022361    0.023044   -0.024645   -0.016617
   -0.022361   -0.000793    0.031168   -0.024884
   -0.022361    0.033071    0.005371   -0.011698
   -0.022361    0.031388    0.012402   -0.008111
   -0.022361    0.027301    0.016645   -0.020803
   -0.022361   -0.007910    0.025000    0.032819
   -0.022361    0.003824   -0.035031   -0.011178
   -0.022361   -0.033822   -0.009805   -0.001609
   -0.022361   -0.034215    0.002226    0.009258
   -0.022361   -0.027171   -0.019797    0.016528
   -0.022361    0.019857   -0.028468    0.009496
   -0.022361    0.028492    0.018090   -0.008127
   -0.022361   -0.006244    0.027594   -0.031146
   -0.022361    0.029529   -0.018466    0.008114
   -0.022361    0.030804   -0.015208   -0.009359
   -0.022361   -0.022584    0.025018   -0.006934
   -0.022361    0.022242   -0.006361   -0.038999
   -0.022361    0.001092    0.034253   -0.004984
   -0.022361   -0.027728    0.011538   -0.026547
   -0.022361    0.023880   -0.016666    0.030789
   -0.022361    0.011050    0.031689   -0.013645
   -0.022361   -0.003781   -0.029401    0.027465
   -0.022361   -0.012414    0.031556    0.008298
   -0.022361    0.005063    0.033670    0.005435
   -0.022361   -0.015226    0.028799   -0.015992
   -0.022361   -0.033151    0.007256    0.009502
   -0.022361    0.009362    0.032449    0.003764
   -0.022361   -0.029137   -0.007586   -0.026089
   -0.022361   -0.033418   -0.009342   -0.000277
   -0.022361   -0.016696   -0.031497    0.004502
   -0.022361    0.027601    0.009567   -0.028161
   -0.022361    0.001744   -0.034744    0.004916
   -0.022361    0.025432    0.009323   -0.034270
   -0.022361   -0.023197   -0.014040    0.033864
   -0.022361    0.001173   -0.034260    0.009076
   -0.022361    0.016221   -0.027466    0.023262
   -0.022361    0.000189    0.032737   -0.019164
   -0.022361    0.034264    0.001360    0.004531
   -0.022361    0.014483   -0.020879   -0.037442
   -0.022361   -0.026254    0.014449    0.026258
   -0.022361    0.017385   -0.029356   -0.013756
   -0.022361   -0.029807   -0.006622   -0.025435
   -0.022361   -0.000373    0.023146    0.036542
   -0.022361   -0.011602    0.032260   -0.010752
   -0.022361    0.031697    0.012403   -0.006371
   -0.022361    0.019529   -0.028045   -0.014583
   -0.022361   -0.010495   -0.031730   -0.020826
   -0.022361   -0.002909    0.026727    0.032097
   -0.022361    0.016156   -0.031648   -0.001648
   -0.022361   -0.024238   -0.011268    0.034502
   -0.022361    0.034077   -0.003327   -0.004812
   -0.022361    0.032454    0.003551    0.015573
   -0.022361   -0.002354   -0.031597    0.021585
   -0.022361   -0.024676   -0.008553   -0.035180
   -0.022361    0.019745    0.013178    0.036270
   -0.022361    0.022834   -0.012182   -0.035346
   -0.022361   -0.016161   -0.031128   -0.012674
   -0.022361    0.020564   -0.027930   -0.009436
   -0.022361    0.026000   -0.023485    0.005754
   -0.022361   -0.018411    0.020283    0.031742
   -0.022361   -0.032851    0.000902    0.017495
   -0.022361    0.009673    0.029385   -0.024280
   -0.022361    0.032980   -0.007118    0.015040
   -0.022361   -0.032528    0.004901    0.018696
   -0.022361    0.001622   -0.033577   -0.018759
   -0.022361    0.028775   -0.020292    0.000204
   -0.022361   -0.032366   -0.011579    0.007114
   -0.022361    0.032505   -0.012685   -0.003912
   -0.022361   -0.033395   -0.000652    0.015753
   -0.022361   -0.029638    0.016336    0.012442
   -0.022361   -0.025121    0.018265    0.023050
   -0.022361   -0.015454   -0.025365   -0.030576
   -0.022361   -0.028302   -0.015574   -0.024107
   -0.022361   -0.000062   -0.035511   -0.002505
   -0.022361   -0.004455   -0.023752   -0.040100
   -0.022361    0.030209   -0.017773   -0.004464
   -0.022361    0.006371   -0.034013    0.007824
   -0.022361    0.001682   -0.034416   -0.014284
   -0.022361    0.023934    0.020741   -0.020422
   -0.022361   -0.016921   -0.021401   -0.036437
   -0.022361    0.025566    0.020319    0.014088
   -0.022361    0.008712   -0.030900    0.020853
   -0.022361    0.033431    0.001341    0.013975
   -0.022361   -0.030377    0.001871   -0.025460
   -0.022361    0.024917   -0.007187    0.035570
   -0.022361   -0.020223   -0.026614    0.016904
   -0.022361    0.023864   -0.008027    0.036038
   -0.022361   -0.027702    0.019259    0.013165
   -0.022361   -0.019298   -0.023877    0.025442
   -0.022361    0.032598   -0.010077    0.012441
   -0.022361   -0.026773    0.019439   -0.012198
   -0.022361    0.022581   -0.024764   -0.016411
   -0.022361   -0.021031   -0.018604   -0.033907
   -0.022361    0.011201    0.031335    0.007615
   -0.022361   -0.025859   -0.024641   -0.000993
   -0.022361    0.018917   -0.018758   -0.034871
   -0.022361   -0.030514   -0.004770   -0.024837
   -0.022361    0.014370    0.023397    0.029199
   -0.022361   -0.023396   -0.017661   -0.031562
   -0.022361   -0.019388   -0.025400   -0.024956
   -0.022361    0.015195    0.026916   -0.023894
   -0.022361   -0.006698   -0.035145   -0.005737
   -0.022361    0.024271    0.016918    0.024988
   -0.022361    0.022966    0.022709   -0.018845
   -0.022361    0.028131    0.002274    0.031551
   -0.022361    0.009681    0.032635    0.001005
   -0.022361   -0.024255    0.014834    0.030172
   -0.022361    0.010476   -0.032189    0.014014
   -0.022361    0.024569   -0.011404   -0.034053
   -0.022361    0.003600    0.031971    0.016711
   -0.022361   -0.025394    0.020749    0.016690
   -0.022361   -0.019373   -0.017581   -0.037599
   -0.022361    0.026270   -0.008383   -0.032378
   -0.022361   -0.001254   -0.027571   -0.035453
   -0.022361   -0.006215    0.022512    0.037581
   -0.022361   -0.025133   -0.020406   -0.024169
   -0.022361    0.012429   -0.022970   -0.036225
   -0.022361   -0.008662    0.029036    0.023747
   -0.022361   -0.010024    0.031013    0.016844
   -0.022361    0.022908   -0.012434    0.036075
   -0.022361   -0.031176    0.013417    0.003009
   -0.022361    0.028196    0.014387   -0.021812
   -0.022361   -0.025790   -0.016886   -0.026947
   -0.022361   -0.019288   -0.025601    0.021160
   -0.022361   -0.024407   -0.007616    0.035390
   -0.022361   -0.021645   -0.016998   -0.036052
   -0.022361   -0.001864    0.034220   -0.003863
   -0.022361    0.024302   -0.025229    0.009029
   -0.022361    0.017772    0.027812    0.009969
   -0.022361   -0.034168    0.004464   -0.000476
   -0.022361    0.022813   -0.020664   -0.026087
   -0.022361   -0.014403    0.031414    0.001283
   -0.022361    0.031435   -0.002271    0.023203
   -0.022361   -0.006590    0.033863   -0.005443
   -0.022361   -0.002413   -0.025491   -0.038846
   -0.022361   -0.012648    0.027474   -0.026381
   -0.022361   -0.021102   -0.024269    0.022008
   -0.022361   -0.030764    0.002990   -0.022625
   -0.022361   -0.023701   -0.018489    0.027417
   -0.022361   -0.015909   -0.026041   -0.029362
   -0.022361    0.019049   -0.029175    0.010039
   -0.022361   -0.026011   -0.005488    0.034953
   -0.022361   -0.025723   -0.020863    0.016608
   -0.022361   -0.014413   -0.026398   -0.031558
   -0.022361    0.022702    0.007145   -0.038257
   -0.022361   -0.018185   -0.029143   -0.017477
   -0.022361   -0.032289   -0.013582    0.004058
   -0.022361   -0.014985    0.024719    0.028963
   -0.022361   -0.000230   -0.034018    0.012563
   -0.022361    0.019109   -0.019568    0.033901
   -0.022361    0.024385    0.018058    0.023765
   -0.022361   -0.010490   -0.033319    0.005554
   -0.022361   -0.032529    0.010653    0.009573
   -0.022361    0.016441   -0.024368    0.029938
   -0.022361    0.028006   -0.021798    0.001456
   -0.022361   -0.003104    0.033100    0.011089
   -0.022361   -0.020140   -0.015090   -0.038247
   -0.022361    0.032565   -0.012373   -0.001635
   -0.022361    0.031588    0.001336    0.020881
   -0.022361    0.012759   -0.026226    0.030364
   -0.022361   -0.028889    0.016842   -0.008543
   -0.022361   -0.030930   -0.016594   -0.001886
   -0.022361    0.026377   -0.021323    0.016475
   -0.022361   -0.007261   -0.028291   -0.033042
   -0.022361   -0.024224    0.002464    0.037100
   -0.022361   -0.007985    0.033092   -0.011042
   -0.022361    0.034761    0.000832   -0.001348
   -0.022361    0.033239   -0.001631    0.013696
   -0.022361   -0.033183   -0.010804   -0.003597
   -0.022361   -0.022944    0.023393   -0.016687
   -0.022361    0.025495    0.022654    0.002227
   -0.022361   -0.023154   -0.025253   -0.016664
   -0.022361    0.034266   -0.007340    0.006210
   -0.022361    0.026779   -0.019677   -0.017234
   -0.022361    0.021797   -0.022962    0.024657
   -0.022361    0.027356    0.002823   -0.031862
   -0.022361   -0.024818    0.019895   -0.020664
   -0.022361    0.033246    0.007235   -0.009101
   -0.022361    0.019257   -0.021093    0.031374
   -0.022361   -0.029002    0.014936    0.017197
   -0.022361    0.028840   -0.011311   -0.023987
   -0.022361    0.011721   -0.026176    0.029720
   -0.022361    0.014796   -0.032102    0.004285
   -0.022361    0.011893    0.022759   -0.036635
   -0.022361    0.007340    0.027335    0.027711
   -0.022361    0.007155   -0.030129    0.024838
   -0.022361    0.001100   -0.034007    0.012898
   -0.022361    0.022241    0.019809    0.023175
   -0.022361    0.013307    0.029064    0.017414
   -0.022361   -0.014533    0.024038   -0.031042
   -0.022361    0.024398   -0.024021   -0.014114
   -0.022361    0.004180   -0.028661   -0.032124
   -0.022361   -0.028427    0.013597    0.022740
   -0.022361    0.032867   -0.002207   -0.017115
   -0.022361   -0.026228    0.018317   -0.020146
   -0.022361    0.019448   -0.025363    0.021968
   -0.022361    0.011100   -0.028297    0.026450
   -0.022361   -0.033711    0.006350   -0.003676
   -0.022361    0.025413   -0.001713    0.035156
   -0.022361   -0.031743    0.006298   -0.016628
   -0.022361    0.015732    0.025893    0.022053
   -0.022361    0.028329    0.009849    0.024938
   -0.022361    0.024172   -0.005789    0.035818
   -0.022361    0.017652   -0.027613   -0.021342
   -0.022361    0.029844   -0.010730    0.024683
   -0.022361    0.004645    0.030331   -0.026479
   -0.022361   -0.034041    0.002854   -0.004311
   -0.022361   -0.028634    0.013274    0.022911
   -0.022361   -0.008001   -0.028712   -0.033239
   -0.022361    0.026454    0.015839    0.020971
   -0.022361    0.023506   -0.018812    0.028959
   -0.022361    0.032734    0.004960   -0.014716
   -0.022361   -0.000409   -0.029755    0.026830
   -0.022361   -0.002073   -0.025968    0.035329
   -0.022361   -0.014772    0.021243   -0.035301
   -0.022361   -0.003153   -0.026255    0.033412
   -0.022361   -0.031399    0.010916   -0.013965
   -0.022361    0.006226   -0.023667   -0.040158
   -0.022361    0.004479    0.023593    0.035663
   -0.022361    0.003629    0.029976   -0.026972
   -0.022361    0.002559   -0.035153    0.002012
   -0.022361   -0.012876    0.030103   -0.018323
   -0.022361    0.031329   -0.004454    0.023334
   -0.022361    0.030120   -0.017592   -0.003924
   -0.022361    0.033551    0.006155    0.007558
   -0.022361    0.000613    0.034471   -0.005322
   -0.022361   -0.029192   -0.017204    0.014690
   -0.022361   -0.031533    0.011941    0.011012
   -0.022361    0.028876    0.017073   -0.010674
   -0.022361   -0.022719    0.012972    0.034169
   -0.022361   -0.033084   -0.008461    0.011921
   -0.022361    0.031009   -0.015728    0.009606
   -0.022361    0.023590   -0.025529   -0.010119
   -0.022361   -0.032297    0.012198    0.004496
   -0.022361    0.032784   -0.008363    0.013931
   -0.022361   -0.019735   -0.020309   -0.034396
   -0.022361   -0.025737    0.021914   -0.009832
   -0.022361   -0.024966    0.020910   -0.018851
   -0.022361    0.032083    0.004813   -0.018584
   -0.022361    0.020701   -0.020680    0.030140
   -0.022361    0.025843   -0.008734   -0.032327
   -0.022361   -0.008549   -0.025707   -0.037823
   -0.022361   -0.031220    0.014052    0.007520
   -0.022361    0.030814   -0.008540    0.023116
   -0.022361   -0.013606    0.031771    0.005499
   -0.022361   -0.022749    0.009151    0.036910
   -0.022361    0.024775    0.022717    0.002022
   -0.022361    0.008080   -0.029367   -0.028983
   -0.022361   -0.021474   -0.014154   -0.037245
   -0.022361   -0.018385    0.027220    0.014521
   -0.022361    0.012408    0.030149    0.013189
   -0.022361   -0.018536    0.024319    0.024615
   -0.022361   -0.019956    0.019012   -0.030985
   -0.022361   -0.018999    0.028285    0.009126
   -0.022361   -0.018282    0.028289   -0.009349
   -0.022361    0.004335    0.029647   -0.027914
   -0.022361    0.025568   -0.012961    0.030943
   -0.022361   -0.019643   -0.024764   -0.027297
   -0.022361   -0.028458   -0.012927    0.022987
   -0.022361   -0.021792   -0.025677   -0.020050
   -0.022361    0.025403    0.013964   -0.028634
   -0.022361    0.012291   -0.031854   -0.014285
   -0.022361    0.016030    0.029879   -0.009175
   -0.022361   -0.027123   -0.019662   -0.017729
   -0.022361    0.023091   -0.018638    0.029741
   -0.022361    0.032455   -0.008937   -0.013851
   -0.022361    0.030185    0.014552   -0.013122
   -0.022361    0.021409   -0.027096    0.010817
   -0.022361   -0.029097   -0.006882    0.027309
   -0.022361    0.030383   -0.016727    0.006385
   -0.022361    0.008669    0.025524    0.030467
   -0.022361    0.031719   -0.002306    0.020649
