   -0.081000    0.336036    0.951870    0.020951
    0.660000    0.458680   -0.621572   -0.624580
    0.196000   -0.768571   -0.582200   -0.192131
    0.027000   -0.932745   -0.352375   -0.042701
   -0.517000   -0.207753    0.856016    0.457982
   -0.607000   -0.557148   -0.542447    0.622366
    0.572000   -0.313503    0.739670   -0.616450
   -0.075000    0.090733   -0.972488    0.102413
   -0.063000    0.017234    1.015919    0.008523
    0.622000   -0.733496    0.159609   -0.662550
    0.359000    0.928034   -0.106844   -0.338436
    0.201000   -0.454549    0.869291   -0.273461
   -0.714000    0.690094    0.132426    0.711475
   -0.559000   -0.668137    0.541567    0.498302
   -0.638000   -0.777191   -0.018077    0.611533
   -0.385000   -0.879627   -0.243919    0.359099
    0.222000   -0.863708    0.431333   -0.279818
   -0.028000    0.989342    0.023924    0.025310
   -0.077000   -0.845217   -0.521230    0.073407
   -0.367000   -0.924600    0.117425    0.318870
   -0.438000   -0.242247    0.909683    0.371339
   -0.651000   -0.502382    0.632997    0.596152
    0.498000   -0.018014    0.856883   -0.542334
   -0.030000    0.022593   -0.982545    0.069158
   -0.457000    0.014378   -0.857803    0.479841
   -0.731000   -0.004376    0.739393    0.676266
   -0.197000   -0.862807    0.502217    0.151388
    0.195000    0.955038    0.247174   -0.209719
   -0.351000    0.849713   -0.367700    0.383393
    0.139000    0.965541    0.235723   -0.144691
    0.245000    0.623685    0.730719   -0.278194
    0.516000    0.776159   -0.415872   -0.487594
    0.294000    0.847629    0.452658   -0.318272
   -0.089000   -0.249788   -0.938609    0.130532
   -0.052000   -0.982896   -0.112223    0.026849
   -0.361000   -0.665901   -0.624578    0.373421
   -0.579000    0.682278   -0.369694    0.589949
    0.017000   -0.991898    0.069999   -0.060604
   -0.734000   -0.636690    0.327432    0.685188
    0.653000   -0.416419   -0.629515   -0.637044
    0.434000   -0.071814   -0.908691   -0.402501
    0.572000   -0.756652    0.243747   -0.616913
    0.428000   -0.753279   -0.471519   -0.430957
    0.357000    0.240738    0.901540   -0.417732
   -0.378000   -0.537286    0.800833    0.326427
    0.321000   -0.447572   -0.843786   -0.308588
    0.218000    0.775504   -0.591993   -0.175431
    0.007000   -0.740666   -0.662769   -0.011048
    0.348000   -0.580989   -0.737667   -0.329556
   -0.041000    0.972776    0.182097    0.050841
    0.152000   -0.954965    0.220789   -0.189554
   -0.654000   -0.032754    0.799479    0.614570
   -0.045000   -0.640846   -0.744575    0.065456
   -0.681000    0.719269    0.081947    0.681035
   -0.206000   -0.717169    0.675211    0.146440
    0.727000    0.632515   -0.340026   -0.721215
    0.655000    0.692427    0.308414   -0.673285
   -0.261000    0.406139    0.889509    0.216062
    0.672000   -0.689802   -0.197607   -0.690051
    0.013000    0.334806    0.954074   -0.075437
   -0.097000   -0.751638    0.666728    0.032532
    0.623000   -0.735488    0.210963   -0.652709
    0.148000    0.502071    0.855457   -0.196095
   -0.603000   -0.375285   -0.669605    0.608891
   -0.222000   -0.131833    0.990196    0.162968
   -0.448000   -0.791542   -0.397648    0.446485
    0.009000    1.002176   -0.036863   -0.005967
   -0.356000    0.885693    0.320258    0.346173
   -0.419000    0.637459   -0.599895    0.447929
    0.489000   -0.505882    0.679849   -0.547792
    0.558000   -0.131008   -0.836184   -0.525695
    0.268000   -0.143401    0.942728   -0.318506
    0.461000   -0.581869    0.649775   -0.506229
    0.732000    0.444248   -0.569248   -0.706457
   -0.425000    0.006473   -0.868119    0.449360
    0.272000    0.252667   -0.928046   -0.231646
   -0.272000   -0.959680    0.180703    0.225648
    0.191000    0.711106    0.695866   -0.212857
    0.242000    0.060516    0.955769   -0.303920
    0.143000   -0.069711    0.981294   -0.207005
    0.142000    0.764317    0.633739   -0.170033
    0.497000   -0.314900   -0.816031   -0.473805
    0.239000    0.715741    0.671702   -0.271069
    0.261000    0.223567    0.927470   -0.315694
    0.427000    0.901955   -0.077665   -0.413265
    0.640000   -0.478989   -0.610946   -0.639307
   -0.009000   -0.978527    0.222808   -0.023077
    0.291000    0.937186   -0.247708   -0.262623
   -0.069000   -0.247563   -0.960627    0.109718
   -0.501000   -0.806497    0.380625    0.458801
    0.071000   -0.334017    0.953953   -0.149552
   -0.712000    0.536846   -0.391017    0.742290
    0.589000   -0.786556   -0.143448   -0.620859
    0.018000    0.110021   -0.986731    0.021821
    0.193000   -0.025265   -0.976473   -0.165786
    0.639000    0.269669   -0.736004   -0.611079
    0.407000    0.445924   -0.818787   -0.373167
    0.105000   -0.078656   -0.970382   -0.058500
   -0.163000   -0.157304    0.999468    0.086058
    0.266000    0.183052   -0.935995   -0.229767
   -0.472000    0.750704   -0.398800    0.485701
    0.199000   -0.972135    0.148426   -0.230818
    0.691000   -0.711067    0.052672   -0.726232
    0.031000   -0.880296    0.468064   -0.074799
    0.174000   -0.610133    0.777366   -0.248294
   -0.671000   -0.656656    0.413219    0.631411
   -0.018000   -0.744070   -0.662888    0.024651
   -0.474000    0.710717    0.547672    0.438625
   -0.629000    0.760777    0.155472    0.629409
   -0.556000   -0.639703   -0.516089    0.566680
    0.361000    0.766844   -0.536517   -0.341988
    0.591000   -0.784183   -0.149162   -0.608746
   -0.521000    0.525126   -0.617888    0.561755
   -0.304000   -0.481604    0.835130    0.248150
    0.303000    0.918643    0.264849   -0.322630
    0.568000   -0.387279    0.697099   -0.621918
   -0.135000    0.983640    0.101845    0.148476
   -0.310000   -0.960081    0.033678    0.271116
    0.147000   -0.356018   -0.914576   -0.110674
    0.321000   -0.936941   -0.070318   -0.341332
   -0.648000    0.376361    0.688366    0.600970
   -0.025000    0.767756   -0.623557    0.061269
   -0.059000    0.977884   -0.133164    0.067701
   -0.468000   -0.500755    0.759489    0.399579
    0.621000    0.134255   -0.782735   -0.604371
   -0.260000   -0.790602    0.600161    0.210534
    0.560000   -0.194339    0.774684   -0.623935
    0.242000    0.986719   -0.006838   -0.227040
   -0.353000    0.809798    0.462923    0.347031
   -0.133000   -0.708623    0.710352    0.059301
   -0.049000    0.574833   -0.798959    0.081196
   -0.644000   -0.771154   -0.093623    0.610372
   -0.488000   -0.850383   -0.154806    0.475746
    0.680000   -0.421821    0.550074   -0.724809
    0.705000   -0.579826   -0.404426   -0.700114
   -0.715000   -0.123098    0.740931    0.675399
   -0.555000   -0.185285    0.842889    0.498822
   -0.159000   -0.192565   -0.936950    0.199610
   -0.240000    0.948373    0.212796    0.242573
    0.043000   -0.938836   -0.306623   -0.058312
   -0.120000   -0.011665    1.013647    0.065538
   -0.198000    0.536412   -0.793050    0.228230
   -0.039000    0.865797   -0.488056    0.080565
   -0.622000    0.767247    0.113919    0.609775
    0.390000    0.649402   -0.666482   -0.368495
   -0.253000   -0.399517   -0.857537    0.279023
   -0.032000    0.582675    0.817113   -0.019118
    0.301000    0.958428    0.142494   -0.308235
    0.035000    0.550581    0.838661   -0.080849
    0.616000   -0.673282    0.351156   -0.652249
   -0.373000    0.903857    0.165548    0.366298
    0.435000    0.911304    0.007134   -0.434613
   -0.372000    0.906296    0.251321    0.378302
   -0.702000   -0.078049   -0.656666    0.713219
   -0.203000   -0.585638    0.818439    0.129963
   -0.417000   -0.873898   -0.211844    0.404235
    0.397000   -0.632376    0.644428   -0.455431
    0.598000   -0.512635   -0.632536   -0.579084
    0.687000    0.651392    0.333253   -0.694146
    0.721000    0.290378   -0.650055   -0.705937
    0.611000   -0.731116    0.275496   -0.659444
    0.319000    0.617083    0.731727   -0.344537
   -0.248000    0.047985   -0.937382    0.275463
   -0.585000    0.508329   -0.571652    0.607088
    0.139000   -0.718950    0.675598   -0.208532
   -0.274000   -0.234107    0.950642    0.204878
    0.709000   -0.466343    0.504909   -0.752175
    0.252000   -0.833225   -0.483452   -0.257045
    0.501000    0.600371   -0.653882   -0.464896
   -0.681000    0.484155    0.574602    0.647706
   -0.613000    0.744981   -0.207648    0.619859
    0.348000   -0.511589    0.777211   -0.401088
    0.589000    0.289803   -0.771289   -0.554065
   -0.539000   -0.852446    0.121026    0.494340
   -0.116000   -0.756392    0.680598    0.065684
    0.641000    0.561010    0.524554   -0.678401
    0.085000   -0.043431    0.989186   -0.144611
   -0.563000    0.737913   -0.339859    0.573560
    0.235000   -0.778508    0.575568   -0.285835
   -0.587000   -0.149601    0.842999    0.530769
   -0.432000   -0.696108    0.614222    0.381363
    0.170000   -0.938164    0.279154   -0.210055
    0.132000   -0.961102   -0.152795   -0.159618
   -0.475000   -0.873548   -0.086280    0.454493
    0.521000    0.829530    0.224489   -0.536312
   -0.210000    0.639618    0.755894    0.172753
    0.002000    0.962917   -0.259384    0.007448
    0.456000   -0.797872   -0.404861   -0.463671
    0.635000    0.265098    0.723591   -0.669848
   -0.067000    0.391534   -0.896152    0.107821
    0.300000   -0.230688   -0.932894   -0.280835
    0.286000   -0.893702   -0.294777   -0.298263
   -0.453000   -0.885043   -0.077788    0.438130
   -0.391000    0.041267   -0.891897    0.421253
    0.190000   -0.206045   -0.955422   -0.147519
   -0.622000   -0.620936   -0.437902    0.625735
   -0.185000   -0.073287    0.987884    0.120026
   -0.305000    0.319755    0.932140    0.248641
    0.731000    0.411805   -0.590383   -0.704047
   -0.025000    0.616988    0.793681   -0.005028
   -0.169000    0.153882   -0.962482    0.208696
    0.565000    0.815678    0.175654   -0.579674
   -0.139000    0.582960   -0.783588    0.180149
    0.182000    0.967682   -0.219893   -0.155081
   -0.325000    0.183994    0.942327    0.276822
    0.192000    0.473509    0.853536   -0.248042
   -0.690000   -0.442024    0.630951    0.640082
   -0.353000    0.306692    0.913404    0.294785
   -0.144000    0.531148    0.842572    0.107178
   -0.552000    0.665719   -0.435938    0.574900
    0.641000   -0.364415    0.652541   -0.703643
    0.611000   -0.396690   -0.696116   -0.598689
    0.488000   -0.558047   -0.674511   -0.480105
   -0.483000   -0.025307   -0.839594    0.501161
    0.597000   -0.769268    0.160214   -0.644194
    0.686000    0.326664   -0.682824   -0.647598
   -0.224000   -0.952598    0.285339    0.173897
    0.408000   -0.419237    0.801604   -0.467609
    0.410000   -0.895195   -0.067140   -0.446504
   -0.402000    0.317058    0.889875    0.359507
   -0.698000    0.646354    0.356139    0.684995
   -0.119000    0.777208    0.622743    0.085454
    0.000000   -0.985966    0.203974   -0.037771
   -0.428000    0.710162   -0.490791    0.451892
   -0.451000    0.285403   -0.818817    0.485927
   -0.063000   -0.070058   -0.981998    0.105564
    0.366000    0.148433    0.918050   -0.423398
    0.083000    0.447810    0.911632   -0.143853
   -0.559000   -0.716523    0.452252    0.522607
   -0.277000   -0.491180    0.837598    0.203966
    0.248000   -0.757190    0.606142   -0.299612
    0.495000   -0.819491   -0.297145   -0.516272
   -0.521000    0.837229    0.166336    0.519001
    0.565000   -0.388682   -0.730812   -0.559496
   -0.094000   -0.139608    1.007094    0.038469
   -0.024000   -0.281270   -0.954742    0.065682
    0.278000    0.233438    0.939557   -0.329923
    0.482000    0.827564    0.293240   -0.484336
    0.293000    0.951412    0.160093   -0.284027
   -0.204000   -0.886090   -0.404369    0.198222
   -0.622000   -0.724549    0.346760    0.589000
    0.123000   -0.742218   -0.657743   -0.123956
    0.331000    0.355915   -0.887319   -0.297466
    0.317000    0.748333   -0.581640   -0.291045
    0.324000   -0.940172    0.102361   -0.361766
    0.247000    0.386500    0.893877   -0.285030
   -0.421000   -0.761361   -0.485439    0.421030
   -0.485000   -0.834491   -0.229770    0.473342
   -0.597000    0.250820    0.791431    0.562982
    0.107000    0.763915    0.639836   -0.126128
   -0.036000    0.607906    0.795308   -0.003059
    0.502000    0.785273   -0.425236   -0.488101
    0.563000   -0.613828   -0.548166   -0.559908
    0.739000    0.041324   -0.697301   -0.722700
    0.029000   -0.923915   -0.392481   -0.048575
    0.160000    0.142565    0.988575   -0.223771
   -0.227000    0.570923    0.802898    0.197985
   -0.312000   -0.587249   -0.717679    0.333159
    0.627000   -0.658950   -0.422742   -0.644132
    0.634000   -0.658941    0.324324   -0.687863
    0.252000   -0.456817   -0.859275   -0.241927
    0.631000   -0.740483   -0.231655   -0.646816
   -0.392000    0.823777   -0.373991    0.408127
   -0.112000    0.750566    0.661931    0.080019
   -0.225000   -0.945487    0.292356    0.178044
    0.558000    0.789470   -0.314162   -0.550862
   -0.731000    0.417620    0.585981    0.699133
   -0.715000    0.001795   -0.655244    0.725824
   -0.463000    0.613209   -0.592052    0.502283
    0.614000    0.813105   -0.048599   -0.612488
    0.609000    0.283289    0.732042   -0.648785
    0.298000    0.701402    0.641681   -0.321558
    0.417000   -0.090709   -0.912824   -0.387705
   -0.661000    0.568160    0.524712    0.631488
   -0.329000    0.934811    0.148820    0.326336
   -0.048000    0.158390   -0.968750    0.087868
   -0.671000   -0.456124   -0.545917    0.687956
   -0.278000    0.505020   -0.785181    0.327339
   -0.417000   -0.389625   -0.788200    0.426870
    0.584000    0.673972   -0.497582   -0.553187
   -0.016000   -0.501617    0.875351   -0.059770
    0.297000    0.686668   -0.678439   -0.272541
   -0.304000   -0.372425    0.904537    0.230696
   -0.358000   -0.055677    0.975476    0.285172
   -0.450000    0.432511   -0.729759    0.489551
   -0.219000   -0.896636    0.409593    0.159227
    0.527000   -0.750607    0.335269   -0.575246
    0.375000   -0.913433    0.069043   -0.401877
    0.456000   -0.063488   -0.906714   -0.435315
   -0.596000    0.514311   -0.548924    0.632161
   -0.487000    0.069142   -0.830353    0.525409
    0.453000   -0.824240    0.297694   -0.496816
   -0.207000   -0.278443   -0.909681    0.237060
   -0.358000    0.544601   -0.737966    0.393710
   -0.566000   -0.171031   -0.758175    0.585046
    0.032000   -0.006424    1.003378   -0.100417
   -0.098000   -0.714732   -0.665146    0.110553
   -0.634000    0.696464    0.340783    0.614930
    0.243000    0.018510   -0.966586   -0.216343
    0.638000   -0.746178    0.022697   -0.677522
    0.666000   -0.389415   -0.633875   -0.647033
   -0.340000   -0.076689   -0.907789    0.359586
    0.474000   -0.801718    0.332055   -0.523406
    0.683000    0.046110    0.709583   -0.734364
   -0.240000   -0.612873    0.791103    0.178789
    0.044000   -0.350052    0.930985   -0.098383
    0.738000    0.593263    0.305227   -0.748160
    0.683000    0.749234   -0.025326   -0.685591
    0.694000   -0.516136   -0.512480   -0.685800
    0.229000   -0.887232   -0.363744   -0.245465
   -0.211000    0.520021    0.838343    0.174649
   -0.749000   -0.407047   -0.472147    0.764005
   -0.689000   -0.336233   -0.595065    0.701550
    0.334000    0.310583   -0.907515   -0.303480
    0.611000   -0.270406    0.728165   -0.668711
   -0.411000   -0.167281   -0.863775    0.431041
    0.602000    0.435775    0.658758   -0.635049
   -0.391000    0.876781   -0.269185    0.407564
    0.063000   -0.406014    0.914386   -0.137109
   -0.609000   -0.739888    0.376050    0.567186
   -0.464000   -0.885323    0.064925    0.442361
   -0.513000    0.821377   -0.211165    0.521582
   -0.334000    0.850405    0.413731    0.312894
    0.426000    0.914432    0.069031   -0.434753
    0.722000   -0.609516    0.244548   -0.754090
    0.474000   -0.426025    0.744631   -0.529569
   -0.408000    0.900511   -0.124769    0.415490
    0.274000    0.513239    0.813068   -0.309181
   -0.058000   -0.510584    0.870271    0.001097
   -0.158000    0.982427   -0.094065    0.163030
   -0.359000    0.817868    0.487995    0.340685
    0.525000   -0.620534   -0.596749   -0.524798
    0.657000    0.385775   -0.685146   -0.624937
    0.649000    0.248448    0.695198   -0.695257
   -0.742000    0.451435   -0.420093    0.771557
   -0.053000   -0.950363    0.319042   -0.004159
   -0.372000    0.522081    0.779153    0.330592
   -0.718000    0.150599    0.707823    0.666512
   -0.036000    0.860023   -0.497874    0.075248
    0.512000    0.005805   -0.865195   -0.481148
    0.196000    0.931204    0.339000   -0.215719
    0.624000   -0.764735   -0.001140   -0.659622
   -0.725000   -0.124812    0.728146    0.677546
    0.491000    0.627965    0.621182   -0.525555
   -0.194000    0.931747    0.279401    0.182972
    0.242000   -0.949138   -0.054176   -0.276836
    0.621000    0.598249   -0.549165   -0.600833
    0.680000   -0.218007    0.681009   -0.739533
    0.378000   -0.916212    0.127710   -0.418978
   -0.102000   -0.668992    0.746616    0.034881
   -0.620000   -0.780787    0.127828    0.595793
   -0.580000    0.812683    0.077716    0.590233
    0.452000    0.645475    0.627681   -0.482658
    0.501000   -0.828278   -0.235496   -0.520883
   -0.149000    0.955826    0.276937    0.138619
   -0.083000    0.666118    0.740790    0.044357
   -0.539000    0.112627    0.863195    0.475223
   -0.470000   -0.163918   -0.846119    0.490890
    0.679000    0.430495    0.593606   -0.708181
    0.246000    0.459333    0.849657   -0.301090
    0.197000   -0.144188    0.964761   -0.266181
   -0.602000   -0.661820    0.481429    0.558846
   -0.350000   -0.859960   -0.350233    0.330927
    0.379000   -0.901025    0.101558   -0.406552
    0.199000    0.352631    0.916726   -0.246809
   -0.681000   -0.619713   -0.347089    0.674699
   -0.384000    0.686756    0.655727    0.347509
   -0.194000   -0.464332    0.883230    0.135695
   -0.159000    0.484567   -0.838702    0.200500
    0.153000   -0.552808   -0.798107   -0.142498
   -0.528000    0.680108   -0.453309    0.544896
   -0.476000   -0.894856    0.027441    0.442559
   -0.315000    0.903582    0.285488    0.301991
    0.652000   -0.589821    0.455489   -0.710023
   -0.018000   -0.503592   -0.853022    0.042551
    0.567000    0.382189   -0.747967   -0.529126
    0.140000    0.421082    0.890654   -0.179722
   -0.565000   -0.448728    0.738466    0.510160
    0.582000   -0.126675   -0.812634   -0.545484
   -0.443000   -0.349951   -0.794249    0.474696
    0.486000    0.688355    0.529491   -0.521698
    0.679000   -0.363313   -0.647602   -0.675795
    0.369000    0.504435    0.776304   -0.409838
    0.131000    0.356308    0.924973   -0.175196
    0.211000    0.394770   -0.904065   -0.183112
   -0.455000    0.504065    0.769629    0.417389
    0.316000   -0.154489    0.927349   -0.379813
   -0.358000    0.173306   -0.886408    0.383777
    0.274000   -0.738171    0.595434   -0.330020
    0.674000    0.618161   -0.447768   -0.648122
   -0.334000   -0.488871   -0.789085    0.339557
   -0.509000   -0.513136    0.744371    0.446389
    0.293000    0.862110   -0.419952   -0.263465
   -0.728000    0.344029    0.643524    0.696116
   -0.547000    0.253212   -0.748645    0.583711
   -0.050000   -0.256123   -0.960498    0.075708
   -0.661000   -0.351376   -0.621918    0.676738
   -0.380000    0.400721   -0.794726    0.427562
   -0.071000   -0.603780    0.799037    0.018108
    0.319000    0.664740   -0.686745   -0.284548
   -0.347000   -0.869035    0.408179    0.300935
   -0.271000   -0.450756   -0.837162    0.285382
   -0.651000   -0.561240   -0.487942    0.642774
   -0.664000   -0.748440    0.207921    0.629062
   -0.474000   -0.857014   -0.192916    0.456835
    0.545000   -0.636891   -0.555400   -0.545016
   -0.247000    0.667111    0.732026    0.220255
    0.451000    0.866289   -0.217726   -0.434136
   -0.283000   -0.811397   -0.475301    0.284944
   -0.018000   -0.919282    0.428516   -0.045202
    0.315000    0.208712   -0.917419   -0.265411
    0.381000   -0.896676    0.216854   -0.420292
    0.588000   -0.354291    0.704080   -0.641103
    0.472000   -0.860954    0.058386   -0.498425
   -0.271000    0.651483   -0.694505    0.303287
    0.416000   -0.128914   -0.908804   -0.385424
   -0.552000   -0.520830    0.709831    0.496326
    0.707000    0.519342   -0.535289   -0.672039
    0.628000    0.741551    0.239218   -0.640426
    0.071000    0.594698    0.812737   -0.106841
   -0.248000   -0.802973    0.576910    0.182834
    0.365000    0.738234   -0.575314   -0.327114
    0.580000   -0.162402   -0.800207   -0.549382
   -0.275000    0.384649   -0.855702    0.302208
   -0.326000    0.896554    0.310248    0.327847
   -0.592000   -0.413391   -0.660410    0.615988
   -0.535000   -0.555802   -0.591488    0.534484
    0.114000    0.748218   -0.648151   -0.070513
   -0.039000   -0.215422    0.993362   -0.019536
   -0.612000   -0.389021    0.725064    0.554886
    0.589000   -0.656239   -0.486962   -0.590752
   -0.739000   -0.675626    0.176636    0.717024
   -0.247000   -0.011879   -0.936178    0.277686
    0.656000    0.613773   -0.491393   -0.633336
   -0.504000    0.631508   -0.535399    0.522621
   -0.706000    0.703070   -0.043379    0.710362
   -0.483000   -0.664437    0.596014    0.438890
    0.638000    0.520279   -0.608901   -0.603341
    0.053000    0.859382    0.527696   -0.072579
    0.393000    0.380687    0.825024   -0.427667
   -0.146000    0.807972    0.574835    0.113047
    0.505000    0.467770   -0.740297   -0.461694
    0.579000   -0.372811   -0.726625   -0.568473
   -0.563000   -0.633279   -0.494916    0.571201
    0.261000    0.963180    0.074489   -0.246886
    0.277000    0.113982    0.945790   -0.336027
   -0.514000    0.616275   -0.557509    0.542748
    0.561000    0.560275   -0.650186   -0.534060
    0.175000    0.859179   -0.487525   -0.146991
   -0.093000    0.672366    0.742982    0.053083
   -0.108000    0.063006   -0.967262    0.150516
    0.686000    0.680703   -0.292505   -0.677357
   -0.082000    1.000203    0.103182    0.088153
    0.727000    0.460655   -0.542001   -0.707631
   -0.469000   -0.888557   -0.012760    0.438292
   -0.684000   -0.722910    0.201643    0.659571
   -0.434000   -0.896770   -0.110017    0.398472
    0.606000    0.569004    0.539154   -0.630726
    0.180000    0.837022   -0.542939   -0.149064
    0.611000   -0.480650   -0.630377   -0.610090
    0.289000   -0.922210   -0.190689   -0.309038
   -0.306000    0.764642    0.605804    0.273114
   -0.081000   -0.246090   -0.947322    0.103488
   -0.135000    0.111307   -0.965527    0.168210
   -0.453000    0.418870    0.829597    0.405571
   -0.734000   -0.450705   -0.478406    0.749624
   -0.595000    0.789695   -0.133663    0.607534
    0.458000   -0.695724   -0.562724   -0.461404
   -0.297000    0.945809   -0.067061    0.319746
    0.076000    0.991693    0.123108   -0.064083
    0.116000   -0.972141   -0.157740   -0.142451
   -0.496000    0.415324   -0.730053    0.525308
   -0.687000   -0.738181   -0.056707    0.661372
   -0.052000   -0.653892    0.769621   -0.014024
    0.540000   -0.187171    0.793721   -0.604055
   -0.036000   -0.539349   -0.835218    0.065056
    0.581000    0.806736   -0.231902   -0.560511
   -0.420000   -0.444465   -0.751575    0.437225
    0.338000    0.857482    0.417493   -0.359580
    0.599000    0.206065    0.777132   -0.638967
    0.630000   -0.381820    0.638444   -0.675265
   -0.599000   -0.757626   -0.268942    0.586512
   -0.176000    0.833172   -0.484292    0.201757
    0.102000   -0.636201   -0.742098   -0.100066
   -0.130000    0.195096    0.983295    0.072716
    0.340000   -0.925976   -0.094592   -0.378379
   -0.603000    0.784612   -0.022288    0.599240
    0.081000   -0.937666   -0.292738   -0.100452
    0.641000    0.281690    0.696164   -0.689507
   -0.679000   -0.554739    0.554960    0.624822
   -0.499000   -0.430360    0.787618    0.437451
    0.498000   -0.463547   -0.745770   -0.481051
   -0.371000   -0.738098    0.598233    0.302457
   -0.089000    0.606261   -0.770486    0.136111
    0.005000   -0.379898    0.932577   -0.082455
    0.430000   -0.886211    0.033019   -0.456322
   -0.660000    0.556375    0.529957    0.622566
    0.369000   -0.860582   -0.341516   -0.380137
    0.354000    0.279510    0.884458   -0.411178
    0.058000    0.704359    0.733675   -0.097432
    0.029000    0.417348    0.929878   -0.085602
   -0.539000    0.627738   -0.520158    0.569849
    0.119000    0.935363   -0.321390   -0.108051
   -0.718000    0.344688    0.655772    0.682942
   -0.730000    0.514397   -0.367078    0.738829
   -0.332000   -0.549905    0.798236    0.267818
    0.180000   -0.957659   -0.187907   -0.206663
   -0.067000   -0.888826   -0.449173    0.049403
   -0.112000   -0.850942   -0.518253    0.118699
   -0.589000    0.086192    0.848105    0.527276
   -0.521000    0.343010   -0.748826    0.560256
   -0.745000   -0.270047    0.665043    0.697689
    0.212000    0.552674   -0.803849   -0.183604
    0.137000   -0.508166    0.853327   -0.200809
   -0.744000    0.627060   -0.175813    0.746484
    0.492000   -0.860270    0.050618   -0.532028
   -0.082000   -0.172076    1.006669    0.010945
    0.287000    0.837019   -0.472697   -0.265025
   -0.106000   -0.095835   -0.980813    0.139078
    0.093000   -0.997995   -0.018904   -0.123977
   -0.475000    0.799393    0.393973    0.459118
   -0.278000    0.359188    0.917585    0.230251
   -0.436000   -0.672767   -0.556595    0.448122
   -0.350000   -0.789205    0.535805    0.296059
    0.303000    0.561822    0.761972   -0.350154
   -0.091000   -0.799089   -0.586030    0.097450
    0.209000    0.924395   -0.337862   -0.178566
    0.152000   -0.175713   -0.964442   -0.122051
    0.315000    0.381599   -0.874040   -0.274271
   -0.110000    0.973351   -0.192120    0.122425
    0.016000   -0.981463   -0.179675   -0.027134
    0.298000    0.370821   -0.876054   -0.255277
   -0.323000   -0.883517   -0.354959    0.322166
    0.256000    0.779465   -0.571055   -0.222716
    0.362000    0.604722   -0.714123   -0.337143
    0.692000    0.713109    0.125214   -0.693184
    0.100000    0.068015   -0.977785   -0.054399
    0.394000   -0.899873    0.035083   -0.420474
   -0.567000   -0.832895    0.160180    0.534908
   -0.523000   -0.624051   -0.559786    0.532760
   -0.570000   -0.799558    0.252951    0.531280
    0.246000   -0.936759   -0.175101   -0.270680
   -0.346000    0.916691   -0.079109    0.364018
   -0.659000   -0.618568   -0.387735    0.651087
   -0.708000    0.698386    0.078979    0.709567
   -0.671000   -0.458367   -0.534710    0.671392
    0.744000    0.070015   -0.697246   -0.714838
   -0.525000    0.264677   -0.766481    0.547209
    0.381000    0.580130    0.734276   -0.428728
   -0.598000   -0.335548   -0.690434    0.609277
    0.173000   -0.595118    0.793033   -0.236165
    0.125000   -0.994266    0.116101   -0.173622
   -0.093000   -0.833900   -0.540649    0.083245
    0.646000   -0.748708   -0.130520   -0.674352
   -0.182000    0.005146   -0.967719    0.227353
   -0.110000    0.753456   -0.632650    0.135900
   -0.718000    0.553513    0.458216    0.690993
    0.693000    0.333018   -0.666510   -0.657162
    0.198000    0.885216    0.445932   -0.216527
   -0.559000    0.577779   -0.549378    0.592103
   -0.481000   -0.031438    0.923298    0.422328
   -0.277000    0.455794   -0.818402    0.304467
    0.195000    0.973994   -0.087412   -0.184627
    0.268000    0.971321    0.093033   -0.273416
    0.589000    0.782817    0.176526   -0.592805
   -0.585000    0.725388    0.399253    0.561887
   -0.732000    0.663256    0.116767    0.717436
    0.315000   -0.910930    0.219583   -0.367915
    0.423000    0.447950    0.794311   -0.467884
    0.001000   -0.435623    0.900125   -0.060762
   -0.686000    0.702655   -0.109667    0.686515
   -0.628000    0.745652   -0.158762    0.634372
    0.603000   -0.297413   -0.746074   -0.589612
    0.747000    0.598223    0.312321   -0.772286
   -0.616000    0.686162   -0.315427    0.626020
    0.317000    0.918321   -0.291298   -0.291796
    0.237000   -0.680676   -0.679172   -0.237351
   -0.179000   -0.753391   -0.606942    0.186867
    0.369000   -0.881166   -0.267462   -0.392022
    0.324000   -0.632282   -0.703286   -0.310635
    0.687000   -0.378531    0.578081   -0.732129
   -0.602000   -0.353759   -0.694976    0.630103
    0.472000   -0.495313    0.714419   -0.534708
   -0.585000   -0.496592   -0.619381    0.589395
    0.731000    0.515395   -0.503561   -0.703768
   -0.101000    0.196476    1.004397    0.033197
   -0.237000    0.954458    0.225286    0.243559
   -0.257000   -0.450659    0.890391    0.199967
   -0.506000    0.345268    0.824753    0.469799
    0.722000   -0.308480   -0.625985   -0.700776
    0.215000   -0.044979    0.974771   -0.281058
   -0.258000   -0.948655    0.198503    0.227263
    0.475000    0.862917   -0.234608   -0.459109
   -0.384000    0.628005   -0.638987    0.410201
    0.607000   -0.372627   -0.706752   -0.585056
    0.385000   -0.333116   -0.866654   -0.369209
   -0.580000   -0.583937   -0.519563    0.584003
   -0.730000   -0.018477    0.725932    0.681263
    0.750000    0.674734    0.004878   -0.746406
   -0.735000    0.369126    0.595893    0.705466
   -0.070000    0.697413    0.730385    0.035793
    0.499000    0.162532   -0.869718   -0.457926
    0.268000   -0.269428   -0.916188   -0.246293
    0.530000   -0.596629   -0.618888   -0.514580
   -0.401000    0.862580    0.351389    0.379424
    0.499000   -0.453130    0.708069   -0.564462
   -0.099000   -0.544848   -0.811853    0.122483
    0.420000   -0.500405   -0.775100   -0.414521
   -0.626000    0.347104   -0.641875    0.650782
    0.462000    0.868149   -0.187944   -0.453720
   -0.659000    0.694138   -0.229731    0.677852
    0.365000    0.257179   -0.908288   -0.324178
   -0.364000    0.651012    0.697116    0.340933
   -0.262000    0.958639   -0.077660    0.284574
   -0.471000    0.254823   -0.812530    0.496618
   -0.266000   -0.046455   -0.936705    0.300970
   -0.257000    0.578194   -0.751864    0.299581
   -0.615000    0.168518   -0.713681    0.650236
   -0.153000   -0.983499    0.091832    0.123161
   -0.120000    0.885067   -0.449591    0.138696
   -0.070000   -0.969107    0.204811    0.023057
    0.676000    0.737637   -0.006595   -0.677866
   -0.050000    0.285100   -0.941248    0.092451
    0.388000    0.272232   -0.893078   -0.356195
   -0.206000   -0.193883    0.974855    0.129660
    0.080000    0.469647   -0.865857   -0.031806
   -0.511000    0.815197   -0.204472    0.521575
   -0.609000    0.368752    0.738072    0.563910
    0.273000   -0.884334   -0.390396   -0.292870
   -0.475000   -0.559131   -0.657349    0.491761
    0.680000   -0.701412    0.086703   -0.707775
   -0.437000    0.805452   -0.323027    0.466888
   -0.583000   -0.299858   -0.719484    0.605917
    0.617000    0.235260    0.731770   -0.649164
   -0.088000    0.342206    0.944284    0.033335
   -0.457000   -0.605176    0.700572    0.389677
   -0.206000   -0.755953    0.624907    0.139632
   -0.690000    0.200899    0.736005    0.636024
    0.517000    0.837821    0.176736   -0.521086
    0.530000   -0.277599    0.781970   -0.576694
   -0.383000    0.893317   -0.157870    0.398475
    0.216000   -0.054100    0.973522   -0.279943
    0.475000    0.484963   -0.758470   -0.448126
    0.532000    0.707429   -0.507866   -0.495491
    0.355000    0.276020   -0.890149   -0.326411
   -0.514000    0.389311    0.782663    0.480694
   -0.636000   -0.787616    0.044592    0.600047
   -0.183000    0.770548   -0.562705    0.220455
    0.062000   -0.770820   -0.608047   -0.062791
   -0.555000   -0.490959    0.727995    0.494669
   -0.185000   -0.972007    0.097087    0.145928
    0.055000    0.824187    0.579292   -0.090133
    0.352000   -0.912966   -0.207613   -0.370764
   -0.542000    0.827400    0.032389    0.536077
   -0.039000    1.013174   -0.020074    0.055280
   -0.178000    0.944590   -0.259222    0.205708
   -0.073000   -0.980485    0.227624    0.026390
    0.060000   -0.814071   -0.554605   -0.058081
   -0.650000   -0.040169    0.804429    0.608781
    0.529000   -0.051548   -0.860960   -0.511506
   -0.506000   -0.697774    0.541350    0.454717
    0.284000   -0.955727   -0.099131   -0.306663
   -0.003000   -0.963450   -0.293140   -0.004197
   -0.623000    0.766124    0.144270    0.624728
   -0.747000   -0.544147    0.440831    0.710077
   -0.628000   -0.112743    0.810140    0.569470
    0.372000   -0.920812   -0.020373   -0.392010
   -0.063000   -0.897074   -0.410625    0.051126
    0.743000   -0.449120   -0.520872   -0.734426
    0.619000    0.625996   -0.513526   -0.588629
    0.160000   -0.054774    0.985516   -0.213718
   -0.745000   -0.558157   -0.320213    0.746487
   -0.277000   -0.684259    0.719548    0.205246
   -0.593000   -0.731537    0.365370    0.553576
   -0.157000   -0.938684    0.310368    0.107686
   -0.383000   -0.303066   -0.848291    0.400385
    0.394000    0.121754    0.902508   -0.448291
   -0.539000   -0.305532    0.833741    0.482478
    0.073000    0.891257    0.449239   -0.097925
    0.272000    0.805541    0.518400   -0.292962
   -0.310000    0.386148    0.893349    0.253246
    0.528000   -0.417597    0.703956   -0.581536
   -0.207000   -0.376115   -0.885420    0.238331
   -0.275000   -0.312319    0.933560    0.205123
    0.722000    0.699697    0.086211   -0.722829
    0.118000    0.337610    0.939246   -0.161497
    0.715000   -0.283441   -0.643503   -0.700323
   -0.631000    0.542802   -0.511393    0.654359
    0.123000   -0.430958   -0.883511   -0.100574
    0.321000    0.056683    0.931992   -0.373583
    0.667000    0.646836   -0.390365   -0.642508
    0.650000    0.612431    0.428477   -0.664042
   -0.549000    0.450836    0.731341    0.514850
   -0.317000   -0.145470   -0.916923    0.349019
    0.592000    0.241619   -0.796810   -0.564263
    0.067000   -0.968397   -0.138246   -0.089982
   -0.310000    0.786103    0.557801    0.279202
   -0.127000   -0.973752   -0.221566    0.110105
   -0.646000   -0.163841    0.792406    0.580029
   -0.187000    0.885805   -0.384458    0.201562
   -0.440000   -0.625863   -0.598160    0.433688
   -0.309000    0.816333    0.509525    0.282288
   -0.313000    0.421540   -0.821751    0.344272
    0.545000    0.827114    0.166528   -0.544775
    0.322000   -0.894452   -0.314640   -0.347282
   -0.177000   -0.511018    0.856690    0.115972
   -0.165000   -0.820162   -0.510856    0.162640
   -0.320000   -0.967754    0.029309    0.296729
    0.355000   -0.043432   -0.948444   -0.329644
   -0.529000   -0.847962    0.036144    0.509471
    0.388000   -0.799598    0.417596   -0.449695
   -0.484000   -0.563819    0.709351    0.416760
    0.317000    0.095887   -0.953317   -0.271639
    0.188000    0.131055   -0.966151   -0.159753
   -0.648000   -0.703292   -0.285205    0.638783
    0.713000   -0.366932   -0.604056   -0.696976
    0.127000    0.954002   -0.299855   -0.113513
   -0.553000   -0.682847   -0.452551    0.558464
    0.361000   -0.519160   -0.767849   -0.349056
    0.006000    0.416055   -0.900171    0.042916
    0.480000   -0.170695    0.838880   -0.534376
    0.713000    0.698092   -0.178924   -0.701148
    0.589000    0.816899    0.112372   -0.602010
   -0.533000    0.596124    0.633010    0.500841
   -0.501000    0.768525   -0.319108    0.531533
    0.517000   -0.816128    0.197573   -0.545313
   -0.613000   -0.674597   -0.380805    0.598706
    0.303000    0.835163   -0.481452   -0.284644
    0.042000   -1.007614   -0.063727   -0.062745
    0.513000    0.434857   -0.773247   -0.486232
   -0.520000   -0.826188    0.277618    0.484564
   -0.610000   -0.741851    0.353172    0.565858
   -0.122000    0.938458   -0.290200    0.136979
   -0.058000   -0.709676   -0.682929    0.068313
    0.671000    0.752488    0.055811   -0.683777
   -0.142000    0.096252   -0.978376    0.172362
    0.733000   -0.071440   -0.696818   -0.707400
    0.223000    0.850944    0.504653   -0.234698
   -0.119000    0.721256    0.684918    0.081250
   -0.166000   -0.390420   -0.890765    0.184371
    0.031000    0.644237    0.766028   -0.079471
    0.644000    0.028148   -0.775546   -0.624858
    0.215000   -0.463395    0.854091   -0.283935
   -0.746000   -0.477057   -0.430278    0.753882
   -0.198000    0.512228   -0.817761    0.234105
    0.082000   -0.484311    0.875247   -0.155098
    0.245000    0.124389    0.950190   -0.315019
   -0.614000    0.744664    0.303262    0.610241
   -0.696000   -0.553049    0.513213    0.641204
   -0.746000   -0.571029   -0.306102    0.747576
    0.403000    0.196235   -0.890937   -0.357552
    0.662000    0.279654    0.682175   -0.698515
   -0.077000   -0.146439   -0.973641    0.100858
   -0.327000   -0.279318    0.940046    0.274288
   -0.651000    0.292630   -0.655385    0.682406
   -0.466000   -0.168893   -0.839664    0.483435
   -0.111000    0.334473   -0.924137    0.153185
   -0.503000   -0.545080   -0.641962    0.515422
    0.710000   -0.661878    0.182619   -0.746880
    0.280000   -0.585983   -0.762079   -0.262324
   -0.649000    0.742457    0.032207    0.643695
   -0.243000    0.949906    0.080971    0.259003
    0.213000   -0.712709   -0.648658   -0.205121
    0.263000   -0.265501   -0.910901   -0.227973
    0.423000   -0.895695    0.073851   -0.465746
    0.583000   -0.221012   -0.791447   -0.571497
    0.713000    0.705534    0.126715   -0.713118
   -0.558000    0.230527   -0.745988    0.580492
   -0.084000    0.942941    0.293210    0.073857
   -0.306000    0.257231    0.927757    0.256922
   -0.555000   -0.560998    0.654532    0.507578
    0.700000   -0.639519   -0.293585   -0.721656
   -0.091000    0.567200    0.840990    0.048760
    0.408000   -0.410523   -0.816384   -0.387375
    0.477000   -0.782623   -0.365552   -0.479650
   -0.330000   -0.138010   -0.904358    0.349688
    0.557000   -0.330203   -0.773451   -0.533360
   -0.493000   -0.282812   -0.801095    0.512225
   -0.439000    0.746364    0.527827    0.418316
   -0.719000    0.377113   -0.526392    0.735964
    0.001000    1.003320   -0.028016    0.016890
   -0.481000   -0.809964    0.382927    0.434807
   -0.480000   -0.575074   -0.620233    0.488123
   -0.439000    0.053194    0.933861    0.375810
   -0.037000   -0.396983    0.929404   -0.031152
   -0.173000    0.833487    0.547332    0.144773
    0.475000    0.883770   -0.004287   -0.478034
   -0.593000    0.751990   -0.234194    0.618758
    0.730000    0.267685    0.616386   -0.759822
   -0.220000   -0.520050   -0.814825    0.248483
    0.510000    0.455462    0.717350   -0.554542
    0.385000   -0.065632    0.909233   -0.440030
   -0.343000    0.758448    0.594606    0.319322
    0.274000   -0.954702   -0.026029   -0.306966
   -0.274000   -0.134191    0.984029    0.204937
   -0.671000    0.690396    0.274276    0.661190
    0.738000   -0.211157   -0.661488   -0.715704
   -0.575000    0.801305    0.024315    0.569165
   -0.121000   -0.910422   -0.412276    0.115873
    0.636000   -0.187676    0.715789   -0.684730
    0.692000    0.177889    0.683060   -0.723735
   -0.498000    0.488700   -0.660358    0.535478
    0.538000    0.566171   -0.643822   -0.510087
    0.039000    0.973030   -0.253511   -0.019832
    0.240000    0.964241    0.127772   -0.229632
    0.386000   -0.878705    0.255996   -0.427636
    0.528000    0.577907   -0.652835   -0.489641
   -0.288000    0.578654   -0.742608    0.316407
   -0.281000   -0.898683    0.334883    0.239962
   -0.317000    0.799681   -0.471606    0.333933
   -0.531000   -0.833794    0.248054    0.501332
    0.661000    0.216871   -0.748630   -0.644589
   -0.210000    0.962317   -0.166039    0.235385
    0.050000    0.686336    0.740952   -0.082459
    0.201000    0.916920   -0.335212   -0.188318
   -0.256000   -0.961169   -0.035337    0.234227
    0.674000   -0.272598   -0.690071   -0.661096
    0.388000    0.743881    0.533203   -0.418460
    0.599000   -0.688419    0.346303   -0.643400
    0.314000   -0.357660   -0.884753   -0.290710
   -0.343000    0.715073    0.619089    0.310310
    0.248000   -0.756487    0.607518   -0.318336
   -0.664000    0.689317   -0.236134    0.668015
   -0.309000   -0.192894   -0.890941    0.348029
   -0.299000   -0.933307   -0.199301    0.272193
   -0.195000    0.976417    0.035319    0.196026
    0.494000   -0.803780   -0.331182   -0.506596
   -0.250000    0.956890    0.147323    0.257733
    0.660000    0.703206   -0.290676   -0.651759
   -0.429000    0.830300   -0.303842    0.446799
   -0.346000   -0.784911    0.558146    0.297915
   -0.250000    0.964444    0.148758    0.246693
   -0.695000    0.249488    0.712602    0.645845
   -0.022000    0.951409   -0.309252    0.052965
   -0.553000   -0.704811    0.492337    0.513549
   -0.696000    0.628444    0.388152    0.681069
    0.339000   -0.832417   -0.434846   -0.349358
   -0.446000   -0.859720    0.337258    0.403523
    0.318000   -0.934867   -0.123974   -0.338736
    0.743000    0.520656   -0.458245   -0.730147
   -0.265000    0.040743   -0.938506    0.310036
   -0.025000   -0.480352    0.883490   -0.050684
   -0.467000   -0.893669    0.056164    0.432432
   -0.122000   -0.990649   -0.072850    0.097224
   -0.664000    0.046692    0.785892    0.625042
   -0.676000   -0.426654    0.665140    0.620260
    0.073000    0.882012   -0.468879   -0.043347
   -0.025000    0.143594    0.996433   -0.040615
    0.303000    0.937218    0.154429   -0.312319
    0.242000   -0.604838   -0.761670   -0.224176
   -0.454000    0.593980   -0.628335    0.495370
    0.091000    0.880583    0.469401   -0.107951
    0.674000   -0.297448   -0.701202   -0.651737
    0.499000   -0.855823    0.096542   -0.542852
   -0.131000   -0.733298   -0.657462    0.135896
   -0.261000   -0.955738    0.126975    0.223716
    0.629000   -0.678210    0.332992   -0.671659
    0.396000    0.327548   -0.866808   -0.355875
    0.210000   -0.005648   -0.969873   -0.173698
   -0.006000   -0.793867   -0.589057    0.018383
   -0.584000    0.630254    0.549237    0.547180
    0.737000   -0.439435    0.481626   -0.773385
   -0.492000    0.323312   -0.760483    0.516096
    0.433000   -0.859628   -0.236139   -0.455188
   -0.241000   -0.210529    0.979847    0.172181
   -0.431000    0.033366    0.924071    0.375735
   -0.486000    0.515491   -0.659854    0.506773
   -0.340000    0.165636    0.959589    0.276922
   -0.234000    0.331824    0.946946    0.178298
    0.098000   -0.076747    1.001135   -0.163407
   -0.263000   -0.880898   -0.353220    0.242391
    0.108000   -0.608242   -0.787537   -0.093545
    0.468000   -0.106782    0.870257   -0.527056
    0.392000   -0.334082   -0.858881   -0.368407
    0.186000    0.227744   -0.956037   -0.135036
    0.317000    0.416413   -0.854593   -0.269934
   -0.144000    0.034046    1.008960    0.086241
    0.462000   -0.242807   -0.866863   -0.444130
    0.055000    0.795174    0.621834   -0.079816
    0.285000   -0.867771   -0.380033   -0.291060
    0.707000   -0.486154   -0.534408   -0.696488
    0.278000    0.081076    0.967253   -0.331838
    0.278000    0.730719   -0.639396   -0.254988
    0.137000    0.923335   -0.348040   -0.116122
    0.048000   -0.703994    0.695631   -0.110369
    0.260000    0.447366    0.857721   -0.310131
    0.157000   -0.535184    0.829101   -0.229237
   -0.684000    0.245113    0.730671    0.643751
   -0.400000   -0.167468   -0.881288    0.419760
    0.188000   -0.791006    0.584237   -0.246521
    0.205000   -0.962233    0.009373   -0.230253
    0.374000    0.084669   -0.937748   -0.338794
   -0.421000    0.880917    0.231074    0.424247
    0.216000   -0.919609    0.305352   -0.255819
   -0.509000    0.641053   -0.541517    0.531074
   -0.139000   -0.795603    0.616634    0.088511
   -0.408000   -0.896758    0.177680    0.359430
   -0.191000   -0.811903   -0.549206    0.198904
    0.114000   -0.353971    0.923257   -0.174079
   -0.588000   -0.222783   -0.731384    0.609642
    0.252000   -0.058382   -0.961533   -0.214582
    0.365000    0.658742   -0.653790   -0.334367
    0.417000   -0.549142   -0.718506   -0.410800
    0.581000    0.810614   -0.195608   -0.563466
    0.736000    0.578257   -0.411920   -0.711978
    0.148000    0.465071   -0.859112   -0.116396
   -0.331000    0.880835   -0.295818    0.358868
    0.413000    0.877569   -0.284516   -0.404122
    0.258000   -0.567267   -0.761513   -0.244011
   -0.058000   -0.975378    0.249355    0.012692
   -0.738000    0.528604    0.446452    0.718887
    0.042000   -0.994694   -0.106483   -0.070423
   -0.695000    0.689098   -0.164002    0.696807
    0.049000    0.461673   -0.872006   -0.014238
   -0.444000    0.492356   -0.702001    0.484650
    0.476000    0.594980    0.642587   -0.505939
   -0.707000    0.108042    0.752029    0.653105
    0.078000    0.556658   -0.806596   -0.037485
   -0.526000   -0.852429    0.207079    0.483255
   -0.712000   -0.702621   -0.079863    0.696732
   -0.408000   -0.569611   -0.698328    0.411238
    0.033000    0.429726   -0.899676    0.017190
    0.683000   -0.643408   -0.357491   -0.684255
   -0.030000   -0.581897    0.817242   -0.037198
    0.287000    0.482205    0.819045   -0.338424
    0.159000    0.370001    0.919199   -0.214948
   -0.282000    0.044646    0.983325    0.217787
    0.114000    0.973767    0.209137   -0.115255
   -0.077000   -0.485509   -0.848973    0.093675
    0.434000    0.715820    0.537720   -0.469862
   -0.704000   -0.677415    0.286089    0.675228
    0.047000   -0.893537   -0.427786   -0.057561
   -0.091000   -0.051007    1.017766    0.021855
    0.374000    0.280218   -0.886731   -0.335776
    0.707000    0.292635   -0.672451   -0.685655
   -0.077000   -0.833179    0.549010    0.022852
   -0.398000   -0.356506   -0.820220    0.424263
   -0.744000    0.549073   -0.321602    0.755061
    0.392000    0.738433   -0.572323   -0.357114
   -0.712000    0.673711    0.234258    0.696022
    0.146000   -0.027643    0.996369   -0.216389
    0.750000   -0.566088   -0.356244   -0.755284
    0.543000   -0.779067    0.257588   -0.591049
    0.282000   -0.232715   -0.938631   -0.262588
   -0.103000    0.319571    0.952376    0.041092
   -0.330000    0.840787    0.430404    0.319260
   -0.050000   -0.339508    0.956490   -0.014936
   -0.295000    0.726533    0.659495    0.259182
    0.705000   -0.676066   -0.107291   -0.738386
   -0.489000   -0.563609    0.712542    0.424746
   -0.482000    0.832182    0.323415    0.468032
    0.414000    0.853633    0.340076   -0.423092
    0.231000    0.162778   -0.962897   -0.197951
   -0.125000    0.834532    0.537950    0.106045
   -0.551000   -0.664013    0.559566    0.498391
   -0.536000    0.837680    0.058017    0.539468
    0.743000   -0.309089   -0.603718   -0.726559
    0.640000    0.775076    0.043256   -0.629647
   -0.087000    0.993823    0.067111    0.083446
    0.008000   -0.435954   -0.890843    0.018062
    0.123000    0.006456   -0.987580   -0.074784
    0.447000    0.479557   -0.784343   -0.414609
    0.146000    0.511156   -0.836133   -0.112765
   -0.567000   -0.051407   -0.788454    0.592487
    0.078000    0.977656   -0.161885   -0.056930
   -0.465000    0.880307   -0.072264    0.463292
    0.199000    0.097636   -0.976378   -0.149528
    0.672000   -0.552770   -0.484286   -0.667799
   -0.316000    0.170183    0.972582    0.258715
   -0.341000   -0.908784    0.287074    0.298393
    0.244000   -0.577554    0.769139   -0.307598
   -0.104000   -0.954119    0.286655    0.057085
    0.587000   -0.254616   -0.785107   -0.554988
   -0.320000   -0.946173    0.127641    0.274912
    0.286000    0.923949    0.298599   -0.304196
    0.141000    0.961495    0.302050   -0.146537
   -0.619000    0.772044    0.060096    0.621006
    0.407000    0.762645    0.499430   -0.423871
   -0.083000    0.146123   -0.963160    0.121144
    0.011000   -0.845705   -0.513108   -0.018353
   -0.481000    0.008568    0.911987    0.429299
    0.441000    0.747878   -0.514068   -0.419075
   -0.616000   -0.668041    0.452834    0.562920
   -0.463000   -0.242190    0.885262    0.397370
    0.160000    0.682262   -0.711490   -0.125867
    0.191000    0.989916   -0.081819   -0.177264
   -0.032000    0.762391    0.644843    0.010527
    0.154000    0.794632   -0.589967   -0.123402
   -0.738000    0.508833    0.483456    0.701747
    0.395000   -0.739409    0.510811   -0.450200
    0.032000    0.175367   -0.979005    0.004491
    0.218000   -0.144490   -0.973319   -0.177929
   -0.683000    0.123597   -0.678895    0.719040
   -0.020000   -0.992697    0.093500   -0.023766
   -0.576000    0.792915    0.143107    0.573523
    0.338000   -0.791298   -0.513841   -0.334663
    0.715000   -0.118734   -0.701785   -0.702543
   -0.538000   -0.838678    0.216658    0.504235
   -0.463000    0.852604    0.211831    0.448207
   -0.299000   -0.479053   -0.801099    0.325691
   -0.050000   -0.722131   -0.692491    0.062444
    0.101000   -0.377707    0.917324   -0.177595
   -0.370000   -0.749751    0.596889    0.305179
    0.085000    0.652150   -0.754883   -0.033361
   -0.406000   -0.901479   -0.045524    0.371206
   -0.098000    0.131473    0.991607    0.047656
   -0.522000   -0.378156    0.803271    0.459625
   -0.126000   -0.439236    0.903482    0.056949
    0.110000   -0.216651   -0.953788   -0.076394
    0.520000   -0.541095   -0.657390   -0.503418
   -0.552000   -0.766994   -0.329777    0.537683
    0.184000   -0.099228    0.985677   -0.242664
    0.461000    0.164165    0.867052   -0.512379
   -0.495000    0.161590    0.898205    0.440539
   -0.010000   -0.772544    0.656004   -0.054542
    0.536000    0.845341    0.153494   -0.528654
    0.315000    0.709240    0.631725   -0.334065
    0.427000    0.544531   -0.737789   -0.402235
   -0.394000    0.778585   -0.459017    0.428381
   -0.375000    0.324414   -0.839058    0.401201
    0.026000   -0.649334   -0.756666   -0.005873
    0.628000   -0.602653   -0.498035   -0.632067
    0.114000    0.661460    0.737479   -0.159803
    0.574000   -0.785821   -0.184583   -0.605323
    0.139000    0.306916    0.948212   -0.204339
   -0.612000    0.157573    0.797364    0.560189
   -0.103000   -0.249405   -0.944824    0.133882
   -0.264000   -0.046343    0.991917    0.190707
   -0.746000   -0.307483    0.646911    0.694899
   -0.651000    0.120752   -0.713382    0.679549
    0.235000   -0.698838    0.663305   -0.294557
   -0.036000   -0.925367    0.385278   -0.018755
    0.640000   -0.745001    0.092662   -0.668436
   -0.009000   -0.906239    0.451160   -0.049457
   -0.647000   -0.693389    0.390770    0.592762
   -0.079000    0.722497    0.699635    0.058560
   -0.705000   -0.441311    0.594418    0.647143
   -0.491000    0.637369   -0.551351    0.522202
   -0.157000    0.994716   -0.064484    0.172928
    0.710000    0.677198   -0.260665   -0.707138
   -0.053000   -0.243489   -0.949729    0.076332
   -0.172000   -0.511641    0.853706    0.096771
   -0.688000    0.014784   -0.694808    0.709731
   -0.506000   -0.183646    0.865256    0.438630
   -0.570000   -0.346403   -0.709586    0.592295
    0.380000   -0.600128    0.681238   -0.439180
    0.188000    0.990796   -0.031408   -0.177264
   -0.605000   -0.704047    0.420771    0.547250
   -0.597000   -0.604273   -0.508297    0.596192
    0.651000    0.756304   -0.195334   -0.641532
    0.264000   -0.189958   -0.944099   -0.239116
    0.058000    0.071040   -0.978532   -0.009853
   -0.601000   -0.768613   -0.205291    0.582286
    0.138000   -0.204323   -0.966799   -0.117476
    0.644000   -0.512555    0.517876   -0.694156
   -0.458000    0.638071    0.638486    0.416033
    0.011000   -0.008054    1.018344   -0.062902
   -0.597000   -0.790872    0.191820    0.548208
   -0.519000    0.771604   -0.299087    0.530717
   -0.259000    0.936257   -0.195598    0.263531
    0.642000    0.079111   -0.776277   -0.602493
    0.420000   -0.776496   -0.465896   -0.413683
   -0.032000    0.552088   -0.831015    0.078949
    0.321000    0.386072    0.867857   -0.362527
   -0.570000   -0.666273   -0.443656    0.575761
   -0.564000    0.700869   -0.394061    0.589176
    0.232000   -0.156171   -0.948260   -0.188007
    0.243000    0.680072    0.694484   -0.281734
    0.394000   -0.893728   -0.177797   -0.415863
   -0.218000    0.737175   -0.595885    0.241225
   -0.537000   -0.815550    0.246526    0.504467
   -0.231000    0.136360   -0.945433    0.269213
    0.017000   -0.870875    0.513228   -0.061033
   -0.443000   -0.777182    0.479933    0.398199
   -0.461000    0.875742    0.054694    0.470423
   -0.148000    0.954476   -0.264017    0.178063
    0.149000    0.940937    0.353728   -0.150986
    0.690000    0.343442    0.612404   -0.734683
    0.019000    0.841099    0.566123   -0.041868
   -0.265000   -0.832205   -0.467797    0.259454
   -0.148000   -0.611137   -0.745887    0.156355
   -0.125000   -0.818018   -0.536265    0.112254
   -0.702000    0.244389   -0.609353    0.720510
    0.046000   -0.105465    1.000070   -0.111637
   -0.649000    0.512096    0.592900    0.618750
    0.022000    0.564484   -0.800365    0.013788
   -0.216000    0.312056    0.933762    0.165052
    0.403000   -0.696612   -0.578280   -0.408961
    0.496000   -0.667265    0.516215   -0.549048
   -0.647000   -0.604769   -0.450602    0.636142
   -0.013000   -0.447441   -0.874098    0.028955
    0.350000   -0.910957   -0.209354   -0.381391
   -0.374000    0.911888    0.189411    0.381598
   -0.689000    0.397440    0.645884    0.654073
   -0.733000   -0.259018    0.669095    0.692899
   -0.622000    0.774715   -0.010332    0.628534
   -0.251000   -0.948951    0.178949    0.218178
   -0.590000    0.644357    0.518203    0.563212
   -0.654000    0.012116   -0.714341    0.671399
   -0.251000    0.676549   -0.665545    0.295942
    0.230000    0.244244   -0.943253   -0.192918
    0.412000    0.848685    0.324154   -0.423113
    0.306000    0.058334   -0.945996   -0.259425
   -0.383000   -0.931872   -0.033110    0.358909
    0.436000   -0.832151    0.316539   -0.491989
   -0.056000    0.990121    0.084572    0.049397
   -0.250000   -0.939499    0.256843    0.217742
    0.190000    0.877924    0.443401   -0.198295
    0.359000    0.683225    0.647097   -0.383471
   -0.255000    0.938242   -0.215430    0.261133
    0.345000   -0.929145    0.072333   -0.384120
    0.514000   -0.310533   -0.809938   -0.503902
    0.621000    0.200519    0.739875   -0.656120
    0.154000   -0.713481   -0.683974   -0.150548
   -0.234000    0.084482    0.996753    0.173057
   -0.750000    0.642507    0.133932    0.735543
    0.344000    0.221677   -0.907886   -0.311007
    0.565000    0.788302    0.290057   -0.583080
    0.745000    0.516701   -0.471904   -0.728469
   -0.633000   -0.723759    0.362140    0.599239
   -0.148000   -0.969767    0.165148    0.108664
    0.743000    0.577327    0.352955   -0.752406
    0.179000    0.430462   -0.891676   -0.129273
    0.225000    0.842282    0.510994   -0.239257
    0.221000   -0.356673   -0.918850   -0.193471
   -0.110000    0.123282   -0.968672    0.159509
   -0.739000   -0.687986    0.115476    0.715110
   -0.584000   -0.195383    0.816106    0.518050
    0.181000    0.841472    0.541656   -0.200771
   -0.281000    0.661588    0.729940    0.246277
   -0.508000   -0.864641    0.116756    0.462433
   -0.325000   -0.903112   -0.224426    0.302721
   -0.363000   -0.028500   -0.898375    0.391245
   -0.536000   -0.527384   -0.619617    0.547101
    0.561000    0.204154    0.789742   -0.606389
    0.256000    0.300029    0.916811   -0.298549
   -0.698000    0.542538    0.513039    0.662621
    0.171000    0.641135    0.742277   -0.199626
   -0.486000   -0.887087   -0.058589    0.459065
   -0.693000    0.656939    0.289560    0.670993
    0.106000    0.856265   -0.512845   -0.070936
   -0.655000    0.241831   -0.663285    0.690281
   -0.310000    0.926430    0.197984    0.311050
    0.521000   -0.588200   -0.623816   -0.526482
   -0.145000    0.477478   -0.856015    0.187693
    0.119000   -0.914514    0.350631   -0.166104
   -0.453000   -0.899729   -0.087331    0.419415
    0.039000    0.941309    0.328925   -0.051058
   -0.714000   -0.368030    0.646857    0.668592
   -0.501000   -0.223641   -0.802783    0.516349
   -0.166000   -0.526727    0.844567    0.104826
   -0.101000   -0.909329    0.412552    0.047938
   -0.399000   -0.900854    0.244266    0.363743
   -0.501000   -0.787998    0.403828    0.459437
   -0.720000    0.617306   -0.219046    0.728574
   -0.408000    0.180977   -0.861626    0.454565
   -0.653000   -0.037455    0.796010    0.590160
    0.128000   -0.988641    0.157443   -0.177262
   -0.443000   -0.367553   -0.787950    0.466007
   -0.526000    0.499276   -0.647589    0.552888
   -0.339000    0.172438    0.954213    0.273631
   -0.728000   -0.232305   -0.603188    0.753395
   -0.343000    0.469100    0.847922    0.293499
    0.389000    0.821409   -0.453896   -0.366287
    0.033000    0.934401   -0.353113   -0.018722
    0.095000    0.160782    0.982009   -0.155639
   -0.729000    0.178277    0.702162    0.674931
   -0.594000   -0.043297   -0.758840    0.609494
   -0.409000    0.263731    0.904574    0.352286
    0.480000    0.113108   -0.873517   -0.455732
   -0.562000   -0.820104    0.186479    0.533582
    0.272000    0.205141   -0.931600   -0.243249
    0.156000   -0.190561    0.974280   -0.222306
   -0.084000    0.464570   -0.867553    0.119391
    0.346000    0.336764    0.873380   -0.408136
   -0.188000   -0.284026   -0.921426    0.219485
   -0.155000   -0.643607    0.757421    0.100393
    0.246000    0.953728   -0.192969   -0.234588
   -0.590000    0.330810    0.767717    0.551315
    0.207000    0.602916   -0.774634   -0.173057
   -0.082000    0.880896   -0.446305    0.105562
    0.069000   -0.087059   -0.987831   -0.039163
    0.541000   -0.081171    0.807184   -0.598076
   -0.355000    0.520722   -0.738203    0.390928
   -0.404000    0.902992    0.028707    0.418479
    0.184000    0.531148    0.832216   -0.236286
   -0.169000   -0.910287    0.399496    0.125929
    0.084000    0.988837   -0.013540   -0.071029
   -0.398000    0.803143    0.446495    0.371048
    0.260000    0.126378   -0.953195   -0.214892
   -0.289000    0.895978   -0.316098    0.309346
    0.441000    0.728063    0.549786   -0.454845
   -0.281000   -0.138718   -0.929400    0.312253
    0.349000   -0.285856    0.877452   -0.403627
    0.523000    0.415347   -0.769752   -0.491246
   -0.592000    0.536427    0.623222    0.561169
   -0.450000    0.859412   -0.149978    0.451937
   -0.432000    0.800652    0.452609    0.418508
   -0.534000   -0.845897   -0.024098    0.507311
   -0.468000   -0.851644    0.267647    0.422101
    0.172000   -0.723744   -0.659990   -0.154725
    0.699000   -0.682512   -0.227490   -0.703350
    0.401000    0.919542   -0.099495   -0.386226
    0.454000    0.643373   -0.629817   -0.414412
    0.077000    0.782446   -0.611733   -0.033121
   -0.204000    0.703310    0.712667    0.177198
    0.202000    0.376743    0.909857   -0.244701
    0.104000   -0.046680    0.999598   -0.178361
    0.174000   -0.794828   -0.551589   -0.166352
    0.218000    0.322147    0.928882   -0.281666
    0.497000    0.856526    0.216877   -0.506059
   -0.206000    0.335181    0.935243    0.164853
    0.121000   -0.489040   -0.856609   -0.097143
   -0.539000   -0.585223    0.665747    0.474436
   -0.707000   -0.649540    0.331247    0.677616
    0.364000    0.021535    0.915169   -0.432427
   -0.195000   -0.133814   -0.947379    0.215627
    0.150000    0.051184    1.004157   -0.219323
    0.284000    0.220142   -0.942852   -0.247038
   -0.146000    0.792144   -0.561495    0.166186
   -0.544000   -0.773301    0.371436    0.509304
    0.207000   -0.699209   -0.677558   -0.188047
    0.629000    0.465713    0.607928   -0.674886
    0.626000   -0.413274    0.641374   -0.675481
    0.405000    0.916325   -0.169702   -0.397915
    0.136000   -0.870129    0.487347   -0.187075
    0.640000    0.526783    0.566016   -0.668894
    0.189000    0.887794    0.423074   -0.207590
    0.655000   -0.549972   -0.539502   -0.652953
    0.604000    0.539962    0.575685   -0.628275
   -0.038000   -0.260698   -0.948754    0.058615
    0.720000   -0.084894    0.658073   -0.763304
   -0.079000    0.139366   -0.976710    0.129614
    0.509000    0.830418   -0.309898   -0.479266
    0.541000    0.596435   -0.630981   -0.520772
   -0.742000    0.517093   -0.381308    0.750328
   -0.688000   -0.023544    0.772598    0.635584
    0.601000   -0.289924   -0.765605   -0.593277
    0.365000    0.018478   -0.938794   -0.329871
    0.165000   -0.804127   -0.563765   -0.171761
   -0.399000    0.003664   -0.884317    0.439626
   -0.625000    0.422235   -0.598654    0.652824
    0.615000    0.790171    0.022541   -0.622646
    0.223000    0.560051    0.785966   -0.266907
   -0.202000    0.168297    0.983565    0.136298
    0.084000   -0.412980   -0.899278   -0.048294
   -0.533000    0.638809   -0.522950    0.554144
    0.541000   -0.767077    0.277334   -0.578467
   -0.253000   -0.951571   -0.204556    0.226315
   -0.347000   -0.191369    0.950749    0.292739
    0.396000   -0.899910   -0.088502   -0.424699
   -0.125000    0.968552   -0.165018    0.133262
    0.222000   -0.379904   -0.898012   -0.185281
    0.398000   -0.627658   -0.683848   -0.377498
   -0.720000    0.018528   -0.640539    0.729401
   -0.300000   -0.963900   -0.074864    0.276133
    0.487000    0.321465   -0.825163   -0.451361
   -0.073000    0.968534   -0.254404    0.099348
    0.628000    0.146815    0.733295   -0.679499
    0.649000   -0.609599   -0.446496   -0.643707
   -0.556000    0.119147   -0.772925    0.582667
   -0.740000   -0.356139    0.624988    0.686657
   -0.091000    0.648807   -0.738676    0.135932
   -0.700000    0.270943   -0.618744    0.726316
    0.368000    0.912754   -0.256764   -0.355155
    0.599000   -0.348702   -0.725440   -0.577095
    0.032000   -0.498123    0.878087   -0.100774
   -0.049000    0.018380    1.013380   -0.002889
   -0.234000   -0.955283   -0.149880    0.216843
    0.393000   -0.786711    0.462818   -0.439800
   -0.590000    0.277874   -0.703867    0.632040
   -0.327000   -0.938775   -0.148898    0.298283
    0.660000   -0.466905    0.545664   -0.710215
    0.645000    0.170647   -0.772302   -0.614256
   -0.506000    0.403670   -0.725704    0.545164
   -0.131000    0.694382   -0.688947    0.168960
    0.593000   -0.404979    0.656087   -0.642259
   -0.314000   -0.504867   -0.781763    0.319148
    0.611000    0.510308   -0.626164   -0.593929
   -0.656000   -0.428980    0.684343    0.608393
    0.722000   -0.592692    0.290256   -0.755387
    0.674000    0.653583   -0.379374   -0.661100
    0.474000   -0.467919    0.720150   -0.524822
   -0.279000   -0.885272   -0.375619    0.255961
   -0.722000   -0.257954    0.706965    0.681250
    0.362000   -0.377884   -0.848058   -0.347785
    0.199000   -0.952398    0.196067   -0.241102
   -0.641000    0.370119    0.702480    0.608770
    0.201000    0.882485    0.441179   -0.207419
   -0.015000    0.919844   -0.384578    0.030544
    0.492000    0.264084   -0.829299   -0.461721
    0.525000   -0.713651    0.420934   -0.567991
   -0.602000   -0.368071   -0.671160    0.611450
    0.312000    0.723562    0.608801   -0.327790
   -0.730000    0.460305    0.547267    0.708088
   -0.735000   -0.479422   -0.456084    0.734327
    0.338000   -0.857285    0.365599   -0.384330
   -0.182000   -0.349777    0.947445    0.121426
    0.562000    0.483765    0.659487   -0.590525
   -0.491000    0.775779    0.384586    0.474259
    0.216000    0.911188    0.357857   -0.225605
   -0.428000   -0.720541    0.577752    0.361264
    0.626000   -0.665428    0.358398   -0.660608
   -0.625000   -0.510840    0.630249    0.577689
   -0.374000   -0.926845   -0.049544    0.348437
    0.609000    0.390947    0.667694   -0.657221
   -0.086000    0.525788   -0.825973    0.120577
    0.419000    0.755909   -0.526646   -0.393476
    0.223000    0.339885   -0.923063   -0.179837
   -0.027000   -0.912001   -0.421314    0.005828
   -0.328000    0.377475   -0.842246    0.362636
   -0.197000   -0.840036   -0.494361    0.197020
    0.057000    0.597186    0.823703   -0.102898
   -0.288000   -0.942286    0.164827    0.259580
    0.363000   -0.321227   -0.878803   -0.339375
   -0.214000   -0.943872   -0.224230    0.185637
   -0.144000   -0.905984   -0.397991    0.144860
    0.627000    0.373857    0.673269   -0.667012
   -0.023000    0.932435    0.350822    0.010300
    0.678000    0.150185   -0.741475   -0.642184
    0.168000    0.900320    0.397027   -0.171971
    0.297000   -0.931095   -0.176351   -0.325301
   -0.305000   -0.940319    0.137517    0.264803
   -0.011000    0.908169   -0.413733    0.029725
   -0.215000    0.849299    0.479669    0.197430
   -0.639000   -0.081529   -0.723417    0.666473
    0.290000    0.498180   -0.833169   -0.256855
    0.574000    0.079596    0.787216   -0.627267
   -0.419000    0.880058    0.212502    0.422423
   -0.276000    0.902423    0.370431    0.266588
   -0.405000   -0.718352    0.619352    0.352227
    0.197000    0.480951   -0.855700   -0.160250
   -0.400000   -0.788207    0.527655    0.336352
    0.643000   -0.033869   -0.795291   -0.611705
   -0.607000   -0.347553    0.766633    0.552340
   -0.686000    0.081913   -0.663745    0.721474
   -0.439000    0.836175    0.336616    0.422209
   -0.337000   -0.062142   -0.906298    0.372631
    0.420000   -0.834444    0.331338   -0.457395
    0.425000   -0.874741   -0.180767   -0.447733
   -0.705000    0.564437    0.442453    0.687360
   -0.016000    0.206112   -0.954151    0.058740
   -0.136000   -0.218357    0.974310    0.070544
   -0.626000    0.724672   -0.218759    0.639482
    0.468000    0.093231   -0.887075   -0.444283
   -0.023000   -0.085302   -0.973559    0.060272
   -0.387000    0.757842    0.539271    0.369866
   -0.443000   -0.216258   -0.845463    0.468842
    0.470000   -0.731635   -0.497289   -0.469316
    0.366000    0.887090   -0.268952   -0.352741
   -0.165000   -0.967884   -0.144998    0.150613
   -0.566000    0.683967   -0.413107    0.583831
    0.225000   -0.836029   -0.510064   -0.228184
    0.737000    0.633968    0.266904   -0.760345
    0.002000    0.048298   -0.978868    0.033329
    0.070000   -0.989718   -0.124324   -0.097236
    0.551000    0.463922    0.670605   -0.582547
    0.357000   -0.416126    0.821248   -0.427330
    0.172000   -0.959663    0.167133   -0.210069
    0.683000    0.173086    0.685802   -0.718694
   -0.738000   -0.636374   -0.210199    0.716873
    0.122000   -0.457068    0.872727   -0.188869
    0.387000   -0.045475   -0.936605   -0.348343
   -0.532000    0.206082   -0.771270    0.556676
   -0.563000   -0.824691   -0.127581    0.543331
    0.228000   -0.758391   -0.601521   -0.228256
    0.422000    0.645656    0.632220   -0.442904
    0.687000    0.241089   -0.704936   -0.671070
   -0.686000    0.135871    0.745592    0.643048
    0.522000    0.843864   -0.217137   -0.503026
    0.134000    0.868003   -0.460363   -0.105357
   -0.679000   -0.241201    0.748509    0.615504
    0.014000    0.129780   -0.980133    0.030310
   -0.478000   -0.551640   -0.644466    0.483162
    0.541000   -0.404879   -0.753202   -0.527836
   -0.448000    0.293930   -0.808849    0.490611
    0.743000    0.632287   -0.276147   -0.719680
    0.440000   -0.839737    0.286400   -0.472112
   -0.362000   -0.853140    0.399709    0.311162
   -0.382000   -0.121177   -0.881144    0.403081
   -0.076000    0.457498   -0.867668    0.110732
    0.015000   -0.925870   -0.364973   -0.015812
   -0.562000    0.799114    0.250853    0.562876
    0.071000   -0.725222    0.698422   -0.129331
    0.616000   -0.144733   -0.798592   -0.604837
   -0.676000    0.731578    0.034738    0.669642
   -0.490000    0.210298    0.873708    0.441153
    0.738000   -0.413343   -0.537585   -0.731322
   -0.117000   -0.202138   -0.948229    0.149022
   -0.571000    0.530259    0.659195    0.549215
    0.207000    0.545003    0.821837   -0.251163
    0.029000   -0.137731   -0.978852   -0.001470
    0.150000   -0.612143   -0.780427   -0.137228
   -0.320000   -0.912319   -0.278480    0.313036
   -0.191000   -0.670491   -0.687858    0.193214
    0.699000    0.645254   -0.376630   -0.684015
   -0.216000    0.607009   -0.731875    0.259032
   -0.157000   -0.024800   -0.974635    0.193465
   -0.250000    0.924227   -0.248967    0.277529
   -0.464000   -0.900813   -0.050078    0.429856
    0.722000    0.634972    0.273394   -0.726025
   -0.355000   -0.317298   -0.860857    0.376604
    0.472000    0.460200    0.739109   -0.500374
   -0.742000    0.261508    0.661450    0.692257
    0.601000    0.493596    0.628925   -0.640307
    0.514000   -0.810128   -0.265668   -0.540738
    0.518000   -0.481301    0.679797   -0.586234
    0.712000    0.491256    0.499528   -0.744326
    0.166000   -0.335001   -0.923890   -0.144697
   -0.140000    0.410787    0.923705    0.095971
    0.525000    0.449689   -0.752399   -0.502087
   -0.705000    0.027210    0.764649    0.655328
   -0.096000    0.473126    0.899189    0.042140
    0.740000    0.590262   -0.376641   -0.717747
    0.360000    0.671993   -0.656343   -0.331067
   -0.004000    1.011141    0.097952   -0.001329
   -0.056000   -0.216119    0.974211   -0.001851
    0.112000   -0.401592    0.902446   -0.174404
    0.268000   -0.016785    0.947280   -0.319779
    0.381000    0.691841    0.619908   -0.418792
    0.395000   -0.096913    0.902757   -0.444883
    0.516000   -0.330185   -0.799081   -0.485683
    0.742000    0.692425   -0.105765   -0.739989
    0.026000   -0.597298   -0.789156   -0.014801
   -0.014000   -0.958069    0.280971   -0.037207
   -0.748000   -0.550264    0.436078    0.707629
    0.116000   -0.247902   -0.959948   -0.090515
   -0.141000   -0.923013    0.386805    0.080246
   -0.499000    0.612440   -0.568234    0.529853
    0.380000    0.904784    0.203735   -0.387883
    0.084000    0.995069    0.082442   -0.074849
   -0.127000   -0.687791   -0.692833    0.135804
   -0.713000    0.648661    0.297044    0.709417
    0.560000    0.717825   -0.468890   -0.545268
    0.231000    0.814469   -0.546176   -0.191003
    0.235000   -0.693277    0.679652   -0.285457
    0.592000   -0.121567    0.770298   -0.637122
   -0.570000   -0.626602   -0.519532    0.565957
    0.554000   -0.416322   -0.716582   -0.549927
    0.165000    0.990159    0.099171   -0.174313
    0.635000    0.439504   -0.660475   -0.609787
   -0.468000    0.770712    0.432918    0.451079
   -0.655000    0.416379    0.671560    0.628793
   -0.572000   -0.768699    0.333288    0.539197
   -0.064000   -0.760724    0.678769   -0.004094
    0.716000    0.057025   -0.726537   -0.683512
   -0.713000   -0.560679    0.497973    0.661266
   -0.723000   -0.095217    0.726181    0.669913
    0.414000   -0.451166    0.779746   -0.466301
    0.011000    0.206420    0.996903   -0.057984
    0.439000    0.529863    0.720078   -0.486343
    0.354000    0.533295   -0.784527   -0.316904
   -0.355000   -0.925171    0.222810    0.312976
    0.471000   -0.182791    0.841452   -0.538966
   -0.263000   -0.660967    0.739117    0.213219
   -0.385000    0.185165   -0.862433    0.412580
   -0.203000    0.627612   -0.729597    0.248063
    0.214000    0.778399    0.592589   -0.241743
   -0.583000    0.009732    0.856403    0.537996
    0.479000   -0.131445   -0.881484   -0.456249
    0.112000   -0.042238    0.994442   -0.172912
    0.147000   -0.736223    0.651580   -0.213508
    0.510000    0.606557   -0.645936   -0.470863
    0.290000   -0.944611    0.139236   -0.321784
    0.707000   -0.194086   -0.706955   -0.693358
   -0.470000   -0.366347    0.853252    0.399654
   -0.173000   -0.667338   -0.686445    0.188310
    0.152000   -0.736665   -0.655341   -0.159247
   -0.669000    0.542070   -0.438539    0.684253
   -0.215000    0.971327    0.101307    0.221140
   -0.275000   -0.796237   -0.517185    0.277734
   -0.151000   -0.531637   -0.809921    0.164563
   -0.567000   -0.021463    0.864625    0.511743
   -0.068000    0.623452    0.782956    0.033145
    0.397000   -0.476059    0.779486   -0.451392
    0.568000   -0.807484   -0.127490   -0.597506
   -0.594000    0.639579   -0.429114    0.608173
   -0.101000    0.950043    0.331749    0.085447
    0.398000   -0.411993    0.802033   -0.451818
    0.362000   -0.086787    0.910495   -0.411678
    0.624000   -0.746669   -0.165053   -0.638949
    0.515000    0.470871   -0.730571   -0.471170
    0.664000    0.438765    0.588561   -0.689229
   -0.194000    0.940509    0.310650    0.187413
    0.006000   -0.798121    0.618046   -0.057864
   -0.347000   -0.924741    0.230083    0.316571
   -0.173000    0.277910   -0.935964    0.210863
    0.496000   -0.402961   -0.782614   -0.488590
   -0.478000   -0.794742   -0.374442    0.463345
   -0.598000    0.739988    0.313857    0.582967
    0.083000   -0.388449    0.931933   -0.151343
    0.458000    0.887696    0.117682   -0.450978
   -0.088000   -0.005456    1.005603    0.033777
    0.490000    0.639899   -0.607380   -0.465230
    0.054000   -0.382761    0.927053   -0.124625
   -0.114000   -0.983590   -0.174202    0.088063
    0.058000    0.605117    0.809976   -0.087481
    0.250000    0.152336   -0.949840   -0.208652
    0.431000   -0.827937   -0.369244   -0.431152
   -0.006000   -0.577019    0.832332   -0.056627
    0.100000    0.766479   -0.636508   -0.057864
   -0.065000    0.800692    0.628998    0.046901
   -0.121000   -0.900848   -0.414050    0.109693
    0.476000   -0.379942   -0.793590   -0.447999
    0.054000   -0.712445    0.705161   -0.106941
    0.419000   -0.130221   -0.905687   -0.393522
    0.033000   -0.526704    0.843633   -0.100533
    0.399000    0.777896   -0.510347   -0.360372
   -0.631000    0.350431    0.731489    0.586932
   -0.516000    0.393455   -0.728699    0.556898
    0.215000    0.053087    0.979267   -0.273792
   -0.329000    0.498328    0.827237    0.279830
   -0.573000    0.513499    0.670894    0.532838
   -0.429000    0.550665   -0.677767    0.465920
   -0.574000   -0.762650   -0.267922    0.568080
   -0.174000   -0.275244   -0.928860    0.214835
   -0.666000    0.290367    0.733728    0.613790
   -0.460000    0.406859    0.816119    0.407014
   -0.373000   -0.933593   -0.025760    0.334231
   -0.698000   -0.707307    0.266833    0.651276
    0.360000   -0.547562   -0.758961   -0.347225
    0.008000    0.047213   -0.979722    0.031570
   -0.613000   -0.788441   -0.102426    0.596313
   -0.170000   -0.619519   -0.763911    0.178801
   -0.330000    0.415858    0.883011    0.282012
   -0.750000   -0.680810    0.102992    0.727546
    0.065000   -0.365196    0.944599   -0.138859
    0.140000   -0.615538    0.785574   -0.197211
    0.603000    0.242277    0.753944   -0.638673
   -0.369000    0.885110   -0.237155    0.397680
    0.709000   -0.499648   -0.489202   -0.697036
   -0.197000    0.951695    0.293792    0.190973
   -0.717000   -0.555075    0.503449    0.664816
    0.565000   -0.380364   -0.732088   -0.552068
    0.737000   -0.383701    0.520664   -0.790322
   -0.571000   -0.590300    0.609558    0.511665
   -0.469000    0.874566   -0.013605    0.483837
   -0.600000    0.449331    0.690999    0.552417
    0.349000   -0.933841    0.090863   -0.374870
    0.028000    0.643759    0.787401   -0.076476
   -0.636000    0.452195   -0.572179    0.662996
   -0.694000    0.692954   -0.084999    0.697578
    0.664000    0.620064   -0.463632   -0.640459
    0.335000   -0.211765   -0.924417   -0.310264
    0.013000    0.520806   -0.840824    0.029097
    0.508000    0.484654   -0.730396   -0.471228
    0.293000    0.378688   -0.880000   -0.259918
   -0.324000    0.841192   -0.401135    0.360536
   -0.266000   -0.666468    0.721042    0.213446
    0.275000    0.968304    0.103698   -0.268206
    0.026000    0.996149   -0.002559   -0.024019
    0.389000   -0.867076    0.271663   -0.427063
   -0.749000   -0.644289    0.272041    0.711647
   -0.493000   -0.856407   -0.096141    0.463490
   -0.432000    0.756368    0.495219    0.403530
    0.508000    0.669349    0.525677   -0.532571
   -0.218000   -0.984070   -0.015734    0.196196
    0.323000   -0.153072    0.920580   -0.391046
    0.681000    0.652775   -0.360098   -0.656883
    0.004000   -0.962733   -0.232432   -0.011938
    0.050000    0.938877    0.332340   -0.067134
   -0.643000   -0.259470    0.766721    0.587800
    0.069000   -0.362755    0.946104   -0.140526
   -0.204000    0.780567    0.619372    0.184506
    0.368000   -0.856827   -0.370624   -0.386515
   -0.510000    0.587858    0.660748    0.465186
    0.750000   -0.392609   -0.533841   -0.741378
    0.308000    0.918321   -0.253191   -0.279595
    0.503000    0.763093   -0.428221   -0.474679
    0.735000   -0.313969   -0.616447   -0.734994
   -0.148000   -0.060691   -0.951910    0.181827
    0.093000    0.397831    0.913734   -0.152142
   -0.072000    0.499048   -0.834095    0.103490
    0.585000   -0.772651   -0.184833   -0.614460
   -0.117000    0.917174    0.407942    0.109094
   -0.283000    0.940318   -0.122350    0.295396
   -0.080000   -0.711671    0.721395    0.023416
    0.361000   -0.908063   -0.172766   -0.375923
   -0.097000    0.638031    0.776710    0.047652
   -0.510000   -0.146896   -0.820806    0.526661
    0.487000   -0.735965   -0.463371   -0.499029
    0.100000    0.842938    0.555041   -0.121760
   -0.204000    0.680813   -0.690654    0.232733
   -0.065000   -0.877186    0.495068    0.005114
    0.268000    0.312871   -0.924595   -0.224969
    0.689000   -0.485457    0.496693   -0.732988
   -0.612000   -0.128981   -0.741552    0.645416
    0.727000    0.159009   -0.688565   -0.695482
    0.091000   -0.751006   -0.657590   -0.073700
   -0.187000   -0.120676   -0.938225    0.227527
    0.674000   -0.296375    0.648397   -0.737338
   -0.448000    0.846320    0.342112    0.436024
    0.741000    0.670282   -0.172368   -0.738345
   -0.646000   -0.726239   -0.202877    0.624908
   -0.223000    0.758500    0.646816    0.196164
    0.719000   -0.664530   -0.118601   -0.738304
   -0.671000   -0.304395   -0.648011    0.675781
    0.135000   -0.504669    0.849675   -0.208583
   -0.396000   -0.636888   -0.623319    0.392439
    0.347000   -0.888007    0.260900   -0.381642
   -0.447000   -0.894718   -0.078829    0.411629
   -0.702000    0.448911   -0.491483    0.731021
   -0.367000    0.390276   -0.806029    0.411065
   -0.080000    0.830369   -0.532983    0.111716
   -0.382000    0.870163   -0.276350    0.399205
    0.452000    0.693320    0.565945   -0.472530
   -0.225000   -0.878317    0.464004    0.160174
    0.354000    0.402866   -0.840848   -0.309753
    0.483000    0.887803   -0.132307   -0.459308
    0.495000    0.085271   -0.873665   -0.450432
   -0.080000   -0.575290   -0.804874    0.099210
    0.161000   -0.399707    0.906519   -0.231551
   -0.708000    0.641112   -0.173479    0.713377
    0.565000   -0.557345    0.588208   -0.606873
   -0.385000    0.750404   -0.493875    0.401851
   -0.089000   -1.005948   -0.004244    0.065964
    0.125000    0.605918    0.807502   -0.163522
    0.315000    0.253567    0.911354   -0.356502
    0.028000    0.940277    0.357866   -0.036045
    0.307000   -0.878072   -0.370312   -0.330359
    0.721000    0.071947    0.672591   -0.776115
    0.459000   -0.582358   -0.670634   -0.452213
    0.711000    0.711321   -0.176874   -0.706322
    0.591000   -0.251409    0.731087   -0.645461
    0.397000   -0.813392   -0.436607   -0.402874
    0.224000    0.896928   -0.372812   -0.208334
    0.662000    0.440719    0.604853   -0.692658
   -0.747000    0.533904    0.427455    0.731095
    0.343000   -0.504532   -0.806767   -0.335774
   -0.326000    0.769541   -0.534062    0.361804
   -0.741000    0.320044    0.629165    0.711625
   -0.727000    0.671706    0.074823    0.718942
   -0.047000   -0.807240   -0.574025    0.058560
    0.329000   -0.812933    0.442864   -0.369031
    0.050000    0.833135    0.553506   -0.076312
   -0.341000   -0.903062    0.337618    0.294205
    0.666000   -0.258809    0.669661   -0.711135
    0.489000   -0.362495    0.780557   -0.548098
    0.649000    0.607433    0.445228   -0.662838
   -0.541000    0.825352    0.142243    0.537452
    0.160000    0.360458   -0.912075   -0.119405
    0.438000   -0.647268    0.617948   -0.488537
   -0.059000    0.985790   -0.096127    0.076114
   -0.070000    0.233957   -0.938390    0.120330
   -0.395000   -0.299409   -0.842800    0.423890
   -0.260000    0.893380    0.409707    0.236612
    0.203000    0.867893   -0.434990   -0.175594
   -0.034000    0.682805    0.728953   -0.009080
    0.068000   -0.960063   -0.271419   -0.082208
    0.270000    0.961506   -0.094237   -0.259457
    0.679000    0.384548   -0.645530   -0.658761
   -0.380000   -0.858048    0.388329    0.334494
    0.071000    0.626459    0.788120   -0.116752
    0.349000   -0.452028    0.816361   -0.404522
    0.277000    0.041747    0.967543   -0.332170
    0.009000   -0.376699   -0.908581    0.028219
   -0.033000    1.001269    0.091559    0.030034
    0.476000   -0.407473   -0.774958   -0.468490
   -0.387000   -0.916871   -0.118910    0.353219
   -0.440000    0.300289    0.865907    0.388306
   -0.545000    0.817906   -0.075101    0.557728
   -0.697000    0.672501    0.250606    0.682011
   -0.049000    0.796834    0.626903    0.020166
   -0.608000    0.743662    0.290385    0.609151
    0.261000    0.973084   -0.074284   -0.258090
   -0.253000    0.172672    0.970495    0.205890
   -0.087000   -0.953999    0.285561    0.047877
   -0.195000   -0.016554   -0.963690    0.238211
    0.125000   -0.566176   -0.806542   -0.120495
   -0.040000    0.995334    0.122093    0.039906
   -0.609000   -0.159502   -0.740325    0.620436
    0.497000    0.220851    0.833290   -0.558236
    0.137000    0.964013   -0.241610   -0.109871
   -0.059000   -0.734696    0.681290   -0.000903
   -0.290000    0.484321   -0.806383    0.327088
    0.439000    0.041781    0.892260   -0.501443
    0.407000   -0.814041   -0.379108   -0.417311
   -0.099000    0.480306   -0.845392    0.133038
    0.370000    0.129910    0.913196   -0.426104
    0.147000    0.926262   -0.361322   -0.116027
   -0.459000   -0.880000    0.183061    0.427211
   -0.629000   -0.639911   -0.407318    0.623159
   -0.207000   -0.791492    0.612713    0.140181
    0.273000    0.717392   -0.648982   -0.226766
   -0.201000   -0.456882    0.898930    0.143377
    0.556000   -0.713605   -0.430098   -0.567629
   -0.438000   -0.059809   -0.867755    0.458224
   -0.263000    0.751768    0.622276    0.246338
    0.117000    0.697103   -0.717164   -0.081668
    0.077000   -0.508283    0.849699   -0.135872
    0.286000    0.846655    0.455512   -0.299727
    0.547000   -0.735561   -0.404641   -0.552802
   -0.070000   -0.982526   -0.212546    0.052013
    0.348000    0.676670    0.666592   -0.382071
    0.671000    0.302604    0.658981   -0.711643
   -0.503000    0.368772   -0.729101    0.534794
    0.306000    0.712794    0.638427   -0.348607
   -0.051000   -0.732468   -0.653926    0.067721
   -0.183000    0.320912    0.948187    0.140649
    0.728000    0.409422    0.539739   -0.758859
    0.657000   -0.670678    0.264482   -0.693075
    0.192000    0.727535    0.680403   -0.217757
   -0.023000   -0.054226   -0.988047    0.056100
   -0.492000   -0.849436   -0.204137    0.464999
    0.485000    0.875778    0.127849   -0.494043
    0.257000   -0.042910    0.973664   -0.310221
   -0.649000   -0.766796   -0.008181    0.611689
   -0.666000    0.361031   -0.611649    0.690055
    0.123000    0.987113    0.112853   -0.114835
    0.496000    0.706835   -0.533922   -0.456894
   -0.066000    0.513579   -0.849802    0.112386
    0.078000    0.038185    1.013747   -0.140920
   -0.212000    0.897187   -0.381245    0.226525
   -0.744000   -0.515835    0.502208    0.692953
   -0.464000    0.448249   -0.717318    0.491430
   -0.318000    0.863463    0.383053    0.305522
    0.414000    0.459427   -0.788553   -0.383096
   -0.236000   -0.962283   -0.154856    0.210500
   -0.409000   -0.036026   -0.886440    0.449785
    0.170000    0.587401   -0.793406   -0.140732
    0.142000   -0.510193   -0.835986   -0.130493
    0.111000   -0.730858   -0.649928   -0.107468
   -0.379000    0.657956    0.686045    0.336908
   -0.439000   -0.596189    0.712436    0.371553
   -0.285000   -0.619252    0.758364    0.219081
   -0.186000   -0.032202    0.999227    0.124430
   -0.302000   -0.938279    0.281162    0.254075
    0.364000    0.772919    0.516112   -0.397372
    0.284000   -0.660876    0.698606   -0.339085
    0.503000    0.025548   -0.875796   -0.476807
    0.222000   -0.952635   -0.159846   -0.238165
    0.151000   -0.907773   -0.362750   -0.157669
    0.409000   -0.785615   -0.475199   -0.401838
   -0.626000    0.216373   -0.699976    0.649887
    0.140000   -0.116549    0.997664   -0.201417
    0.035000    0.977048    0.272896   -0.038509
   -0.157000    0.990648   -0.068103    0.160707
   -0.359000    0.770803    0.562551    0.330674
   -0.254000   -0.563454    0.812676    0.177635
    0.154000   -0.826509   -0.525247   -0.149369
    0.643000    0.182128   -0.765579   -0.606976
   -0.189000   -0.841807    0.523532    0.137186
    0.149000   -0.883124    0.430363   -0.206544
    0.192000    0.660001   -0.713838   -0.147382
    0.741000   -0.620318    0.174950   -0.773336
    0.117000   -0.033257   -0.981074   -0.078465
    0.552000    0.798134   -0.328556   -0.535574
   -0.639000   -0.660779    0.462407    0.593589
    0.276000   -0.322091   -0.905350   -0.245228
   -0.594000    0.105617    0.829912    0.553690
   -0.122000    0.359733   -0.903492    0.166811
   -0.086000   -0.151532   -0.968454    0.130474
    0.362000    0.444448   -0.815012   -0.315534
   -0.145000    0.960559   -0.211059    0.163384
   -0.064000   -0.276181   -0.933129    0.099237
    0.517000    0.826081    0.201162   -0.512628
   -0.002000    0.962596    0.259580   -0.012899
   -0.168000    0.471531    0.900030    0.114346
    0.540000   -0.784099   -0.268841   -0.554681
   -0.185000   -0.053046    0.991775    0.114182
    0.650000   -0.717914   -0.258353   -0.675062
   -0.670000    0.643007    0.395456    0.663994
   -0.257000   -0.035760    0.977191    0.195309
   -0.522000   -0.451644    0.777695    0.453120
    0.384000   -0.003928   -0.927393   -0.361382
   -0.116000   -0.985804   -0.050023    0.076333
    0.693000   -0.410104    0.572384   -0.734907
   -0.477000    0.745714   -0.407878    0.496596
    0.206000   -0.499795    0.833045   -0.273442
    0.507000    0.847506    0.174642   -0.501597
   -0.717000    0.003420   -0.645076    0.728982
    0.238000    0.340838   -0.921314   -0.206856
    0.117000   -0.917988   -0.364079   -0.123436
    0.226000   -0.561226    0.796329   -0.293345
    0.325000    0.287778    0.889134   -0.380457
   -0.613000    0.075163   -0.751922    0.642803
   -0.033000   -0.463952    0.905818   -0.034115
   -0.675000    0.671900    0.317566    0.673185
    0.080000   -0.979428    0.087733   -0.112719
   -0.325000   -0.926729   -0.114771    0.298733
   -0.497000    0.065623    0.896251    0.439841
    0.683000    0.688943    0.224663   -0.686193
   -0.728000   -0.551994   -0.378186    0.724780
    0.663000   -0.641455    0.336119   -0.703804
    0.164000    0.453050    0.879642   -0.220242
    0.133000   -0.589963    0.795145   -0.194321
   -0.160000   -0.741109    0.669341    0.094696
   -0.586000    0.515641   -0.568030    0.614464
   -0.308000    0.942353   -0.028120    0.323440
    0.488000   -0.276833   -0.826436   -0.459257
   -0.325000   -0.939811    0.192675    0.276940
   -0.322000    0.935332   -0.141842    0.344885
    0.294000   -0.055201    0.946444   -0.347984
   -0.045000   -0.823775    0.577669   -0.017894
   -0.137000    0.928127    0.325308    0.133926
    0.055000   -0.933269    0.357882   -0.100639
   -0.278000    0.959940    0.015572    0.290247
   -0.202000    0.861076   -0.469564    0.222311
   -0.411000    0.717984   -0.517946    0.435235
    0.549000    0.424817    0.695311   -0.576110
    0.443000    0.803670    0.426566   -0.464965
   -0.044000   -0.004084    1.014427   -0.027633
    0.736000    0.113223    0.641539   -0.768305
    0.060000   -0.866625    0.505000   -0.110825
   -0.220000   -0.182589    0.971424    0.165293
    0.210000   -0.056139    0.974947   -0.260048
    0.401000   -0.688401   -0.589651   -0.388607
    0.659000    0.464685    0.579321   -0.695612
   -0.296000   -0.740341   -0.593740    0.294070
   -0.471000   -0.242659    0.876780    0.415421
   -0.288000   -0.957065   -0.051536    0.264005
    0.514000    0.869921   -0.061176   -0.510666
   -0.730000   -0.686500    0.190474    0.691999
   -0.382000    0.569595    0.757455    0.348777
   -0.748000   -0.655203    0.214148    0.701001
   -0.203000    0.804742   -0.552630    0.238820
   -0.547000    0.538812    0.675867    0.511402
   -0.263000   -0.929238    0.279020    0.223388
    0.278000    0.780423   -0.554667   -0.255709
    0.265000   -0.646813    0.701137   -0.334205
    0.625000    0.583389    0.503116   -0.649391
   -0.146000   -0.329450   -0.901411    0.175247
   -0.035000    0.737553    0.699432   -0.002360
    0.640000   -0.534153    0.517361   -0.690250
    0.480000    0.870545    0.123318   -0.492596
   -0.588000   -0.412164   -0.666918    0.594514
    0.584000    0.653677    0.479016   -0.605428
    0.439000    0.540547    0.702474   -0.466195
    0.479000   -0.435766   -0.758336   -0.451720
    0.023000    0.183884    1.002811   -0.085044
   -0.498000   -0.692864   -0.492328    0.505497
    0.351000   -0.662998   -0.647583   -0.355116
   -0.634000   -0.788296   -0.078069    0.618510
   -0.011000   -0.285404   -0.938860    0.045172
   -0.562000    0.683756   -0.416297    0.575845
   -0.346000   -0.295626    0.917974    0.280279
    0.629000   -0.692471    0.316082   -0.680807
   -0.318000   -0.109718   -0.915286    0.350053
   -0.271000    0.733360   -0.592465    0.310707
    0.704000    0.534069    0.472000   -0.722688
    0.616000   -0.740828    0.232778   -0.648636
    0.624000    0.024220    0.755313   -0.676549
   -0.718000    0.166489   -0.626123    0.744287
    0.431000    0.709093    0.562595   -0.458460
    0.648000   -0.353992    0.630340   -0.707821
   -0.446000    0.242739   -0.822812    0.473246
   -0.290000    0.286139   -0.885364    0.337563
   -0.733000   -0.628575    0.339272    0.701156
   -0.016000    0.906836   -0.386572    0.036692
    0.416000   -0.809683   -0.410348   -0.424730
    0.502000    0.725895    0.460477   -0.517032
   -0.461000    0.540584    0.726421    0.430055
   -0.698000    0.674791    0.214779    0.686620
    0.663000    0.601050    0.457678   -0.693938
    0.085000    0.053217   -0.979649   -0.059149
   -0.219000   -0.691413    0.720070    0.161651
   -0.193000   -0.518999   -0.803873    0.220916
    0.054000    0.993150   -0.133510   -0.030232
    0.465000   -0.649600    0.578711   -0.523766
    0.022000    0.420997   -0.900555    0.026411
   -0.478000   -0.889056    0.051323    0.445013
    0.142000    0.192529   -0.969387   -0.095468
    0.697000    0.056442    0.692819   -0.743968
    0.545000    0.367628   -0.769018   -0.518456
   -0.477000    0.592561    0.689270    0.445029
    0.461000    0.882659   -0.092086   -0.456331
   -0.571000    0.662568    0.522745    0.542386
    0.520000    0.438726    0.716393   -0.551715
   -0.250000   -0.540745    0.833802    0.189759
   -0.669000    0.722806    0.155719    0.676015
   -0.365000    0.727056    0.591782    0.333799
    0.557000    0.395625    0.725259   -0.594817
    0.741000   -0.634021   -0.194575   -0.753212
    0.272000    0.509952    0.818243   -0.315920
   -0.101000    0.927959    0.382461    0.077292
   -0.531000    0.421454   -0.696715    0.566173
   -0.319000    0.004518    0.970676    0.264592
   -0.706000   -0.523613    0.543546    0.659490
   -0.474000   -0.699054   -0.526300    0.483168
   -0.192000    0.293215    0.950397    0.134486
   -0.133000    0.945697   -0.308438    0.164108
   -0.634000   -0.452729    0.683905    0.584025
   -0.065000   -0.802178    0.621985    0.007535
   -0.202000    0.086100   -0.947352    0.233488
    0.722000    0.555425    0.402514   -0.737942
    0.002000   -0.934049    0.348394   -0.055757
   -0.438000   -0.896193   -0.051666    0.402195
   -0.640000   -0.350256    0.737143    0.596748
    0.224000    0.841827   -0.482520   -0.186474
    0.005000    0.887026    0.466611   -0.033254
   -0.364000   -0.745634    0.604276    0.305876
    0.575000    0.192624    0.777585   -0.624645
   -0.714000    0.669563   -0.065943    0.714123
    0.253000    0.234248   -0.943832   -0.208076
   -0.001000   -1.003483   -0.033448   -0.040764
   -0.285000   -0.948550    0.034448    0.255103
    0.065000    0.956154    0.300477   -0.075396
    0.382000    0.669815   -0.664636   -0.339342
   -0.069000   -0.743507   -0.660537    0.062389
    0.275000    0.654351    0.706716   -0.305351
   -0.140000   -0.984484    0.201449    0.100687
    0.301000   -0.766079    0.556347   -0.356369
   -0.523000   -0.607700    0.647235    0.473407
    0.619000   -0.771836   -0.078480   -0.633049
    0.439000    0.721451   -0.564012   -0.419464
    0.155000   -0.960634   -0.214834   -0.184935
   -0.672000   -0.529694    0.588523    0.609002
   -0.290000    0.835964   -0.426773    0.315944
    0.436000   -0.820458    0.316731   -0.488492
   -0.644000   -0.321032    0.734232    0.584118
   -0.152000   -0.422924    0.919166    0.084187
    0.712000   -0.333042   -0.625814   -0.709588
   -0.541000   -0.215288   -0.776049    0.565304
   -0.560000   -0.197614    0.852566    0.494905
   -0.325000   -0.032752    0.970632    0.269974
   -0.467000   -0.637120   -0.573107    0.472811
   -0.334000   -0.389614   -0.836801    0.368023
    0.653000    0.418831   -0.667612   -0.612903
    0.222000   -0.700089    0.682469   -0.292288
    0.565000   -0.127187    0.791423   -0.615486
   -0.410000    0.813926   -0.386654    0.425465
    0.314000   -0.942913    0.058608   -0.352480
    0.430000    0.762507   -0.520572   -0.410727
   -0.484000   -0.542483    0.716656    0.422797
   -0.580000   -0.306224    0.798483    0.521624
    0.119000    0.980876   -0.187333   -0.093180
   -0.724000   -0.702472    0.036043    0.686992
    0.350000    0.917477   -0.185016   -0.342868
   -0.453000   -0.455657   -0.743662    0.456773
   -0.500000   -0.804276   -0.293578    0.494779
   -0.738000   -0.664208    0.151005    0.697411
    0.365000   -0.507200    0.778701   -0.422710
   -0.504000   -0.839383    0.294551    0.469132
    0.527000   -0.131315   -0.850938   -0.505269
    0.104000    0.987620   -0.088047   -0.103467
   -0.395000    0.819992   -0.377615    0.428707
    0.568000    0.213627    0.790846   -0.628116
   -0.437000   -0.757489   -0.463785    0.424049
   -0.605000   -0.652228    0.525241    0.557246
    0.264000   -0.941660   -0.146787   -0.297889
   -0.585000    0.012419    0.839614    0.539373
   -0.743000    0.058806    0.726943    0.704743
    0.715000    0.422513   -0.585869   -0.697492
   -0.724000    0.088147    0.735019    0.666810
    0.308000    0.913475   -0.315792   -0.293404
    0.719000   -0.182074    0.644079   -0.778444
   -0.699000   -0.132245   -0.661432    0.716551
    0.539000   -0.101693   -0.838839   -0.515765
   -0.120000   -0.077031    1.004830    0.057259
    0.407000    0.376979   -0.852397   -0.358676
   -0.486000   -0.885064    0.114018    0.445658
    0.037000   -0.863097    0.499305   -0.100003
   -0.169000   -0.967280   -0.189265    0.142736
    0.112000   -0.019191   -0.988263   -0.085355
   -0.320000    0.831006    0.488122    0.290451
   -0.161000    0.914274   -0.343992    0.192787
    0.192000   -0.836474   -0.494762   -0.201228
   -0.640000    0.633756   -0.360792    0.655915
   -0.238000    0.949863    0.237606    0.223357
   -0.215000   -0.884641    0.443980    0.165835
    0.154000   -0.676963    0.727056   -0.212788
   -0.042000    0.942008   -0.353324    0.064807
   -0.296000   -0.933985    0.228955    0.254030
    0.625000    0.546327    0.550758   -0.657052
    0.242000    0.753100   -0.626753   -0.208413
    0.405000    0.728302   -0.594701   -0.384346
    0.347000   -0.920940   -0.140881   -0.373796
   -0.628000   -0.571382    0.577647    0.583141
    0.599000   -0.727882    0.242192   -0.646977
    0.666000    0.227822    0.699882   -0.720627
   -0.095000    0.909185   -0.405379    0.124531
   -0.471000   -0.869184    0.231751    0.438405
   -0.068000    0.396682   -0.912013    0.110640
   -0.706000    0.630133   -0.252338    0.710106
   -0.061000   -0.720532   -0.659946    0.058167
    0.495000   -0.236762    0.817301   -0.558200
    0.707000    0.594420    0.377434   -0.719685
   -0.243000    0.530462   -0.776382    0.278953
   -0.265000   -0.364173   -0.867775    0.284937
   -0.444000    0.527412   -0.688767    0.475936
    0.646000    0.571732   -0.528845   -0.616516
   -0.139000    0.553020   -0.810638    0.173087
    0.218000    0.534903   -0.805919   -0.188694
    0.567000   -0.121778   -0.828867   -0.534371
   -0.642000   -0.708167    0.355916    0.596055
    0.474000    0.547562    0.683209   -0.512903
   -0.471000    0.802465    0.365274    0.446710
    0.330000    0.613399    0.716199   -0.370543
    0.550000   -0.721681   -0.391235   -0.558773
    0.217000   -0.355807    0.903233   -0.275221
    0.177000   -0.468367   -0.858498   -0.156160
    0.310000    0.769759    0.545527   -0.334660
   -0.621000   -0.639538    0.519643    0.573171
    0.247000   -0.931037    0.250543   -0.293228
    0.246000   -0.873535   -0.422066   -0.253457
   -0.252000   -0.606739    0.772587    0.201050
   -0.531000    0.818828    0.194469    0.524651
   -0.153000   -0.866628    0.472944    0.102577
   -0.604000   -0.251656   -0.722925    0.618794
   -0.426000   -0.898069    0.052809    0.393568
