   -0.022361    0.023053   -0.004540    0.033886
   -0.022361   -0.019419    0.000615    0.033854
   -0.022361   -0.007033    0.009258    0.014574
   -0.022361    0.016850    0.003573    0.050350
   -0.022361    0.009839    0.007172    0.000346
   -0.022361   -0.015038    0.003713    0.004185
   -0.022361    0.016148   -0.000634   -0.040587
   -0.022361    0.015508    0.005285    0.045822
   -0.022361   -0.003825    0.012112    0.040922
   -0.022361   -0.028823   -0.013301    0.029486
   -0.022361   -0.012385    0.002121   -0.018929
   -0.022361   -0.029035   -0.014299    0.026872
   -0.022361    0.003120    0.009859   -0.001285
   -0.022361    0.000161    0.009980   -0.002133
   -0.022361    0.009281    0.007196   -0.010276
   -0.022361    0.028850   -0.014342   -0.011219
   -0.022361    0.005353    0.008195   -0.020411
   -0.022361   -0.026052   -0.011071    0.006089
   -0.022361    0.017194   -0.001004   -0.022434
   -0.022361    0.001588    0.009602   -0.006093
   -0.022361    0.038749   -0.031379    0.005678
   -0.022361    0.001811    0.011927    0.027600
   -0.022361    0.015153    0.002492   -0.014686
   -0.022361   -0.046338   -0.053151   -0.017837
   -0.022361   -0.035696   -0.028004   -0.000571
   -0.022361    0.034970   -0.022497    0.035381
   -0.022361   -0.006263    0.005384   -0.044436
   -0.022361    0.047488   -0.048441    0.021614
   -0.022361    0.023713   -0.004865    0.031390
   -0.022361   -0.006064    0.008748   -0.005718
   -0.022361   -0.014798    0.002003   -0.020079
   -0.022361   -0.021530   -0.003757    0.008345
   -0.022361    0.003196    0.009637   -0.006455
   -0.022361    0.002229    0.008724   -0.016450
   -0.022361    0.014529    0.002891   -0.014381
   -0.022361    0.000550    0.009599   -0.008573
   -0.022361   -0.005056    0.005339   -0.050758
   -0.022361    0.022259   -0.005251   -0.018220
   -0.022361    0.029328   -0.017801   -0.052377
   -0.022361    0.000638    0.010110   -0.001727
   -0.022361   -0.005267    0.007470   -0.026762
   -0.022361   -0.005429    0.009264   -0.000466
   -0.022361   -0.000685    0.010023   -0.003078
   -0.022361   -0.025529   -0.015837   -0.052476
   -0.022361   -0.004526    0.009132   -0.005415
   -0.022361    0.004756    0.009435   -0.002058
   -0.022361   -0.014672    0.003138    0.006077
   -0.022361    0.001732    0.012422    0.038858
   -0.022361    0.045458   -0.043662    0.030738
   -0.022361    0.008394    0.007022   -0.013832
   -0.022361    0.001973    0.009829   -0.007017
   -0.022361    0.022180   -0.005246   -0.007287
   -0.022361    0.003814    0.010772    0.015435
   -0.022361    0.000595    0.010233   -0.000226
   -0.022361   -0.001840    0.010233   -0.000975
   -0.022361   -0.025882   -0.012668   -0.004544
   -0.022361    0.014749    0.002381   -0.000171
   -0.022361    0.018720   -0.000451    0.008353
   -0.022361    0.008009    0.007664   -0.008501
   -0.022361   -0.005807    0.005842   -0.040268
   -0.022361   -0.000560    0.010246    0.000102
   -0.022361    0.047337   -0.048170    0.041252
   -0.022361   -0.060188   -0.091728   -0.016882
   -0.022361   -0.014617    0.004017    0.005338
   -0.022361   -0.000461    0.010289    0.000653
   -0.022361    0.014804    0.000145   -0.033113
   -0.022361   -0.003272    0.012362    0.041833
   -0.022361   -0.008980    0.005831   -0.026655
   -0.022361   -0.050393   -0.065813   -0.026871
   -0.022361    0.007279    0.009843    0.019723
   -0.022361   -0.006414    0.008256   -0.002774
   -0.022361   -0.019401   -0.001250    0.000936
   -0.022361    0.040696   -0.037652   -0.011440
   -0.022361    0.010789    0.006592   -0.005966
   -0.022361   -0.052425   -0.068820    0.003880
   -0.022361   -0.007484    0.007303   -0.000304
   -0.022361   -0.006269    0.009976    0.014806
   -0.022361   -0.007483    0.005237   -0.016144
   -0.022361    0.002399    0.009104   -0.011702
   -0.022361    0.045005   -0.046171   -0.018406
   -0.022361    0.017338    0.003064    0.037317
   -0.022361   -0.002427    0.010008   -0.001809
   -0.022361   -0.012334    0.004039   -0.020088
   -0.022361    0.004895    0.010103    0.006634
   -0.022361   -0.001513    0.010341    0.013982
   -0.022361   -0.028430   -0.017965   -0.016552
   -0.022361   -0.020406   -0.001863    0.008888
   -0.022361    0.010628    0.003799   -0.037145
   -0.022361   -0.036806   -0.034877   -0.044923
   -0.022361   -0.001655    0.010241    0.003931
   -0.022361   -0.006270    0.005060   -0.048137
   -0.022361   -0.010957    0.004904   -0.015215
   -0.022361   -0.021645   -0.004284    0.021252
   -0.022361   -0.010993    0.006555    0.010150
   -0.022361   -0.023027   -0.008145   -0.025588
   -0.022361    0.020526   -0.003037   -0.012194
   -0.022361    0.017104    0.002992    0.034110
   -0.022361   -0.004857    0.005795   -0.026052
   -0.022361   -0.028822   -0.020225   -0.045077
   -0.022361    0.002949    0.010384    0.006630
   -0.022361   -0.007386    0.010692    0.032746
   -0.022361   -0.014740    0.000905   -0.029740
   -0.022361    0.006327    0.010499    0.023383
   -0.022361   -0.045187   -0.046619    0.042445
   -0.022361    0.016328   -0.001512   -0.051269
   -0.022361    0.001744    0.010657    0.005449
   -0.022361   -0.003315    0.010818    0.012570
   -0.022361   -0.000248    0.010205   -0.000862
   -0.022361   -0.021282   -0.003918    0.003650
   -0.022361    0.008317    0.005025   -0.029856
   -0.022361    0.020164   -0.001545    0.006274
   -0.022361    0.014491    0.001296   -0.037538
   -0.022361    0.010876    0.002481   -0.036547
   -0.022361   -0.046685   -0.050321    0.023139
   -0.022361   -0.003977    0.009925    0.001266
   -0.022361    0.033066   -0.021284   -0.013253
   -0.022361    0.017490    0.001342    0.010470
   -0.022361    0.003219    0.010073    0.003221
   -0.022361   -0.024569   -0.010999   -0.032946
   -0.022361    0.018560    0.002002    0.043775
   -0.022361    0.005186    0.009653    0.003496
   -0.022361    0.011010    0.008193    0.030265
   -0.022361    0.024864   -0.008418   -0.016541
   -0.022361   -0.025395   -0.011817   -0.014714
   -0.022361    0.021358   -0.003169   -0.002944
   -0.022361   -0.007863    0.008840    0.011106
   -0.022361   -0.038931   -0.036399    0.004230
   -0.022361    0.009504    0.008927    0.038722
   -0.022361   -0.003635    0.010027    0.003735
   -0.022361    0.004819    0.009458   -0.004502
   -0.022361   -0.036005   -0.031223   -0.022742
   -0.022361   -0.011603    0.007733    0.026766
   -0.022361   -0.000512    0.008885   -0.011254
   -0.022361   -0.034766   -0.022600    0.045344
   -0.022361    0.002763    0.010481    0.004463
   -0.022361    0.001096    0.010327    0.000616
   -0.022361   -0.006162    0.009143    0.001385
   -0.022361    0.003432    0.004635   -0.058049
   -0.022361   -0.022476   -0.006555   -0.013280
   -0.022361    0.020883   -0.005174   -0.025654
   -0.022361   -0.002470    0.011237    0.016581
   -0.022361    0.009542    0.006117   -0.007197
   -0.022361    0.015028    0.002068    0.000154
   -0.022361   -0.005723    0.009056   -0.000768
   -0.022361   -0.023974   -0.005302    0.022920
   -0.022361   -0.016778   -0.000419   -0.024513
   -0.022361    0.019119   -0.000778   -0.006785
   -0.022361    0.052401   -0.063623   -0.025438
   -0.022361   -0.062620   -0.099137   -0.019017
   -0.022361    0.025105   -0.007577    0.017692
   -0.022361    0.011527    0.006733    0.009573
   -0.022361    0.027671   -0.012700   -0.016441
   -0.022361   -0.050964   -0.065217   -0.019409
   -0.022361   -0.005127    0.010551    0.033100
   -0.022361   -0.004883    0.009513    0.003754
   -0.022361    0.004231    0.010161    0.007220
   -0.022361   -0.016021    0.002385   -0.000899
   -0.022361   -0.009815    0.005455   -0.020653
   -0.022361    0.009847    0.004326   -0.042539
   -0.022361   -0.005684    0.007667   -0.017259
   -0.022361    0.036561   -0.025881    0.024611
   -0.022361    0.033772   -0.020339    0.037445
   -0.022361    0.024825   -0.007380    0.011618
   -0.022361    0.007179    0.011351    0.050289
   -0.022361   -0.010842    0.005188   -0.013148
   -0.022361   -0.017246    0.001792    0.010936
   -0.022361    0.026062   -0.008942    0.006048
   -0.022361    0.007550    0.005275   -0.042592
   -0.022361    0.035167   -0.025912   -0.002756
   -0.022361   -0.008774    0.004877   -0.037210
   -0.022361   -0.024411   -0.010863   -0.018623
   -0.022361    0.010866    0.003096   -0.034181
   -0.022361   -0.028826   -0.015907    0.003530
   -0.022361    0.000205    0.010298   -0.000166
   -0.022361   -0.006587    0.008381   -0.004663
   -0.022361   -0.008233    0.010934    0.047385
   -0.022361    0.060894   -0.085748   -0.008080
   -0.022361   -0.036598   -0.026191    0.035917
   -0.022361   -0.000423    0.009968    0.008462
   -0.022361    0.026262   -0.008273    0.025365
   -0.022361    0.047523   -0.051198    0.002773
   -0.022361   -0.033298   -0.022640    0.007905
   -0.022361    0.012184    0.006416    0.013607
   -0.022361   -0.001431    0.010677    0.004573
   -0.022361   -0.005709    0.010685    0.020403
   -0.022361   -0.006976    0.010586    0.029284
   -0.022361    0.004171    0.009376   -0.007208
   -0.022361   -0.003650    0.007568   -0.032094
   -0.022361   -0.036369   -0.031571   -0.008686
   -0.022361   -0.015976    0.001096   -0.013573
   -0.022361   -0.007256    0.007801    0.000819
   -0.022361    0.011106    0.007515    0.021457
   -0.022361    0.018750    0.001241    0.025331
   -0.022361    0.019091   -0.003334   -0.042474
   -0.022361    0.018032    0.001359    0.012731
   -0.022361    0.044666   -0.044603    0.011590
   -0.022361   -0.010839    0.005561   -0.015412
   -0.022361   -0.027234   -0.017167   -0.029682
   -0.022361   -0.013422    0.005309    0.016599
   -0.022361   -0.032759   -0.021503    0.016446
   -0.022361   -0.001747    0.009955   -0.001883
   -0.022361    0.042745   -0.039305    0.018883
   -0.022361   -0.010617    0.008806    0.030237
   -0.022361   -0.044193   -0.051280   -0.041054
   -0.022361    0.011586    0.006958    0.015448
   -0.022361   -0.014006    0.003257   -0.012248
   -0.022361    0.011584    0.007644    0.021431
   -0.022361   -0.001619    0.010168    0.000070
   -0.022361    0.000697    0.012492    0.037357
   -0.022361   -0.056092   -0.079660   -0.007176
   -0.022361   -0.001809    0.007715   -0.033805
   -0.022361    0.015110    0.002615   -0.014851
   -0.022361   -0.008548    0.006474   -0.010726
   -0.022361   -0.002827    0.009358   -0.000200
   -0.022361   -0.003411    0.008511   -0.013255
   -0.022361    0.001521    0.010102   -0.001597
   -0.022361   -0.009480    0.006350   -0.010478
   -0.022361   -0.002666    0.009944   -0.000412
   -0.022361    0.021250   -0.006891   -0.042418
   -0.022361   -0.000240    0.010302    0.000290
   -0.022361    0.017634    0.000220   -0.009770
   -0.022361   -0.005927    0.007843   -0.011425
   -0.022361    0.005368    0.009549    0.001902
   -0.022361   -0.000112    0.010175   -0.001160
   -0.022361   -0.003691    0.008892   -0.008320
   -0.022361    0.020416   -0.002607   -0.003625
   -0.022361   -0.009942    0.006113   -0.014953
   -0.022361   -0.052214   -0.066421    0.003752
   -0.022361    0.001531    0.010168    0.000052
   -0.022361    0.030737   -0.017102    0.004975
   -0.022361   -0.007962    0.008166   -0.003107
   -0.022361   -0.045433   -0.050406    0.016065
   -0.022361    0.011242    0.004200   -0.032330
   -0.022361    0.016030    0.002053   -0.006986
   -0.022361    0.007682    0.008062   -0.003027
   -0.022361    0.013954    0.001873   -0.039842
   -0.022361   -0.002676    0.009713   -0.002520
   -0.022361   -0.026240   -0.015915   -0.049951
   -0.022361   -0.002252    0.009491   -0.007026
   -0.022361    0.033964   -0.024526   -0.022396
   -0.022361   -0.020442   -0.004166   -0.018272
   -0.022361   -0.016079   -0.000484   -0.032968
   -0.022361    0.041672   -0.035711    0.030110
   -0.022361    0.000836    0.006410   -0.047224
   -0.022361    0.001065    0.010377    0.002478
   -0.022361   -0.000837    0.010180   -0.000548
   -0.022361   -0.016677    0.001406    0.003853
   -0.022361   -0.002703    0.010034    0.000376
   -0.022361   -0.012697    0.003776   -0.017249
   -0.022361    0.020058   -0.001912   -0.006841
   -0.022361    0.005430    0.008613   -0.008179
   -0.022361    0.004587    0.009420   -0.004680
   -0.022361    0.044430   -0.044237    0.010296
   -0.022361   -0.026760   -0.012731   -0.014997
   -0.022361    0.016511    0.002690    0.009851
   -0.022361    0.005862    0.008091   -0.008253
   -0.022361    0.005383    0.009752    0.009397
   -0.022361   -0.037006   -0.031630   -0.005216
   -0.022361   -0.003531    0.009919    0.000654
   -0.022361    0.036796   -0.024898    0.055493
   -0.022361    0.038823   -0.032534   -0.005522
   -0.022361    0.003611    0.010762    0.013421
   -0.022361    0.000683    0.010163   -0.001860
   -0.022361    0.000823    0.008041   -0.020378
   -0.022361   -0.004870    0.008782   -0.010459
   -0.022361    0.027674   -0.013056   -0.011354
   -0.022361    0.033117   -0.020714   -0.002314
   -0.022361   -0.021581   -0.006064   -0.011538
   -0.022361    0.041484   -0.035640    0.027853
   -0.022361    0.017383    0.002042    0.012387
   -0.022361   -0.002081    0.008932   -0.007173
   -0.022361   -0.005952    0.009323    0.006209
   -0.022361   -0.001271    0.010524    0.005180
   -0.022361    0.015205    0.002617   -0.012771
   -0.022361   -0.025547   -0.014363   -0.042088
   -0.022361    0.005326    0.007800   -0.021817
   -0.022361    0.023128   -0.005211    0.003008
   -0.022361    0.017989   -0.000099   -0.013408
   -0.022361   -0.022086   -0.005438   -0.007420
   -0.022361    0.004448    0.009327   -0.005391
   -0.022361    0.014147    0.000674   -0.052050
   -0.022361   -0.065304   -0.106689   -0.014021
   -0.022361    0.008562    0.007968   -0.001564
   -0.022361    0.005081    0.008876   -0.007420
   -0.022361    0.040450   -0.031833    0.055708
   -0.022361   -0.000444    0.010142   -0.001442
   -0.022361    0.004393    0.011204    0.031061
   -0.022361   -0.003141    0.009809   -0.000084
   -0.022361    0.036307   -0.029696   -0.031181
   -0.022361    0.005347    0.006584   -0.039173
   -0.022361    0.007700    0.008111   -0.009001
   -0.022361    0.011087    0.007348    0.014267
   -0.022361    0.002971    0.008380   -0.014403
   -0.022361    0.050248   -0.056346    0.013747
   -0.022361   -0.003065    0.011502    0.029974
   -0.022361    0.047395   -0.049366    0.011093
   -0.022361    0.029334   -0.015785   -0.003203
   -0.022361    0.002016    0.009366   -0.009874
   -0.022361   -0.019228   -0.001432   -0.001721
   -0.022361    0.009625    0.007273   -0.002679
   -0.022361   -0.000137    0.009183   -0.009671
   -0.022361   -0.037135   -0.030850    0.007103
   -0.022361   -0.007354    0.009484    0.017168
   -0.022361   -0.002205    0.010126    0.001225
   -0.022361   -0.010070    0.008276    0.020935
   -0.022361    0.017878    0.003067    0.052984
   -0.022361    0.001154    0.009742   -0.007046
   -0.022361   -0.024333   -0.004921    0.042359
   -0.022361   -0.059749   -0.085348    0.036431
   -0.022361   -0.015139    0.001543   -0.011823
   -0.022361   -0.030954   -0.023623   -0.050862
   -0.022361    0.003766    0.009953    0.002634
   -0.022361   -0.005187    0.010004    0.011521
   -0.022361   -0.002926    0.012433    0.041225
   -0.022361    0.010060    0.006958   -0.001565
   -0.022361   -0.008524    0.010042    0.030954
   -0.022361   -0.000782    0.006440   -0.046725
   -0.022361    0.006805    0.009405    0.008364
   -0.022361   -0.036241   -0.032738   -0.038362
   -0.022361   -0.051207   -0.066379   -0.013674
   -0.022361   -0.005291    0.009337    0.000150
   -0.022361   -0.007989    0.008820    0.015787
   -0.022361   -0.057769   -0.083367    0.005690
   -0.022361   -0.001835    0.010174   -0.000154
   -0.022361    0.009373    0.007730    0.000053
   -0.022361   -0.000756    0.006600   -0.045607
   -0.022361    0.014837    0.006115    0.045323
   -0.022361   -0.006582    0.009497    0.012493
   -0.022361    0.013422    0.001766   -0.032824
   -0.022361    0.005278    0.009199   -0.000550
   -0.022361    0.013312    0.005244    0.006916
   -0.022361   -0.009836    0.001148   -0.055461
   -0.022361    0.003020    0.011573    0.026281
   -0.022361    0.015626    0.002943   -0.004137
   -0.022361   -0.018371   -0.004461   -0.038284
   -0.022361    0.030230   -0.016784    0.003318
   -0.022361   -0.013177    0.007669    0.057381
   -0.022361    0.041225   -0.037621   -0.011317
   -0.022361   -0.011940    0.003694   -0.019053
   -0.022361    0.030057   -0.012961    0.048401
   -0.022361   -0.041783   -0.040040    0.020259
   -0.022361   -0.006069    0.008334   -0.007408
   -0.022361    0.050873   -0.058966   -0.018472
   -0.022361   -0.020083   -0.004953   -0.025410
   -0.022361    0.008850    0.008735    0.016431
   -0.022361   -0.039658   -0.033362    0.025741
   -0.022361    0.005256    0.009749    0.001533
   -0.022361   -0.002052    0.009163   -0.004237
   -0.022361   -0.031054   -0.017673    0.036436
   -0.022361   -0.054124   -0.071076    0.022470
   -0.022361   -0.020261   -0.003326   -0.010362
   -0.022361    0.006459    0.008262   -0.010867
   -0.022361    0.000336    0.006513   -0.039517
   -0.022361   -0.002452    0.010262   -0.000335
   -0.022361    0.015459    0.003816    0.018096
   -0.022361   -0.002431    0.009946   -0.002204
   -0.022361    0.009119    0.008540    0.009403
   -0.022361    0.022718   -0.005267    0.012730
   -0.022361   -0.035564   -0.027707    0.014143
   -0.022361   -0.028486   -0.013034    0.037460
   -0.022361   -0.006261    0.009309    0.004111
   -0.022361    0.036269   -0.027835   -0.003308
   -0.022361   -0.000936    0.010196   -0.000542
   -0.022361   -0.017394    0.001040    0.027951
   -0.022361   -0.000098    0.004145   -0.066418
   -0.022361   -0.005895    0.006430   -0.034660
   -0.022361    0.012553    0.006089    0.010628
   -0.022361   -0.041021   -0.044574   -0.049080
   -0.022361   -0.019549   -0.003563   -0.021920
   -0.022361   -0.006139    0.010670    0.022729
   -0.022361   -0.002019    0.010051   -0.000577
   -0.022361   -0.020460   -0.003018    0.003162
   -0.022361    0.002681    0.009848   -0.005367
   -0.022361    0.011304    0.006824    0.003303
   -0.022361    0.043622   -0.041480   -0.001852
   -0.022361   -0.006517    0.005978   -0.037471
   -0.022361   -0.013377    0.002933   -0.014080
   -0.022361    0.059118   -0.078933    0.025513
   -0.022361    0.011747    0.001847   -0.054485
   -0.022361   -0.016097    0.001732   -0.006238
   -0.022361   -0.009439    0.006551   -0.009797
   -0.022361    0.000367    0.010323    0.000746
   -0.022361    0.033126   -0.019155    0.037930
   -0.022361   -0.005211    0.009611    0.000256
   -0.022361    0.008577    0.009375    0.027751
   -0.022361   -0.011553    0.007141    0.014369
   -0.022361    0.052690   -0.061667    0.025948
   -0.022361   -0.011571    0.003657   -0.012604
   -0.022361    0.022621   -0.003061    0.028393
   -0.022361   -0.019183    0.000316    0.025997
   -0.022361   -0.003382    0.009204   -0.008459
   -0.022361    0.007609    0.010332    0.029532
   -0.022361   -0.017492    0.000771    0.006260
   -0.022361   -0.012560    0.005525    0.005111
   -0.022361    0.050264   -0.055355    0.025826
   -0.022361    0.011955    0.005663    0.008258
   -0.022361   -0.010324    0.006964    0.004054
   -0.022361    0.005731    0.011016    0.034509
   -0.022361    0.014518    0.004153    0.002770
   -0.022361   -0.005798    0.009823    0.009462
   -0.022361   -0.018487   -0.000979   -0.003061
   -0.022361    0.003955    0.009537   -0.003614
   -0.022361   -0.007338    0.005611   -0.009992
   -0.022361    0.005234    0.011283    0.029493
   -0.022361   -0.021148   -0.002570    0.014852
   -0.022361   -0.038408   -0.031054    0.030499
   -0.022361   -0.047076   -0.056471   -0.015996
   -0.022361   -0.001929    0.010374    0.005642
   -0.022361   -0.008468    0.007626   -0.003222
   -0.022361   -0.060907   -0.092211    0.005083
   -0.022361    0.028200   -0.011491    0.029699
   -0.022361   -0.017262   -0.001778   -0.034427
   -0.022361    0.000467    0.010245   -0.000418
   -0.022361   -0.000890    0.010186   -0.000569
   -0.022361    0.000722    0.007971   -0.015558
   -0.022361   -0.012435    0.005594    0.000770
   -0.022361    0.022437   -0.005533   -0.004703
   -0.022361   -0.000810    0.010112    0.000894
   -0.022361    0.023815   -0.008627   -0.007380
   -0.022361   -0.025082   -0.006954    0.024930
   -0.022361   -0.028311   -0.012278    0.028351
   -0.022361   -0.002718    0.009028   -0.015625
   -0.022361    0.017881    0.000166   -0.013453
   -0.022361   -0.006459    0.009135    0.001440
   -0.022361    0.040674   -0.036134   -0.008892
   -0.022361   -0.002333    0.010812    0.011413
   -0.022361    0.050277   -0.055147    0.033929
   -0.022361    0.015041    0.004107    0.016574
   -0.022361   -0.000865    0.010500    0.003191
   -0.022361   -0.000659    0.010200   -0.000680
   -0.022361    0.001812    0.010244    0.000432
   -0.022361    0.001814    0.010467    0.003781
   -0.022361   -0.018048   -0.000023   -0.003991
   -0.022361   -0.042127   -0.040272    0.009241
   -0.022361   -0.005466    0.009387    0.002366
   -0.022361    0.007925    0.008547    0.000506
   -0.022361   -0.007401    0.008080   -0.007885
   -0.022361    0.007400    0.009294    0.010093
   -0.022361   -0.040206   -0.036037    0.033447
   -0.022361    0.004709    0.008509   -0.016996
   -0.022361    0.021606   -0.004239   -0.004720
   -0.022361   -0.006864    0.008478   -0.000964
   -0.022361   -0.004391    0.009456   -0.002106
   -0.022361   -0.008635    0.009160    0.018990
   -0.022361    0.048196   -0.051675    0.003097
   -0.022361    0.059167   -0.076925    0.042292
   -0.022361   -0.010734    0.006761    0.008426
   -0.022361   -0.003194    0.010242    0.006053
   -0.022361    0.016251    0.004701    0.041754
   -0.022361    0.022930   -0.004745    0.003545
   -0.022361   -0.030030   -0.016295    0.017785
   -0.022361   -0.003084    0.010157    0.004684
   -0.022361   -0.009118    0.008111    0.008806
   -0.022361   -0.007694    0.004420   -0.029220
   -0.022361   -0.010288    0.005237   -0.010143
   -0.022361   -0.030293   -0.017176    0.023488
   -0.022361    0.020912   -0.002376    0.009087
   -0.022361    0.002329    0.010841    0.008614
   -0.022361   -0.014974    0.002561    0.001424
   -0.022361    0.006471    0.008785    0.004371
   -0.022361   -0.034557   -0.024185    0.018854
   -0.022361    0.010912    0.005498   -0.021036
   -0.022361    0.000815    0.010372    0.003172
   -0.022361   -0.003417    0.011247    0.024441
   -0.022361   -0.002621    0.009958   -0.001399
   -0.022361   -0.043350   -0.043940    0.013731
   -0.022361    0.002814    0.011442    0.021823
   -0.022361   -0.001593    0.011169    0.016389
   -0.022361    0.026066   -0.010249   -0.005153
   -0.022361   -0.002540    0.009749   -0.003620
   -0.022361    0.010692    0.005954   -0.010909
   -0.022361   -0.013027    0.004094   -0.002803
   -0.022361    0.062618   -0.086820    0.029383
   -0.022361   -0.001359    0.010144   -0.000775
   -0.022361    0.010499    0.005681   -0.021052
   -0.022361    0.012423    0.003204   -0.027357
   -0.022361    0.015889    0.001777   -0.016391
   -0.022361   -0.010792    0.007376    0.008280
   -0.022361   -0.015536    0.001942    0.004974
   -0.022361    0.012677    0.005061   -0.006416
   -0.022361   -0.007780    0.009707    0.024625
   -0.022361   -0.034625   -0.026666   -0.007289
   -0.022361   -0.025018   -0.010919   -0.021728
   -0.022361   -0.035915   -0.029190    0.011699
   -0.022361    0.000117    0.010921    0.008793
   -0.022361    0.019797   -0.001940    0.017446
   -0.022361   -0.001498    0.010119   -0.000788
   -0.022361   -0.000694    0.010539    0.001509
   -0.022361    0.032006   -0.020273   -0.017021
   -0.022361   -0.020194   -0.003368    0.011765
   -0.022361    0.030409   -0.017805   -0.026838
   -0.022361   -0.000523    0.007797   -0.026297
   -0.022361    0.016092    0.003366    0.011372
   -0.022361   -0.019519   -0.001218    0.006276
   -0.022361    0.005317    0.010043    0.008586
   -0.022361   -0.037455   -0.035721   -0.039535
   -0.022361    0.011716    0.007076    0.017798
   -0.022361    0.009331    0.004843   -0.040364
   -0.022361    0.013636    0.006547    0.033654
   -0.022361   -0.004415    0.009687   -0.000013
   -0.022361   -0.000909    0.009867   -0.005092
   -0.022361   -0.005614    0.009444    0.012758
   -0.022361    0.011730    0.006642    0.014688
   -0.022361    0.001480    0.010063   -0.001622
   -0.022361    0.003891    0.009507   -0.004111
   -0.022361   -0.044380   -0.050226   -0.022646
   -0.022361   -0.014237    0.004613    0.021211
   -0.022361   -0.001754    0.009447   -0.008564
   -0.022361   -0.002511    0.009227   -0.012593
   -0.022361   -0.010410    0.006974    0.005614
   -0.022361   -0.002597    0.010783    0.011279
   -0.022361    0.032916   -0.020442    0.016496
   -0.022361   -0.049020   -0.061873   -0.023755
   -0.022361   -0.047869   -0.055357    0.022078
   -0.022361   -0.020601   -0.001208    0.031974
   -0.022361    0.064924   -0.096010   -0.005902
   -0.022361    0.028565   -0.012754    0.003682
   -0.022361   -0.050878   -0.064769   -0.004857
   -0.022361   -0.006141    0.009650    0.014154
   -0.022361   -0.006003    0.009760    0.008216
   -0.022361   -0.054062   -0.074801   -0.028060
   -0.022361   -0.007521    0.008368    0.001977
   -0.022361   -0.001563    0.012482    0.039213
   -0.022361    0.030665   -0.018843   -0.028734
   -0.022361   -0.034508   -0.023467    0.016452
   -0.022361    0.005641    0.005154   -0.054713
   -0.022361    0.006105    0.007407   -0.018430
   -0.022361    0.021513   -0.005845   -0.023620
   -0.022361   -0.001191    0.010031   -0.002071
   -0.022361    0.002460    0.006348   -0.050202
   -0.022361   -0.006791    0.007894   -0.006710
   -0.022361    0.043629   -0.041432    0.014068
   -0.022361    0.008370    0.009216    0.026332
   -0.022361   -0.003782    0.010409    0.009850
   -0.022361   -0.011066    0.007198    0.010732
   -0.022361    0.004838    0.006211   -0.045452
   -0.022361   -0.004570    0.009755    0.003700
   -0.022361   -0.006647    0.003678   -0.059906
   -0.022361   -0.004857    0.006787   -0.017529
   -0.022361    0.048220   -0.049058    0.048427
   -0.022361   -0.023824   -0.010319   -0.033110
   -0.022361    0.058971   -0.078808    0.017010
   -0.022361   -0.022980   -0.006420    0.005965
   -0.022361    0.007714    0.007702    0.003565
   -0.022361    0.009496    0.007954    0.009383
   -0.022361    0.001731    0.011745    0.037460
   -0.022361   -0.000376    0.010022   -0.002287
   -0.022361   -0.036446   -0.028681    0.010572
   -0.022361    0.013424    0.003088   -0.018950
   -0.022361   -0.012919    0.002514   -0.033320
   -0.022361   -0.003211    0.010614    0.013569
   -0.022361   -0.019934   -0.003976   -0.004687
   -0.022361   -0.002239    0.010363    0.008801
   -0.022361    0.001922    0.007026   -0.036865
   -0.022361   -0.005842    0.009870    0.008692
   -0.022361    0.047387   -0.047971    0.040524
   -0.022361    0.047194   -0.046893    0.052777
   -0.022361   -0.035443   -0.026307    0.022650
   -0.022361   -0.007442    0.008701    0.003249
   -0.022361   -0.005188    0.010031    0.006465
   -0.022361   -0.011121    0.006127    0.001803
   -0.022361   -0.000186    0.009036   -0.016756
   -0.022361   -0.020334   -0.002896   -0.005194
   -0.022361   -0.029976   -0.016207    0.003132
   -0.022361    0.028649   -0.011240    0.034951
   -0.022361   -0.003345    0.008679   -0.013432
   -0.022361    0.002151    0.008869   -0.020525
   -0.022361    0.003638    0.010234    0.003810
   -0.022361   -0.001488    0.010114   -0.000832
   -0.022361    0.001783    0.007531   -0.025354
   -0.022361   -0.015560    0.001520   -0.012551
   -0.022361    0.015471    0.000808   -0.036675
   -0.022361   -0.060174   -0.088244    0.007394
   -0.022361   -0.019592   -0.000818    0.009734
   -0.022361    0.021600   -0.002360    0.015256
   -0.022361    0.024319   -0.007970   -0.016027
   -0.022361    0.006862    0.009360    0.006435
   -0.022361   -0.032668   -0.023413   -0.013992
   -0.022361   -0.028253   -0.014099   -0.001450
   -0.022361    0.022274   -0.006244   -0.033345
   -0.022361   -0.006888    0.009083    0.022694
   -0.022361    0.007849    0.007981   -0.005072
   -0.022361    0.004620    0.012756    0.063477
   -0.022361    0.001698    0.011127    0.022190
   -0.022361   -0.012856    0.006601    0.019575
   -0.022361   -0.005505    0.008502   -0.013252
   -0.022361   -0.009263    0.006888   -0.005697
   -0.022361    0.047393   -0.049003    0.011167
   -0.022361   -0.008691    0.007334   -0.005841
   -0.022361   -0.057801   -0.082314   -0.004427
   -0.022361   -0.030072   -0.016761    0.001763
   -0.022361   -0.000430    0.010224   -0.000622
   -0.022361    0.059854   -0.079221    0.028319
   -0.022361    0.009698    0.007425    0.009679
   -0.022361   -0.025066   -0.010528   -0.009419
   -0.022361    0.003960    0.009167   -0.001672
   -0.022361    0.014460    0.004981    0.017127
   -0.022361    0.038601   -0.032168   -0.012548
   -0.022361    0.024671   -0.005368    0.048258
   -0.022361    0.029114   -0.014143    0.004072
   -0.022361   -0.043546   -0.045067    0.015559
   -0.022361    0.005427    0.005400   -0.050726
   -0.022361   -0.002310    0.010010   -0.000464
   -0.022361    0.016516    0.002905    0.010669
   -0.022361    0.010774    0.006711   -0.001044
   -0.022361   -0.000849    0.010347    0.022183
   -0.022361    0.027142   -0.011862   -0.015973
   -0.022361   -0.051514   -0.062708    0.033883
   -0.022361   -0.010445    0.003704   -0.020501
   -0.022361   -0.056655   -0.079468    0.001053
   -0.022361   -0.003848    0.008977   -0.010068
   -0.022361    0.001371    0.010059   -0.002867
   -0.022361    0.054462   -0.067656    0.005689
   -0.022361   -0.005450    0.010053    0.010396
   -0.022361    0.004095    0.008807   -0.017133
   -0.022361   -0.020682   -0.000179    0.042785
   -0.022361   -0.063217   -0.099977   -0.000161
   -0.022361   -0.011427    0.001930   -0.048848
   -0.022361    0.008240    0.006409   -0.027440
   -0.022361    0.005963    0.008833   -0.000017
   -0.022361    0.033338   -0.022367    0.005425
   -0.022361   -0.029730   -0.016422    0.011121
   -0.022361    0.019851   -0.002268   -0.013153
   -0.022361   -0.058855   -0.085168    0.019568
   -0.022361   -0.013495    0.003970   -0.004828
   -0.022361   -0.033408   -0.021018    0.035152
   -0.022361   -0.001930    0.010119    0.000624
   -0.022361   -0.006288    0.007961   -0.011445
   -0.022361    0.028976   -0.011739    0.041665
   -0.022361   -0.005893    0.008275   -0.011722
   -0.022361    0.053270   -0.066361   -0.027092
   -0.022361   -0.004138    0.008985   -0.007821
   -0.022361   -0.004646    0.010439    0.013165
   -0.022361    0.002108    0.009976   -0.001179
   -0.022361   -0.015223    0.001922   -0.016753
   -0.022361   -0.012493    0.006345    0.011294
   -0.022361    0.021137   -0.002035    0.012808
   -0.022361    0.023040   -0.003370    0.036203
   -0.022361    0.032728   -0.019809    0.019903
   -0.022361    0.014811    0.002946   -0.015301
   -0.022361    0.004767    0.009836    0.006662
   -0.022361    0.008673    0.007984   -0.000784
   -0.022361    0.028813   -0.013891   -0.006328
   -0.022361   -0.013371    0.005684    0.015711
   -0.022361    0.003706    0.009463    0.003195
   -0.022361   -0.004200    0.010312    0.008715
   -0.022361    0.000601    0.009888   -0.004189
   -0.022361    0.012594    0.002722   -0.034274
   -0.022361   -0.020466   -0.001434    0.014346
   -0.022361    0.021620   -0.003446    0.000507
   -0.022361   -0.004139    0.009725    0.000877
   -0.022361    0.057642   -0.076970   -0.006039
   -0.022361    0.011626    0.004757   -0.018569
   -0.022361   -0.033957   -0.024004    0.011510
   -0.022361   -0.008578    0.009349    0.022951
   -0.022361    0.009890    0.006427   -0.008248
   -0.022361   -0.006527    0.009729    0.013442
   -0.022361   -0.031858   -0.023906   -0.026771
   -0.022361    0.024649   -0.005658    0.029467
   -0.022361    0.000096    0.009804   -0.005137
   -0.022361    0.001932    0.010470    0.009566
   -0.022361    0.064103   -0.092742    0.022664
   -0.022361   -0.031695   -0.022776   -0.009332
   -0.022361   -0.016306    0.003111    0.017626
   -0.022361   -0.001772    0.010896    0.008114
   -0.022361   -0.012366   -0.000735   -0.056347
   -0.022361    0.017370    0.001298    0.000755
   -0.022361   -0.015159    0.001964   -0.010860
   -0.022361   -0.026738   -0.013296   -0.007741
   -0.022361   -0.009730    0.007886    0.010052
   -0.022361   -0.016583    0.000573   -0.004480
   -0.022361   -0.026761   -0.012120   -0.009128
   -0.022361    0.003067    0.011831    0.029663
   -0.022361    0.012283    0.006853    0.018295
   -0.022361    0.004814    0.011418    0.030441
   -0.022361   -0.051219   -0.063928    0.018384
   -0.022361    0.017117    0.003158    0.034341
   -0.022361   -0.051441   -0.065549   -0.002246
   -0.022361    0.051102   -0.060058   -0.000038
   -0.022361    0.020422   -0.000783    0.031932
   -0.022361    0.026129   -0.009302    0.006539
   -0.022361    0.001446    0.012410    0.054912
   -0.022361    0.015032    0.003297   -0.007070
   -0.022361   -0.028746   -0.013046    0.019638
   -0.022361    0.032074   -0.018638    0.001440
   -0.022361   -0.001159    0.010091   -0.001706
   -0.022361    0.017936   -0.004198   -0.053798
   -0.022361   -0.016231    0.005212    0.052990
   -0.022361   -0.026065   -0.009745    0.021523
   -0.022361    0.006037    0.009272    0.004410
   -0.022361    0.008594    0.005103   -0.027134
   -0.022361    0.053715   -0.066836   -0.002778
   -0.022361    0.000525    0.009979   -0.004895
   -0.022361   -0.036935   -0.030950    0.000202
   -0.022361    0.001387    0.010285   -0.000238
   -0.022361    0.010030    0.007211    0.006958
   -0.022361   -0.013287    0.004035   -0.005056
   -0.022361    0.002945    0.010272    0.003793
   -0.022361   -0.057482   -0.081421    0.012094
   -0.022361   -0.042205   -0.043008   -0.018051
   -0.022361   -0.009485    0.007496   -0.000453
   -0.022361    0.009466    0.006932    0.013442
   -0.022361    0.029948   -0.016391    0.001740
   -0.022361   -0.006703    0.008240   -0.006070
   -0.022361    0.006268    0.008133   -0.014980
   -0.022361    0.011348    0.005966    0.004498
   -0.022361    0.016261    0.004039    0.027856
   -0.022361    0.029721   -0.013474    0.026545
   -0.022361    0.008862    0.006411   -0.024638
   -0.022361   -0.016229    0.001249   -0.010350
   -0.022361   -0.002321    0.009969   -0.003783
   -0.022361   -0.043817   -0.050125   -0.024334
   -0.022361   -0.001572    0.006205   -0.050699
   -0.022361   -0.016532    0.003335    0.029496
   -0.022361   -0.006232    0.007574   -0.006057
   -0.022361   -0.001538    0.011715    0.023684
   -0.022361   -0.012007    0.004080   -0.013860
   -0.022361    0.000220    0.009154   -0.017126
   -0.022361   -0.001715    0.008819   -0.017410
   -0.022361    0.005630    0.009087   -0.001920
   -0.022361    0.050212   -0.056986    0.021566
   -0.022361    0.001421    0.011919    0.027673
   -0.022361    0.007523    0.007843   -0.007438
   -0.022361    0.042595   -0.040408   -0.018417
   -0.022361    0.001796    0.009874   -0.003629
   -0.022361    0.024023   -0.011048   -0.059832
   -0.022361    0.061171   -0.085851   -0.013380
   -0.022361   -0.025278   -0.008783    0.017895
   -0.022361   -0.038528   -0.036324   -0.017803
   -0.022361   -0.009025    0.007414   -0.006323
   -0.022361   -0.047826   -0.056570   -0.006663
   -0.022361   -0.008103    0.009199    0.014812
   -0.022361    0.002001    0.010059    0.000987
   -0.022361    0.038970   -0.033178   -0.010889
   -0.022361   -0.002129    0.009776   -0.003827
   -0.022361    0.005413    0.008997   -0.002564
   -0.022361   -0.006013    0.008703   -0.005718
   -0.022361    0.005639    0.008760   -0.007247
   -0.022361    0.007764    0.008436   -0.001913
   -0.022361   -0.022807   -0.003484    0.048441
   -0.022361   -0.000410    0.010692    0.008662
   -0.022361   -0.000925    0.007752   -0.034783
   -0.022361   -0.015771    0.001344    0.000097
   -0.022361   -0.019886   -0.002539   -0.003620
   -0.022361    0.041704   -0.037728    0.001086
   -0.022361    0.008904    0.007920    0.002485
   -0.022361   -0.000757    0.010219   -0.000300
   -0.022361    0.000855    0.011184    0.014358
   -0.022361   -0.018908   -0.001049    0.010745
   -0.022361    0.000113    0.010140   -0.001864
   -0.022361    0.009971    0.007671    0.002933
   -0.022361    0.018634    0.001286    0.020309
   -0.022361    0.019014   -0.000543   -0.001008
   -0.022361   -0.015377    0.000083   -0.032552
   -0.022361   -0.017868   -0.000655   -0.009168
   -0.022361   -0.036991   -0.034002   -0.035527
   -0.022361    0.010056    0.009285    0.043412
   -0.022361    0.029514   -0.018534   -0.035882
   -0.022361   -0.020857   -0.005110   -0.016299
   -0.022361    0.006540    0.008967    0.005567
   -0.022361    0.037267   -0.027450    0.016955
   -0.022361    0.030054   -0.014405    0.022276
   -0.022361   -0.038003   -0.035759   -0.031062
   -0.022361   -0.012649    0.002679   -0.011826
   -0.022361    0.004025    0.006636   -0.041412
   -0.022361    0.003947    0.009084   -0.013387
   -0.022361    0.036738   -0.031105   -0.044335
   -0.022361   -0.002830    0.009164   -0.010374
   -0.022361    0.013621    0.007060    0.057056
   -0.022361    0.013985    0.005259    0.010941
   -0.022361    0.022804   -0.008150   -0.021128
   -0.022361    0.009093    0.006854   -0.013966
   -0.022361    0.016253   -0.000348   -0.033263
   -0.022361    0.010647    0.006542   -0.001200
   -0.022361   -0.042738   -0.044886    0.001724
   -0.022361   -0.000731    0.010106   -0.001734
   -0.022361    0.006822    0.010408    0.044362
   -0.022361   -0.038690   -0.034316   -0.000813
   -0.022361   -0.003087    0.009853   -0.000945
   -0.022361    0.030712   -0.017206   -0.005843
   -0.022361   -0.000721    0.010049   -0.002627
   -0.022361   -0.005069    0.010102    0.012466
   -0.022361    0.010565    0.005158   -0.021930
   -0.022361   -0.010466    0.005933   -0.010049
   -0.022361    0.032485   -0.020043    0.010215
   -0.022361   -0.007959    0.009128    0.020830
   -0.022361    0.009243    0.006647   -0.007696
   -0.022361    0.023135   -0.003607    0.032183
   -0.022361    0.000301    0.010237   -0.000110
   -0.022361   -0.023848   -0.007440   -0.001668
   -0.022361    0.004944    0.010235    0.010371
   -0.022361   -0.002491    0.008708   -0.021239
   -0.022361   -0.017591   -0.004630   -0.055558
   -0.022361    0.009582    0.008420    0.011988
   -0.022361    0.022504   -0.002648    0.042951
   -0.022361   -0.001627    0.010029   -0.004717
   -0.022361    0.050865   -0.059045   -0.020691
   -0.022361    0.001620    0.010111   -0.001128
   -0.022361   -0.000366    0.010072   -0.002445
   -0.022361    0.004866    0.008773   -0.010772
   -0.022361   -0.007724    0.008595    0.005003
   -0.022361   -0.028696   -0.016440   -0.010431
   -0.022361   -0.006969    0.008568   -0.004678
   -0.022361   -0.027470   -0.009128    0.046445
   -0.022361    0.027754   -0.013785   -0.021653
   -0.022361    0.043246   -0.039352    0.026669
   -0.022361    0.022093   -0.003412    0.012516
   -0.022361   -0.022099   -0.007515   -0.009767
   -0.022361   -0.005941    0.011112    0.031058
   -0.022361   -0.015012   -0.002589   -0.048573
   -0.022361   -0.000997    0.010170   -0.000475
   -0.022361   -0.048273   -0.055084    0.032247
   -0.022361    0.000487    0.012737    0.046166
   -0.022361    0.003987    0.009996    0.000064
   -0.022361    0.003409    0.009580   -0.004801
   -0.022361    0.002101    0.008179   -0.013012
   -0.022361    0.001335    0.010104   -0.001516
   -0.022361   -0.000978    0.010022   -0.003695
   -0.022361    0.009982    0.005910   -0.017587
   -0.022361   -0.039439   -0.032672    0.034336
   -0.022361    0.003726    0.010245    0.005814
   -0.022361    0.001045    0.006722   -0.046794
   -0.022361    0.028327   -0.012851    0.003952
   -0.022361    0.012633    0.004827   -0.007968
   -0.022361    0.009615    0.008071    0.008552
   -0.022361    0.002361    0.010601    0.005594
   -0.022361   -0.005666    0.009753    0.019519
   -0.022361    0.014082    0.000521   -0.049113
   -0.022361    0.004231    0.010338    0.012645
   -0.022361   -0.003300    0.011359    0.021079
   -0.022361    0.002154    0.010165    0.000415
   -0.022361   -0.004530    0.010433    0.013537
   -0.022361   -0.018393   -0.003611   -0.019631
   -0.022361    0.014937   -0.001039   -0.061447
   -0.022361    0.003842    0.009751   -0.002250
   -0.022361    0.032556   -0.019598    0.003283
   -0.022361   -0.012403    0.005873    0.009372
   -0.022361   -0.035035   -0.025063    0.020002
   -0.022361   -0.000399    0.010170   -0.000995
   -0.022361   -0.004839    0.010912    0.020172
   -0.022361    0.000039    0.010846    0.006011
   -0.022361   -0.012813   -0.000427   -0.061576
   -0.022361    0.021976   -0.005109   -0.019557
   -0.022361   -0.000858    0.010219   -0.000222
   -0.022361    0.000532    0.010283    0.000488
   -0.022361   -0.015398    0.002248   -0.010892
   -0.022361   -0.022595   -0.007717   -0.020104
   -0.022361   -0.012404    0.005180   -0.000658
   -0.022361    0.001842    0.010488    0.004444
   -0.022361   -0.030477   -0.015438    0.037828
   -0.022361    0.032487   -0.023607   -0.053287
   -0.022361   -0.001239    0.010732    0.008186
   -0.022361    0.015595    0.003301    0.002462
   -0.022361    0.008709    0.007620   -0.008052
   -0.022361    0.013235    0.005238    0.002324
   -0.022361    0.010848    0.002109   -0.058291
   -0.022361    0.016111    0.002645    0.005353
   -0.022361   -0.011261    0.006485    0.008950
   -0.022361    0.016517    0.004738    0.049044
   -0.022361    0.032493   -0.017777    0.033456
   -0.022361    0.001954    0.010706    0.008909
   -0.022361    0.055561   -0.072645   -0.030524
   -0.022361   -0.005966    0.007898   -0.018840
   -0.022361    0.001385    0.008216   -0.029187
   -0.022361    0.000949    0.010077   -0.001241
   -0.022361    0.012310    0.007262    0.024218
   -0.022361    0.035619   -0.023385    0.034511
   -0.022361    0.009449    0.006824   -0.012930
   -0.022361    0.022551   -0.008153   -0.046134
   -0.022361    0.002840    0.004388   -0.060178
   -0.022361   -0.019393   -0.001334    0.001820
   -0.022361    0.005892    0.009741    0.009117
   -0.022361    0.001366    0.007520   -0.020403
   -0.022361   -0.055182   -0.077781   -0.017633
   -0.022361   -0.010498    0.006143   -0.006593
   -0.022361   -0.013244    0.004848    0.009294
   -0.022361   -0.004161    0.010053    0.004667
   -0.022361   -0.014381    0.002942   -0.006128
   -0.022361    0.012327    0.005237   -0.000665
   -0.022361   -0.019862   -0.001274    0.014923
   -0.022361   -0.023507   -0.009878   -0.036885
   -0.022361    0.012551    0.006584    0.015517
   -0.022361    0.002469    0.009799    0.000444
   -0.022361    0.003229    0.009986   -0.000464
   -0.022361   -0.004903    0.011214    0.027510
   -0.022361   -0.035052   -0.025614    0.016240
   -0.022361    0.001064    0.009930   -0.004146
   -0.022361   -0.008492    0.004969   -0.039080
   -0.022361   -0.031726   -0.021487   -0.019354
   -0.022361    0.004309    0.009729   -0.000910
   -0.022361   -0.000241    0.005185   -0.058187
   -0.022361   -0.037155   -0.029180    0.017456
   -0.022361    0.021057   -0.001366    0.024597
   -0.022361    0.002927    0.009683   -0.004743
   -0.022361    0.004110    0.009730    0.001135
   -0.022361   -0.020264   -0.000043    0.036118
   -0.022361   -0.031455   -0.018816    0.015743
   -0.022361    0.012388    0.007740    0.035849
   -0.022361   -0.005512    0.008523   -0.009055
   -0.022361    0.023506   -0.006148   -0.001645
   -0.022361   -0.006097    0.009425    0.002941
   -0.022361   -0.011445    0.006097   -0.002007
   -0.022361    0.000495    0.010181   -0.001233
   -0.022361   -0.008942    0.007208   -0.008115
   -0.022361   -0.029282   -0.017090   -0.006143
   -0.022361   -0.044063   -0.046248   -0.003409
   -0.022361   -0.026654   -0.010381    0.020890
   -0.022361   -0.001253    0.010068   -0.003915
   -0.022361    0.030624   -0.017407   -0.009871
   -0.022361   -0.027196   -0.014395   -0.018503
   -0.022361    0.008175    0.010485    0.040057
   -0.022361   -0.000868    0.010025   -0.002688
   -0.022361   -0.043816   -0.048783   -0.028695
   -0.022361   -0.011501    0.007980    0.031969
   -0.022361   -0.009354    0.007007   -0.007072
   -0.022361   -0.001553    0.008170   -0.028919
   -0.022361   -0.023751   -0.009613   -0.004139
   -0.022361   -0.006624    0.007162   -0.017543
   -0.022361   -0.009312    0.009000    0.026785
   -0.022361   -0.021747   -0.010007   -0.052175
   -0.022361    0.011319    0.005873   -0.011445
   -0.022361    0.014238    0.005224    0.015217
   -0.022361   -0.006761    0.008631    0.001408
   -0.022361   -0.017492    0.000273   -0.007163
   -0.022361   -0.020675   -0.002056    0.026624
   -0.022361   -0.011777    0.004385   -0.014578
   -0.022361   -0.024038   -0.003944    0.055354
   -0.022361    0.001149    0.007671   -0.031378
   -0.022361   -0.001147    0.010597    0.008144
   -0.022361   -0.007576    0.008585    0.003955
   -0.022361   -0.061371   -0.091830    0.026062
   -0.022361    0.039583   -0.033707   -0.006808
   -0.022361    0.003455    0.009096   -0.014080
   -0.022361   -0.020290   -0.003348   -0.011348
   -0.022361   -0.000421    0.010194   -0.000597
   -0.022361   -0.000071    0.010097   -0.002404
   -0.022361   -0.034897   -0.026037    0.017220
   -0.022361   -0.003492    0.007844   -0.008318
   -0.022361   -0.024158   -0.009716    0.003307
   -0.022361   -0.019082    0.000189    0.017891
   -0.022361    0.017963    0.000963    0.008063
   -0.022361   -0.034996   -0.028319   -0.013016
   -0.022361   -0.002660    0.007689   -0.028600
   -0.022361    0.009639    0.005395   -0.030486
   -0.022361    0.025134   -0.008192    0.011228
   -0.022361    0.025352   -0.008029    0.032356
   -0.022361   -0.002549    0.009875   -0.002246
   -0.022361   -0.018014    0.001768    0.043548
   -0.022361   -0.000338    0.009542   -0.013388
   -0.022361    0.027149   -0.010081    0.010987
   -0.022361    0.038285   -0.032350   -0.033357
   -0.022361   -0.002193    0.005702   -0.043002
   -0.022361    0.026373   -0.010125   -0.003520
   -0.022361   -0.009309    0.009470    0.029812
   -0.022361    0.025570   -0.009290    0.008773
   -0.022361   -0.009201    0.006583   -0.012244
   -0.022361   -0.020958   -0.005634   -0.023800
   -0.022361   -0.000802    0.010188   -0.000451
   -0.022361   -0.034947   -0.027644   -0.005264
   -0.022361    0.032958   -0.021440   -0.001883
   -0.022361   -0.016932    0.002146    0.008200
   -0.022361    0.033892   -0.024133   -0.015057
   -0.022361    0.005723    0.008609   -0.000141
   -0.022361   -0.013846    0.003839   -0.006387
   -0.022361   -0.000391    0.010217   -0.001958
   -0.022361    0.027634   -0.012616   -0.016628
   -0.022361    0.019728   -0.002082   -0.012254
   -0.022361    0.018621    0.001819    0.034793
   -0.022361   -0.050340   -0.061789    0.020355
   -0.022361    0.005916    0.008790   -0.009758
   -0.022361   -0.044973   -0.050103    0.002402
   -0.022361    0.003295    0.008946   -0.005575
   -0.022361   -0.030114   -0.018119    0.004703
   -0.022361   -0.009150    0.007529    0.000607
   -0.022361    0.038695   -0.032270   -0.015916
   -0.022361   -0.022661   -0.004869    0.007146
   -0.022361    0.027657   -0.011852    0.006199
   -0.022361   -0.000327    0.010272    0.000293
   -0.022361    0.019924   -0.002400   -0.006733
   -0.022361    0.006854    0.008717   -0.001733
   -0.022361   -0.007130    0.003153   -0.052389
   -0.022361   -0.009780    0.007531    0.003160
   -0.022361    0.000847    0.010287    0.000975
   -0.022361    0.000055    0.010467    0.002958
   -0.022361    0.064143   -0.093245   -0.005385
   -0.022361   -0.015473    0.004871    0.032690
   -0.022361    0.038325   -0.033062   -0.028488
   -0.022361   -0.000829    0.010249   -0.000163
   -0.022361    0.000783    0.011828    0.028146
   -0.022361   -0.000547    0.010043   -0.002834
   -0.022361    0.012509    0.003444   -0.005753
   -0.022361   -0.061772   -0.096847   -0.011928
   -0.022361    0.002797    0.005713   -0.052237
   -0.022361    0.043825   -0.042037    0.001340
   -0.022361    0.017474   -0.000109   -0.018372
   -0.022361    0.022126   -0.005627   -0.024167
   -0.022361    0.006768    0.009688    0.011502
   -0.022361    0.025496   -0.011103   -0.041579
   -0.022361   -0.018283    0.000941    0.011186
   -0.022361    0.019283    0.000005    0.016271
   -0.022361    0.009686    0.006935   -0.006404
   -0.022361   -0.003037    0.009636   -0.007574
   -0.022361    0.001637    0.009940   -0.002938
   -0.022361   -0.030688   -0.015378    0.034746
   -0.022361    0.028238   -0.013690   -0.018728
   -0.022361    0.002065    0.010168    0.001566
   -0.022361    0.005385    0.008731   -0.010513
   -0.022361   -0.039040   -0.037566   -0.022248
   -0.022361   -0.024440   -0.012448   -0.046028
   -0.022361   -0.049569   -0.056929    0.039712
   -0.022361    0.022049   -0.003143    0.013355
   -0.022361   -0.010865    0.007099    0.018441
   -0.022361    0.042089   -0.036733    0.017343
   -0.022361    0.030606   -0.020299   -0.048751
   -0.022361   -0.026622   -0.009453    0.035046
   -0.022361    0.023886   -0.005750    0.013921
   -0.022361    0.001554    0.010686    0.011977
   -0.022361   -0.008987    0.009100    0.038403
   -0.022361   -0.006050    0.007910   -0.015846
   -0.022361   -0.048949   -0.061033   -0.004575
   -0.022361   -0.006244    0.009396    0.002700
   -0.022361   -0.011014    0.006105    0.004441
   -0.022361    0.008932    0.009216    0.020353
   -0.022361   -0.008284    0.006363   -0.024518
   -0.022361    0.032738   -0.022175   -0.034511
   -0.022361    0.029547   -0.013799    0.012365
   -0.022361    0.055808   -0.070218    0.022760
   -0.022361    0.003411    0.006724   -0.042897
   -0.022361   -0.008051    0.007453   -0.007228
   -0.022361   -0.012514    0.006253    0.013396
   -0.022361    0.038632   -0.029833    0.028684
   -0.022361    0.000320    0.010415    0.001797
   -0.022361    0.045182   -0.045286   -0.002866
   -0.022361   -0.015678    0.000986   -0.012010
   -0.022361    0.037414   -0.029245   -0.002914
   -0.022361    0.030079   -0.017958   -0.032931
   -0.022361   -0.039100   -0.038119   -0.016174
   -0.022361   -0.019771   -0.003712   -0.019501
   -0.022361    0.001181    0.010623    0.007312
   -0.022361    0.002746    0.010177   -0.000600
   -0.022361    0.008725    0.007422   -0.004004
   -0.022361   -0.001956    0.010060   -0.000585
   -0.022361    0.045027   -0.042598    0.028565
   -0.022361   -0.026904   -0.010741    0.007801
   -0.022361   -0.013872    0.003955   -0.001539
   -0.022361    0.000212    0.009940   -0.004067
   -0.022361   -0.015619    0.002099    0.004817
   -0.022361   -0.034938   -0.028494    0.000063
   -0.022361   -0.001229    0.010112   -0.001133
   -0.022361    0.012886    0.006229    0.025536
   -0.022361    0.014894    0.005081    0.022870
   -0.022361   -0.001026    0.010039   -0.002014
   -0.022361   -0.001026    0.010541    0.004344
   -0.022361    0.048836   -0.050887    0.053127
   -0.022361   -0.025799   -0.010190    0.002455
   -0.022361   -0.024407   -0.007768    0.005655
   -0.022361    0.001518    0.010166   -0.000873
   -0.022361    0.025157   -0.009209   -0.006273
   -0.022361   -0.006989    0.010400    0.033284
   -0.022361    0.003087    0.009597   -0.004243
   -0.022361    0.002244    0.009935   -0.002219
   -0.022361   -0.005150    0.009084   -0.004424
   -0.022361   -0.005419    0.008550   -0.012265
   -0.022361    0.044867   -0.042407    0.050286
   -0.022361   -0.006198    0.007805   -0.014421
   -0.022361   -0.035894   -0.030625   -0.021507
   -0.022361   -0.022580   -0.007037   -0.013082
   -0.022361    0.013550    0.004059    0.001054
   -0.022361    0.006174    0.008602   -0.005502
   -0.022361   -0.021748   -0.003479    0.029541
   -0.022361   -0.008111    0.008103   -0.002544
   -0.022361    0.016214    0.002074    0.002694
   -0.022361    0.015928    0.003124    0.006616
   -0.022361   -0.001363    0.010184   -0.001330
   -0.022361   -0.007324    0.008775    0.004920
   -0.022361   -0.004831    0.009949    0.007150
   -0.022361    0.019890   -0.001945   -0.011955
   -0.022361    0.008567    0.006800   -0.004785
   -0.022361    0.015854    0.000420   -0.030059
   -0.022361   -0.000242    0.010182   -0.000825
   -0.022361    0.001577    0.009358   -0.011941
   -0.022361   -0.021073   -0.004547   -0.005713
   -0.022361    0.013814    0.004019   -0.005648
   -0.022361    0.001647    0.010273    0.001118
   -0.022361    0.068209   -0.105802   -0.004401
   -0.022361   -0.019268   -0.004760   -0.027298
   -0.022361    0.019602   -0.001036   -0.001695
   -0.022361    0.003147    0.009687    0.007885
   -0.022361    0.040087   -0.034930   -0.022793
   -0.022361    0.000515    0.010053   -0.003843
   -0.022361   -0.035899   -0.029293   -0.005741
   -0.022361    0.046424   -0.048245   -0.013464
   -0.022361    0.014198    0.007285    0.063269
   -0.022361    0.016752    0.001009   -0.012223
   -0.022361    0.017255   -0.001338   -0.035947
   -0.022361   -0.000457    0.009710   -0.008580
   -0.022361    0.010459    0.004441   -0.035378
   -0.022361    0.016875    0.003576    0.031171
   -0.022361   -0.020173   -0.002874    0.003262
   -0.022361    0.012288    0.005128   -0.012040
   -0.022361    0.032111   -0.018369    0.021000
   -0.022361    0.031130   -0.019062   -0.016005
   -0.022361    0.024165   -0.011118   -0.051669
   -0.022361    0.017220    0.000984   -0.010473
   -0.022361   -0.011833    0.006160    0.006697
   -0.022361    0.020016   -0.000939    0.017598
   -0.022361    0.017439    0.001352    0.001187
   -0.022361    0.012255    0.006682    0.016243
   -0.022361   -0.052156   -0.064580    0.036595
   -0.022361    0.011912    0.005442   -0.007010
   -0.022361    0.009401    0.007208   -0.007303
   -0.022361   -0.001030    0.010656    0.004154
   -0.022361   -0.000694    0.009820   -0.006147
   -0.022361   -0.015531    0.000223   -0.026111
   -0.022361   -0.016635    0.002663    0.013726
   -0.022361    0.005898    0.003983   -0.064263
   -0.022361    0.022520   -0.006477   -0.018579
   -0.022361   -0.000277    0.010298    0.000423
   -0.022361   -0.002093    0.009241   -0.011349
   -0.022361    0.007611    0.008856    0.004884
   -0.022361    0.010951    0.007878    0.018379
   -0.022361   -0.039012   -0.032170    0.028812
   -0.022361    0.033086   -0.021064   -0.008207
   -0.022361   -0.003959    0.009732    0.000035
   -0.022361   -0.007200    0.011973    0.061278
   -0.022361    0.014594    0.004142    0.003903
   -0.022361    0.002001    0.010156    0.005748
   -0.022361   -0.033609   -0.022905    0.015041
   -0.022361   -0.001405    0.010034   -0.001937
   -0.022361   -0.002080    0.011541    0.031689
   -0.022361   -0.002597    0.005126   -0.053003
   -0.022361    0.024175   -0.011119   -0.054625
   -0.022361    0.048676   -0.055998   -0.026460
   -0.022361    0.043467   -0.040527    0.036594
   -0.022361    0.032203   -0.018488    0.012407
   -0.022361    0.001997    0.010898    0.011211
   -0.022361    0.046639   -0.051347   -0.044733
   -0.022361    0.000548    0.010162   -0.001216
   -0.022361    0.009242    0.005265   -0.022624
   -0.022361   -0.020002   -0.004223   -0.024510
   -0.022361   -0.038854   -0.032771    0.025994
   -0.022361   -0.002448    0.010168   -0.000353
   -0.022361    0.015300    0.003526    0.002848
   -0.022361   -0.008663    0.008027    0.002412
   -0.022361   -0.011828    0.004223   -0.018883
   -0.022361   -0.020511   -0.002904    0.002149
   -0.022361   -0.012275    0.004974   -0.005871
   -0.022361   -0.005571    0.008844   -0.004619
   -0.022361    0.006689    0.009160    0.001206
   -0.022361   -0.004763    0.009112   -0.003679
   -0.022361   -0.027994   -0.012100    0.018620
   -0.022361   -0.055221   -0.074830    0.017538
   -0.022361    0.006704    0.009353    0.005227
   -0.022361   -0.014264    0.006646    0.040997
   -0.022361   -0.031697   -0.020378    0.017726
   -0.022361    0.007719    0.009117    0.012095
   -0.022361    0.009768    0.006547   -0.005099
   -0.022361    0.000875    0.009542   -0.010021
   -0.022361   -0.002023    0.010282    0.001000
   -0.022361   -0.043087   -0.048223   -0.035212
   -0.022361   -0.026072   -0.014756   -0.021844
   -0.022361   -0.002663    0.009698   -0.003852
   -0.022361   -0.003371    0.008100   -0.021399
   -0.022361    0.004686    0.008900   -0.007974
   -0.022361   -0.013103    0.006039    0.013903
   -0.022361    0.008959    0.007571   -0.007121
   -0.022361    0.032826   -0.018042    0.035487
   -0.022361    0.026798   -0.007882    0.050242
   -0.022361   -0.004202    0.009117   -0.006234
   -0.022361    0.000468    0.008009   -0.028837
   -0.022361    0.008711    0.006673   -0.018670
   -0.022361   -0.039739   -0.035337    0.013836
   -0.022361    0.013986    0.003917   -0.005923
   -0.022361    0.006041    0.010256    0.014721
   -0.022361    0.001964    0.009542    0.005246
   -0.022361   -0.000892    0.010034   -0.002745
   -0.022361   -0.027178   -0.011426    0.006574
   -0.022361    0.031270   -0.017170    0.004309
   -0.022361    0.017119    0.001430   -0.002312
   -0.022361   -0.011758    0.007803    0.039561
   -0.022361    0.036549   -0.029528   -0.023031
   -0.022361   -0.009148    0.007503   -0.002792
   -0.022361   -0.026810   -0.009806    0.028910
   -0.022361   -0.003276    0.009487    0.002343
   -0.022361   -0.022595   -0.008133   -0.020630
   -0.022361    0.021736   -0.003357    0.006005
   -0.022361    0.011046    0.005927   -0.011106
   -0.022361   -0.022313   -0.007875   -0.022038
   -0.022361   -0.016940    0.000317   -0.012304
   -0.022361    0.003946    0.010842    0.014101
   -0.022361   -0.063857   -0.101995   -0.008145
   -0.022361   -0.005578    0.009459    0.003294
   -0.022361   -0.015713    0.004405    0.047019
   -0.022361   -0.000138    0.010160   -0.001969
   -0.022361    0.026826   -0.013436   -0.044431
   -0.022361   -0.049229   -0.062899   -0.026850
   -0.022361    0.010021    0.007670    0.004974
   -0.022361    0.000136    0.010465    0.001914
   -0.022361    0.030203   -0.016754   -0.016605
   -0.022361   -0.000010    0.009320   -0.008657
   -0.022361   -0.004020    0.010031    0.004780
   -0.022361   -0.018871   -0.000049    0.013725
   -0.022361   -0.024254   -0.006615    0.011380
   -0.022361    0.049735   -0.057702   -0.007292
   -0.022361   -0.003102    0.009309   -0.008955
   -0.022361   -0.014044    0.003315   -0.006382
   -0.022361    0.004343    0.009322   -0.006294
   -0.022361    0.024881   -0.006072    0.028685
   -0.022361    0.035375   -0.027295   -0.033866
   -0.022361    0.006165    0.008260   -0.014813
   -0.022361   -0.014860    0.003004   -0.007443
   -0.022361   -0.045676   -0.051000    0.002982
   -0.022361    0.001784    0.009581    0.003076
   -0.022361    0.030433   -0.015069    0.013337
   -0.022361   -0.048364   -0.057553   -0.009323
   -0.022361    0.025699   -0.008099    0.010535
   -0.022361    0.001915    0.009490   -0.008094
   -0.022361   -0.016981   -0.000161   -0.020106
   -0.022361    0.019115   -0.001617   -0.017504
   -0.022361   -0.003242    0.009476   -0.007646
   -0.022361    0.055681   -0.068888    0.025342
   -0.022361    0.054362   -0.067659    0.009787
   -0.022361   -0.002264    0.005586   -0.048755
   -0.022361    0.000768    0.011208    0.015306
   -0.022361   -0.003757    0.010057    0.003251
   -0.022361    0.005528    0.009136    0.017763
   -0.022361    0.023908   -0.008787   -0.035535
   -0.022361    0.007869    0.007846   -0.009249
   -0.022361    0.007210    0.009053    0.006930
   -0.022361   -0.013604    0.005486    0.016747
   -0.022361   -0.006448    0.008847   -0.002205
   -0.022361    0.060369   -0.082798   -0.000052
   -0.022361   -0.000825    0.010123   -0.001672
   -0.022361    0.002384    0.009875    0.019360
   -0.022361   -0.065427   -0.106143    0.001516
   -0.022361   -0.001422    0.010147    0.000136
   -0.022361   -0.000757    0.010219   -0.000300
   -0.022361    0.049820   -0.056115    0.011563
   -0.022361    0.018867   -0.000276    0.001088
   -0.022361   -0.015224    0.002061    0.006701
   -0.022361    0.024551   -0.008539   -0.017140
   -0.022361    0.003024    0.010010   -0.000915
   -0.022361   -0.019840   -0.004495   -0.021236
   -0.022361   -0.024765   -0.009881   -0.020178
   -0.022361   -0.000119    0.009185   -0.014089
   -0.022361   -0.016697    0.001598    0.003421
   -0.022361    0.005466    0.007420   -0.023936
   -0.022361   -0.008784    0.007713   -0.000481
   -0.022361    0.006393    0.009146    0.003029
   -0.022361    0.001741    0.010605    0.005118
   -0.022361   -0.023399   -0.006317    0.016088
   -0.022361    0.010560    0.007491    0.008868
   -0.022361   -0.033226   -0.022648    0.003348
   -0.022361   -0.005158    0.007491   -0.021130
   -0.022361    0.007818    0.008489   -0.000992
   -0.022361    0.025991   -0.007347    0.048474
   -0.022361   -0.001701    0.010172    0.000682
   -0.022361    0.022431   -0.005788   -0.013297
   -0.022361   -0.008430    0.005044   -0.035554
   -0.022361   -0.011993    0.001875   -0.032936
   -0.022361   -0.009542    0.008580    0.015363
   -0.022361   -0.003307    0.007998   -0.021622
   -0.022361   -0.030894   -0.017987    0.014916
   -0.022361    0.003376    0.009523   -0.004418
   -0.022361    0.000790    0.010923    0.007637
   -0.022361    0.000880    0.010136   -0.003837
   -0.022361    0.001767    0.009786   -0.005071
   -0.022361   -0.000435    0.010136   -0.000277
   -0.022361    0.019677   -0.000326    0.011294
   -0.022361   -0.001000    0.009906   -0.004801
   -0.022361   -0.006417    0.008328   -0.009324
   -0.022361    0.001206    0.010643    0.007910
   -0.022361   -0.002403    0.010784    0.012048
   -0.022361   -0.002359    0.010983    0.013574
   -0.022361   -0.002275    0.009528   -0.011136
   -0.022361    0.015978    0.004347    0.045159
   -0.022361    0.005102    0.011424    0.031487
   -0.022361   -0.065210   -0.106237   -0.002020
   -0.022361   -0.005632    0.008198   -0.014130
   -0.022361   -0.002323    0.009670   -0.005087
   -0.022361   -0.020525   -0.001363    0.025250
   -0.022361    0.004804    0.007541   -0.025670
   -0.022361   -0.010957    0.006779    0.013359
   -0.022361   -0.017201    0.002504    0.017575
   -0.022361    0.039362   -0.031254    0.037087
   -0.022361   -0.058917   -0.083371    0.034806
   -0.022361   -0.002554    0.010083    0.003969
   -0.022361   -0.021564   -0.003220    0.021609
   -0.022361    0.017942    0.003603    0.058393
   -0.022361   -0.020328   -0.003420   -0.012636
   -0.022361    0.034413   -0.024808   -0.018517
   -0.022361    0.001871    0.011345    0.018240
   -0.022361    0.005402    0.007809   -0.018337
   -0.022361   -0.012562    0.005988    0.012725
   -0.022361    0.000458    0.010240   -0.000313
   -0.022361    0.030154   -0.020267   -0.048788
   -0.022361   -0.019311    0.001046    0.036781
   -0.022361   -0.014870    0.004727    0.029801
   -0.022361   -0.002439    0.010364    0.004724
   -0.022361    0.000190    0.009219   -0.010051
   -0.022361   -0.001354    0.012114    0.043490
   -0.022361    0.012412    0.004789    0.010447
   -0.022361   -0.023067   -0.009803   -0.043026
   -0.022361   -0.000264    0.010203   -0.000505
   -0.022361   -0.012736    0.005591    0.020403
   -0.022361    0.000564    0.009863   -0.006154
   -0.022361    0.002760    0.009422   -0.000381
   -0.022361    0.002181    0.010371    0.003745
   -0.022361   -0.020857   -0.003786   -0.000092
   -0.022361   -0.004645    0.010288    0.010742
   -0.022361   -0.020311   -0.003312   -0.008224
   -0.022361    0.009026    0.006921   -0.016052
   -0.022361    0.017430   -0.000528   -0.018950
   -0.022361   -0.005676    0.008413   -0.005913
   -0.022361   -0.003907    0.011378    0.032079
   -0.022361   -0.006486    0.007745   -0.013910
   -0.022361   -0.003355    0.012173    0.037325
   -0.022361    0.019691   -0.003391   -0.027805
   -0.022361   -0.025010   -0.007083    0.038221
   -0.022361    0.007322    0.008084   -0.000367
   -0.022361   -0.016587    0.001492   -0.002854
   -0.022361   -0.010530    0.007098    0.003751
   -0.022361    0.033051   -0.020394    0.012498
   -0.022361   -0.022842   -0.005419    0.006498
   -0.022361    0.002996    0.010155    0.000854
   -0.022361   -0.018531   -0.000621   -0.005110
   -0.022361   -0.035941   -0.033469   -0.034131
   -0.022361   -0.001428    0.009735   -0.001463
   -0.022361    0.019174   -0.002432   -0.022081
   -0.022361   -0.001962    0.008849   -0.018240
   -0.022361   -0.002498    0.009825   -0.003140
   -0.022361    0.001230    0.006405   -0.048891
   -0.022361    0.009754    0.006434   -0.017639
   -0.022361   -0.001288    0.009918   -0.003266
   -0.022361    0.002849    0.010022   -0.001696
   -0.022361    0.019047   -0.003727   -0.024033
   -0.022361    0.024417   -0.006553    0.007632
   -0.022361   -0.036078   -0.026261    0.036792
   -0.022361   -0.032003   -0.022936   -0.024284
   -0.022361   -0.063548   -0.099412   -0.001611
   -0.022361   -0.011154    0.005841   -0.005788
   -0.022361   -0.018415    0.002531    0.048921
   -0.022361   -0.020361   -0.001726    0.016029
   -0.022361    0.003767    0.010784    0.011850
   -0.022361    0.043846   -0.041332    0.014008
   -0.022361   -0.001126    0.010112   -0.000772
   -0.022361   -0.004297    0.012521    0.056717
   -0.022361    0.008637    0.008367    0.004053
   -0.022361   -0.000513    0.009054   -0.013813
   -0.022361   -0.004334    0.006425   -0.042863
   -0.022361    0.003748    0.006049   -0.040433
   -0.022361   -0.016432    0.003940    0.049430
   -0.022361   -0.013636    0.004425   -0.001349
   -0.022361   -0.003670    0.009473   -0.004814
   -0.022361   -0.044532   -0.048276    0.002420
   -0.022361    0.003228    0.010449    0.010518
   -0.022361    0.016856    0.000099   -0.023215
   -0.022361   -0.009164    0.010414    0.059802
   -0.022361    0.005299    0.009956    0.005361
   -0.022361    0.031756   -0.020370   -0.031194
   -0.022361   -0.019875   -0.003365   -0.003951
   -0.022361   -0.006552    0.008744    0.001307
   -0.022361    0.004363    0.011412    0.039385
   -0.022361   -0.021865   -0.004939    0.017244
   -0.022361    0.021264   -0.007336   -0.055347
   -0.022361   -0.013110    0.007009    0.038816
   -0.022361    0.019907    0.000447    0.031895
   -0.022361    0.007115    0.010862    0.038640
   -0.022361    0.010965    0.008092    0.023742
   -0.022361    0.004935    0.009705    0.004479
   -0.022361   -0.000280    0.012945    0.047660
   -0.022361   -0.014249    0.003540   -0.004081
   -0.022361    0.005757    0.008800   -0.008639
   -0.022361   -0.029318   -0.015392    0.006330
   -0.022361    0.041050   -0.036660   -0.016338
   -0.022361   -0.041853   -0.042462    0.007127
   -0.022361   -0.011200    0.009017    0.050017
   -0.022361    0.032219   -0.016889    0.049320
   -0.022361    0.008326    0.006973   -0.017885
   -0.022361    0.004664    0.010632    0.018442
   -0.022361   -0.003157    0.007611   -0.026733
   -0.022361   -0.050056   -0.058484    0.039182
   -0.022361    0.015410    0.001923   -0.018245
   -0.022361    0.017008    0.002054    0.010003
   -0.022361   -0.003956    0.009971    0.003298
   -0.022361    0.062102   -0.085723    0.035905
   -0.022361    0.015260    0.005063    0.033025
   -0.022361    0.008453    0.008038   -0.001163
   -0.022361   -0.011697    0.005569   -0.004440
   -0.022361    0.019961   -0.000705    0.013935
   -0.022361   -0.002763    0.008899   -0.018232
   -0.022361    0.001138    0.009420   -0.013696
   -0.022361    0.052081   -0.058412    0.045194
   -0.022361   -0.001037    0.008870   -0.021530
   -0.022361    0.021076   -0.001777    0.034478
   -0.022361    0.050726   -0.055959    0.031989
   -0.022361    0.023799   -0.005838    0.004868
   -0.022361    0.015932    0.002485   -0.000958
   -0.022361   -0.015909    0.002777    0.017621
   -0.022361   -0.038938   -0.033222    0.009813
   -0.022361   -0.020743   -0.004130   -0.000717
   -0.022361   -0.053578   -0.072230    0.003096
   -0.022361    0.004513    0.007920   -0.022649
   -0.022361    0.011047    0.006578   -0.000476
   -0.022361   -0.033041   -0.024119   -0.014994
   -0.022361   -0.008167    0.008857    0.011051
   -0.022361   -0.013404    0.002950   -0.009468
   -0.022361    0.000280    0.010199   -0.000731
   -0.022361    0.012787    0.004039   -0.013264
   -0.022361   -0.019522   -0.004105   -0.001853
   -0.022361   -0.008881    0.006789   -0.011635
   -0.022361   -0.018882    0.001936    0.040421
   -0.022361   -0.023790   -0.003548    0.056055
   -0.022361   -0.032127   -0.023583   -0.007334
   -0.022361   -0.001689    0.009386   -0.009218
   -0.022361   -0.029032   -0.011474    0.059795
   -0.022361    0.005790    0.009152   -0.004086
   -0.022361    0.049427   -0.052058    0.046581
   -0.022361   -0.000186    0.010162   -0.001268
   -0.022361   -0.016861   -0.001612   -0.033069
   -0.022361   -0.002484    0.010668    0.009051
   -0.022361    0.000612    0.009763   -0.008098
   -0.022361    0.025149   -0.010680   -0.020846
   -0.022361   -0.004176    0.011363    0.026092
   -0.022361    0.003504    0.010447    0.006601
   -0.022361    0.019488   -0.000412    0.008618
   -0.022361   -0.017658    0.000170    0.006214
   -0.022361   -0.002128    0.007877   -0.011725
   -0.022361    0.003663    0.010522    0.018217
   -0.022361    0.000017    0.010775    0.010057
   -0.022361   -0.044677   -0.044407    0.028314
   -0.022361   -0.016141    0.002749    0.011710
   -0.022361   -0.001444    0.010554    0.004878
   -0.022361   -0.002779    0.009763   -0.002700
   -0.022361   -0.033539   -0.026436   -0.015020
   -0.022361    0.041186   -0.037386   -0.021141
   -0.022361    0.018593    0.000684    0.010244
   -0.022361    0.041461   -0.038540   -0.017571
   -0.022361   -0.006841    0.009832    0.013269
   -0.022361   -0.049851   -0.056923    0.045448
   -0.022361    0.012623    0.007312    0.043752
   -0.022361    0.006377    0.008002   -0.010425
   -0.022361   -0.009421    0.004553   -0.025926
   -0.022361   -0.032213   -0.018703    0.027152
   -0.022361   -0.003942    0.007475   -0.031612
   -0.022361    0.027845   -0.010396    0.033828
   -0.022361    0.003369    0.008814   -0.004665
   -0.022361   -0.034416   -0.026272   -0.008853
   -0.022361    0.009927    0.007816    0.008958
   -0.022361    0.011560    0.007509    0.032819
   -0.022361    0.000074    0.010163   -0.001931
   -0.022361    0.029478   -0.014232    0.015841
   -0.022361    0.028312   -0.013280    0.000014
   -0.022361   -0.000000    0.010593    0.004216
   -0.022361    0.018508    0.000819    0.008888
   -0.022361   -0.009081    0.007096    0.006925
   -0.022361   -0.014892    0.001295   -0.020805
   -0.022361    0.000174    0.011048    0.012341
   -0.022361    0.057488   -0.074699   -0.005646
   -0.022361    0.005729    0.008173   -0.018490
   -0.022361   -0.000351    0.009367    0.010901
   -0.022361    0.041590   -0.035983    0.021399
   -0.022361    0.016166    0.001880   -0.008686
   -0.022361   -0.048475   -0.058216    0.004819
   -0.022361    0.018923   -0.002972   -0.039983
   -0.022361   -0.001981    0.008718   -0.015332
   -0.022361   -0.048224   -0.057064    0.013081
   -0.022361    0.023026   -0.008052   -0.037798
   -0.022361    0.029338   -0.012050    0.042760
   -0.022361    0.044425   -0.046748   -0.028567
   -0.022361    0.044817   -0.042883    0.039907
   -0.022361    0.038628   -0.032553   -0.003765
   -0.022361    0.007966    0.008404   -0.000873
   -0.022361    0.000652    0.013123    0.053470
   -0.022361   -0.011817    0.003812   -0.020700
   -0.022361    0.003419    0.009591   -0.004083
   -0.022361    0.011138    0.007405    0.016371
   -0.022361   -0.000004    0.010209   -0.000794
   -0.022361   -0.001802    0.010338    0.004763
   -0.022361   -0.004327    0.011464    0.035251
   -0.022361   -0.004316    0.009392   -0.001903
   -0.022361    0.001777    0.010042   -0.001515
   -0.022361   -0.011790    0.006680    0.008333
   -0.022361   -0.033916   -0.028028   -0.037925
   -0.022361   -0.001906    0.009495   -0.009601
   -0.022361    0.003000    0.011276    0.021257
   -0.022361   -0.001808    0.011113    0.013662
   -0.022361    0.003307    0.006983   -0.039699
   -0.022361    0.002434    0.007865   -0.013282
   -0.022361   -0.010142    0.004077   -0.033305
   -0.022361   -0.003934    0.009275   -0.007707
   -0.022361    0.028466   -0.012685    0.002775
   -0.022361   -0.026527   -0.013132   -0.019307
   -0.022361   -0.017822    0.000364    0.002416
   -0.022361    0.025374   -0.008471   -0.005215
   -0.022361    0.000696    0.010168   -0.000936
   -0.022361    0.005580    0.009063   -0.006976
   -0.022361   -0.000723    0.010150   -0.001214
   -0.022361    0.009797    0.006350   -0.015212
   -0.022361    0.002600    0.010005   -0.001208
   -0.022361    0.005852    0.009319    0.003787
   -0.022361   -0.038335   -0.032474    0.007612
   -0.022361   -0.002038    0.010108   -0.000693
   -0.022361    0.003305    0.012592    0.061086
   -0.022361    0.046098   -0.048771   -0.023718
   -0.022361    0.008634    0.007521   -0.009248
   -0.022361   -0.014829    0.002580   -0.009405
   -0.022361    0.043217   -0.041327    0.000792
   -0.022361    0.002065    0.009706   -0.007967
   -0.022361   -0.004715    0.008841   -0.006621
   -0.022361    0.026502   -0.011154   -0.020057
   -0.022361   -0.011080    0.008976    0.043069
   -0.022361   -0.028533   -0.015405   -0.006562
   -0.022361    0.029318   -0.015006   -0.013574
   -0.022361   -0.002084    0.006315   -0.029940
   -0.022361   -0.001222    0.008359   -0.021078
   -0.022361   -0.001859    0.009395   -0.012279
   -0.022361    0.001670    0.010057   -0.002163
   -0.022361    0.008916    0.006294   -0.024954
   -0.022361    0.021711   -0.004321   -0.009567
   -0.022361   -0.048635   -0.053457    0.042641
   -0.022361    0.003919    0.009971    0.004060
   -0.022361    0.027776   -0.011372    0.013978
   -0.022361   -0.008024    0.008102    0.000555
   -0.022361   -0.024945   -0.011732   -0.028343
   -0.022361   -0.015195    0.000675   -0.028025
   -0.022361    0.005991    0.009650    0.007512
   -0.022361   -0.012306    0.007991    0.036931
   -0.022361   -0.010903    0.005994   -0.003809
   -0.022361    0.008388    0.007519   -0.010632
   -0.022361   -0.005646    0.008969   -0.003585
   -0.022361   -0.007967    0.007369   -0.011726
   -0.022361   -0.026538   -0.011466   -0.002112
   -0.022361    0.012551    0.005139   -0.009764
   -0.022361    0.046697   -0.046750    0.036257
   -0.022361   -0.005184    0.009072   -0.005567
   -0.022361    0.054110   -0.068763   -0.031879
   -0.022361   -0.021804   -0.006245    0.004687
   -0.022361   -0.000451    0.010268    0.001430
   -0.022361    0.004323    0.009834   -0.000546
   -0.022361   -0.015724    0.001206   -0.010873
   -0.022361   -0.057262   -0.082813   -0.006561
   -0.022361   -0.034671   -0.029705   -0.034227
   -0.022361   -0.008498    0.008658    0.028630
   -0.022361    0.024621   -0.006689    0.011913
   -0.022361    0.032818   -0.019801    0.014171
   -0.022361    0.003539    0.010380    0.007615
   -0.022361    0.000745    0.010179    0.000091
   -0.022361    0.001651    0.010686    0.005805
   -0.022361    0.063271   -0.089710    0.021543
   -0.022361    0.010293    0.009380    0.045997
   -0.022361   -0.020092   -0.002491    0.007397
   -0.022361    0.015173    0.002557   -0.007723
   -0.022361   -0.021328   -0.004014   -0.003874
   -0.022361   -0.014531    0.000868   -0.028712
   -0.022361    0.013225    0.002846   -0.017187
   -0.022361    0.014504    0.004475    0.013442
   -0.022361   -0.021359   -0.001263    0.034353
   -0.022361   -0.005765    0.005501   -0.042863
   -0.022361    0.069620   -0.109561   -0.000231
   -0.022361    0.015428    0.005205    0.052118
   -0.022361   -0.052241   -0.068394   -0.007830
   -0.022361    0.003499    0.006597   -0.041520
   -0.022361    0.010055    0.005815   -0.011256
   -0.022361   -0.023633   -0.006810    0.010244
   -0.022361   -0.005301    0.007300   -0.022087
   -0.022361    0.017455    0.002478    0.019206
   -0.022361   -0.023265   -0.005453    0.018742
   -0.022361    0.000769    0.010246    0.000865
   -0.022361   -0.002925    0.011405    0.034273
   -0.022361    0.006069    0.009234    0.004433
   -0.022361   -0.021240    0.000176    0.056890
   -0.022361   -0.041001   -0.040370   -0.001216
   -0.022361    0.005504    0.008434   -0.000696
   -0.022361   -0.009968    0.009791    0.045492
   -0.022361   -0.027814   -0.014982   -0.018302
   -0.022361   -0.015154    0.005505    0.042400
   -0.022361    0.030122   -0.015842   -0.005020
   -0.022361   -0.003293    0.009801   -0.001901
   -0.022361    0.010947    0.006960    0.003739
   -0.022361   -0.010429    0.006938    0.006053
   -0.022361    0.003126    0.008701   -0.016705
   -0.022361    0.001700    0.012248    0.042783
   -0.022361   -0.023313   -0.008574   -0.019517
   -0.022361   -0.012210    0.007306    0.023153
   -0.022361   -0.017501    0.001313    0.005149
   -0.022361    0.005613    0.009546    0.015427
   -0.022361   -0.001841    0.010120   -0.000315
   -0.022361   -0.007693    0.006870   -0.015460
   -0.022361    0.012546    0.007018    0.037687
   -0.022361   -0.013088    0.004081   -0.006462
   -0.022361   -0.018774   -0.004330   -0.017653
   -0.022361   -0.012584    0.004884    0.019133
   -0.022361    0.057003   -0.074505    0.007606
   -0.022361   -0.015710    0.000818   -0.023876
   -0.022361    0.016397   -0.000362   -0.025905
   -0.022361    0.008831    0.005741   -0.029557
   -0.022361    0.031285   -0.020557   -0.040889
   -0.022361   -0.002850    0.009751   -0.000179
   -0.022361   -0.000974    0.010104   -0.003354
   -0.022361    0.002031    0.008559   -0.018211
   -0.022361   -0.005991    0.007874   -0.015427
   -0.022361   -0.025357   -0.010065   -0.003370
   -0.022361    0.010068    0.007281    0.006146
   -0.022361   -0.032938   -0.021247    0.030049
   -0.022361    0.011748    0.004714   -0.019866
   -0.022361   -0.015922    0.002332    0.003279
   -0.022361    0.003510    0.009991    0.001834
   -0.022361   -0.000033    0.010039   -0.003771
   -0.022361    0.013623    0.004092   -0.010553
   -0.022361    0.021214   -0.002597    0.002503
   -0.022361   -0.006454    0.009732    0.009772
   -0.022361   -0.013385    0.002945   -0.019989
   -0.022361   -0.010868    0.009453    0.053040
   -0.022361    0.016583   -0.000690   -0.040004
   -0.022361   -0.014605    0.001151   -0.019909
   -0.022361   -0.008744    0.007295   -0.009689
   -0.022361   -0.013789    0.004778    0.031186
   -0.022361    0.000923    0.010226   -0.000682
   -0.022361    0.005345    0.009996    0.009725
   -0.022361    0.007633    0.010607    0.048416
   -0.022361   -0.002318    0.012639    0.043577
   -0.022361   -0.004184    0.011147    0.026022
   -0.022361   -0.000238    0.009335   -0.013779
   -0.022361    0.019746   -0.000788    0.008624
   -0.022361   -0.039119   -0.031727    0.043890
   -0.022361   -0.005678    0.009453    0.001003
   -0.022361   -0.041539   -0.035879    0.050430
   -0.022361    0.001415    0.009598   -0.007337
   -0.022361    0.028107   -0.014494   -0.014577
   -0.022361    0.002767    0.010048    0.005319
   -0.022361    0.005093    0.004317   -0.054855
   -0.022361    0.038051   -0.033547   -0.040811
   -0.022361    0.041147   -0.036045   -0.000110
   -0.022361    0.003705    0.009441   -0.007540
   -0.022361   -0.001335    0.009734   -0.006926
   -0.022361    0.002800    0.011932    0.049790
   -0.022361   -0.017322    0.000910    0.015687
   -0.022361   -0.020650   -0.007456   -0.050070
   -0.022361   -0.000024    0.008020   -0.031935
   -0.022361    0.006733    0.008620   -0.005274
   -0.022361    0.000850    0.011080    0.012501
   -0.022361   -0.020710   -0.001127    0.022382
   -0.022361   -0.006951    0.008555   -0.001333
   -0.022361    0.008076    0.006874   -0.001184
   -0.022361    0.007781    0.009796    0.024597
   -0.022361    0.000410    0.010192   -0.000987
   -0.022361   -0.010795    0.007048    0.015849
   -0.022361   -0.029739   -0.015225    0.009937
   -0.022361   -0.006640    0.010366    0.024384
   -0.022361    0.032121   -0.018880    0.005258
   -0.022361   -0.001320    0.009780   -0.008412
   -0.022361    0.025187   -0.006030    0.050160
   -0.022361   -0.016428   -0.000139   -0.021527
   -0.022361   -0.032808   -0.020865    0.023245
   -0.022361   -0.023802   -0.006599    0.008539
   -0.022361   -0.003616    0.009425   -0.003324
   -0.022361    0.013884    0.003941   -0.012090
   -0.022361   -0.001183    0.010018   -0.002557
   -0.022361   -0.003183    0.007799   -0.029435
   -0.022361   -0.000827    0.010742    0.008522
   -0.022361    0.011513    0.006633    0.006883
   -0.022361   -0.013091    0.008381    0.060841
   -0.022361    0.030160   -0.017003   -0.007798
   -0.022361   -0.018401   -0.001436   -0.013177
   -0.022361    0.007545    0.008671    0.002767
   -0.022361    0.018622    0.001866    0.032810
   -0.022361   -0.038891   -0.037996   -0.027561
   -0.022361   -0.009324    0.007609    0.002477
   -0.022361    0.031055   -0.018145    0.015677
   -0.022361    0.009113    0.005102   -0.031826
   -0.022361   -0.022521   -0.004923    0.009144
   -0.022361    0.001124    0.007655   -0.036756
   -0.022361   -0.038102   -0.035759   -0.024827
   -0.022361    0.035161   -0.023834    0.019061
   -0.022361   -0.020537   -0.001185    0.022450
   -0.022361    0.003305    0.010428    0.004640
   -0.022361   -0.029145   -0.016011   -0.006268
   -0.022361   -0.031188   -0.016944    0.025720
   -0.022361    0.008308    0.008720    0.013974
   -0.022361   -0.011771    0.005772    0.010570
   -0.022361    0.002803    0.011038    0.013033
   -0.022361   -0.023571   -0.005960    0.027545
   -0.022361    0.037263   -0.029991   -0.007723
   -0.022361    0.014168    0.000879   -0.043975
   -0.022361    0.024131   -0.005932    0.035046
   -0.022361   -0.029270   -0.014877    0.006711
   -0.022361   -0.029516   -0.022405   -0.051816
   -0.022361    0.004124    0.012584    0.059476
   -0.022361    0.011195    0.006650    0.001689
   -0.022361   -0.000036    0.010621    0.003924
   -0.022361   -0.035732   -0.027352    0.015510
   -0.022361   -0.001711    0.010091   -0.001494
   -0.022361    0.022831   -0.007462   -0.040039
   -0.022361   -0.008156    0.008417    0.003268
   -0.022361   -0.021186   -0.004404   -0.011373
   -0.022361    0.011943    0.003648   -0.030271
   -0.022361    0.014515    0.003572   -0.000645
   -0.022361   -0.029599   -0.018378   -0.016528
   -0.022361    0.009522    0.009893    0.049279
   -0.022361   -0.002800    0.010140   -0.000791
   -0.022361    0.003534    0.004908   -0.055555
   -0.022361    0.013058    0.003826   -0.020662
   -0.022361   -0.008876    0.006208   -0.020483
   -0.022361    0.009635    0.009477    0.036850
   -0.022361   -0.000089    0.010249   -0.000231
   -0.022361    0.032194   -0.017529    0.022454
   -0.022361   -0.001658    0.009906   -0.006458
   -0.022361    0.007109    0.009984    0.022366
   -0.022361    0.001461    0.006167   -0.050188
   -0.022361    0.001080    0.010165   -0.000773
   -0.022361   -0.003594    0.010641    0.009024
   -0.022361   -0.018057    0.001364    0.024990
   -0.022361    0.005947    0.007052   -0.029381
   -0.022361   -0.005617    0.009601    0.006377
   -0.022361    0.001100    0.010171    0.000356
   -0.022361   -0.022051   -0.006363   -0.019274
   -0.022361   -0.031191   -0.015582    0.052752
   -0.022361   -0.000196    0.010096   -0.001643
   -0.022361   -0.014960    0.004167    0.009615
   -0.022361    0.031933   -0.020127   -0.023182
   -0.022361   -0.036946   -0.034594   -0.045455
   -0.022361    0.051743   -0.058207    0.034406
   -0.022361    0.005333    0.006248   -0.026496
   -0.022361    0.005941    0.009521    0.007230
   -0.022361    0.013967    0.002996   -0.021764
   -0.022361   -0.033703   -0.022396    0.030058
   -0.022361    0.006266    0.011193    0.035513
   -0.022361   -0.033863   -0.022402    0.019320
   -0.022361   -0.019815   -0.002686   -0.003307
   -0.022361    0.009244    0.009857    0.038820
   -0.022361    0.022228   -0.004276   -0.003166
   -0.022361   -0.004480    0.006166   -0.027336
   -0.022361   -0.027766   -0.011474    0.025668
   -0.022361   -0.012187    0.006542    0.011111
   -0.022361   -0.023367   -0.006417    0.008059
   -0.022361    0.038939   -0.030530    0.034018
   -0.022361   -0.000169    0.010245    0.000364
   -0.022361   -0.033379   -0.023698   -0.005068
   -0.022361    0.010234    0.007747    0.012735
   -0.022361    0.006542    0.009056    0.000740
   -0.022361    0.006287    0.009422    0.006583
   -0.022361   -0.028294   -0.016963   -0.011617
   -0.022361   -0.030785   -0.017825    0.009181
   -0.022361    0.006350    0.009212    0.015929
   -0.022361   -0.069182   -0.116126    0.018797
   -0.022361    0.000927    0.009641   -0.005140
   -0.022361   -0.006549    0.007099   -0.022364
   -0.022361   -0.026798   -0.008831    0.038243
   -0.022361   -0.011006    0.005869   -0.004873
   -0.022361    0.004171    0.009386   -0.006468
   -0.022361    0.046573   -0.049730   -0.007217
   -0.022361    0.006141    0.008942   -0.002633
   -0.022361    0.005869    0.012317    0.061396
   -0.022361    0.005886    0.008456   -0.008116
   -0.022361   -0.015257    0.003961    0.013275
   -0.022361   -0.039490   -0.036594    0.012738
   -0.022361   -0.010569    0.005274   -0.020474
   -0.022361    0.022339   -0.003219    0.036491
   -0.022361    0.005408    0.008318   -0.006462
   -0.022361    0.035023   -0.027623   -0.043539
   -0.022361    0.020552   -0.002870   -0.010953
   -0.022361    0.007511    0.005938   -0.037873
   -0.022361    0.006326    0.008976   -0.000312
   -0.022361    0.016072   -0.000675   -0.029626
   -0.022361   -0.000191    0.009858   -0.008112
   -0.022361    0.007954    0.004306   -0.033615
   -0.022361   -0.027058   -0.016303   -0.036847
   -0.022361   -0.058976   -0.087999   -0.010564
   -0.022361   -0.014334    0.002348   -0.019600
   -0.022361   -0.006278    0.010806    0.030110
   -0.022361   -0.008823    0.006827   -0.009676
   -0.022361    0.008548    0.007974   -0.004540
   -0.022361   -0.024430   -0.007150    0.019724
   -0.022361   -0.028818   -0.013400    0.018201
   -0.022361   -0.031913   -0.021112   -0.014317
   -0.022361   -0.000125    0.011123    0.011338
   -0.022361   -0.008048    0.007167   -0.013297
   -0.022361   -0.010061    0.006816   -0.000921
   -0.022361   -0.023859   -0.005366    0.028352
   -0.022361    0.030997   -0.017870   -0.003894
   -0.022361    0.000555    0.010284   -0.000196
   -0.022361    0.035667   -0.028943   -0.040258
   -0.022361    0.029215   -0.014007   -0.001130
   -0.022361    0.009349    0.007313    0.000082
   -0.022361    0.002730    0.009792   -0.002704
   -0.022361    0.022122   -0.005072   -0.006344
   -0.022361   -0.012007    0.004150   -0.021525
   -0.022361   -0.019054   -0.003755   -0.031956
   -0.022361    0.042653   -0.039996    0.018377
   -0.022361    0.010291    0.009842    0.056250
   -0.022361    0.024436   -0.005278    0.030455
   -0.022361   -0.014437    0.000454   -0.032186
   -0.022361    0.016761   -0.000123   -0.019059
   -0.022361   -0.003368    0.010637    0.008216
   -0.022361   -0.003512    0.010038    0.001178
   -0.022361    0.004751    0.011509    0.031594
   -0.022361    0.010297    0.009815    0.052188
   -0.022361    0.010480    0.006815   -0.005820
   -0.022361   -0.003676    0.010753    0.017115
   -0.022361    0.014003    0.000542   -0.042404
   -0.022361    0.021331   -0.003991    0.008250
   -0.022361   -0.016725    0.000813   -0.006088
   -0.022361   -0.017212   -0.001358   -0.015066
   -0.022361   -0.026651   -0.010430    0.015425
   -0.022361    0.000103    0.010403    0.000954
   -0.022361    0.014256    0.003651   -0.005311
   -0.022361   -0.014961    0.002596   -0.006051
   -0.022361   -0.002895    0.009937   -0.000364
   -0.022361    0.001893    0.010332    0.003561
   -0.022361    0.011079    0.001322   -0.055947
   -0.022361    0.045159   -0.043830    0.011554
   -0.022361   -0.000305    0.010267   -0.000164
   -0.022361    0.020377   -0.003595   -0.019328
   -0.022361    0.005787    0.008925   -0.002853
   -0.022361   -0.018957    0.002162    0.044669
   -0.022361    0.001480    0.010496    0.001908
   -0.022361   -0.009238    0.008604    0.015112
   -0.022361    0.008702    0.008590    0.010549
   -0.022361   -0.025657   -0.013366   -0.033376
   -0.022361    0.017463    0.002401    0.030144
   -0.022361   -0.034002   -0.023297    0.029170
   -0.022361   -0.012458    0.005219   -0.000267
   -0.022361    0.006678    0.007560   -0.022792
   -0.022361   -0.009079    0.007286    0.002994
   -0.022361    0.000662    0.010537    0.003088
   -0.022361    0.008402    0.005684   -0.033392
   -0.022361    0.060858   -0.083911    0.012615
   -0.022361    0.032545   -0.022219   -0.016087
   -0.022361    0.009182    0.007492   -0.003513
   -0.022361    0.062505   -0.088703   -0.000704
   -0.022361   -0.002514    0.009767   -0.004605
   -0.022361    0.012932    0.005342    0.001825
   -0.022361   -0.003364    0.010030    0.003968
   -0.022361   -0.033614   -0.026683   -0.015516
   -0.022361   -0.003248    0.009980    0.000867
   -0.022361   -0.003914    0.010648    0.010618
   -0.022361   -0.005056    0.009677    0.002411
   -0.022361   -0.009895    0.007723    0.009894
   -0.022361    0.009998    0.008962    0.035125
   -0.022361   -0.005915    0.006390   -0.036931
   -0.022361    0.031281   -0.016033    0.041686
   -0.022361   -0.033349   -0.023620   -0.002627
   -0.022361   -0.001171    0.010578    0.005358
   -0.022361   -0.007549    0.007707   -0.004983
   -0.022361   -0.020160   -0.003241   -0.014479
   -0.022361    0.053933   -0.067728   -0.004765
   -0.022361    0.000332    0.010257   -0.000436
   -0.022361   -0.000250    0.010179   -0.001167
   -0.022361    0.009631    0.008939    0.027266
   -0.022361   -0.001904    0.011360    0.024780
   -0.022361    0.006180    0.008629   -0.010451
   -0.022361    0.000198    0.010158   -0.003273
   -0.022361    0.020459   -0.001786    0.019441
   -0.022361   -0.011542    0.002517   -0.037769
   -0.022361    0.019920   -0.001257    0.001510
   -0.022361    0.040249   -0.034158   -0.000537
   -0.022361   -0.039439   -0.032217    0.054359
   -0.022361   -0.017396    0.001332    0.010714
   -0.022361    0.003460    0.010014    0.001277
   -0.022361   -0.002818    0.009944   -0.001029
   -0.022361   -0.010529    0.006949    0.005711
   -0.022361    0.020170   -0.003831   -0.016679
   -0.022361   -0.044068   -0.048229    0.004727
   -0.022361    0.014060    0.004198   -0.004342
   -0.022361    0.052388   -0.062553    0.016570
   -0.022361   -0.049261   -0.061363   -0.002796
   -0.022361    0.012518    0.006641    0.017359
   -0.022361   -0.003312    0.008941   -0.010883
   -0.022361   -0.014031    0.005992    0.039118
   -0.022361   -0.001115    0.010395    0.001527
   -0.022361   -0.017140    0.002410    0.015466
   -0.022361    0.029921   -0.013465    0.044459
   -0.022361    0.006428    0.010359    0.021107
   -0.022361    0.004678    0.011938    0.053644
   -0.022361   -0.002156    0.010093    0.000344
   -0.022361   -0.003415    0.009731   -0.001094
   -0.022361    0.026519   -0.009873    0.000439
   -0.022361    0.004462    0.009241   -0.005872
   -0.022361   -0.000270    0.008430   -0.023113
   -0.022361   -0.004979    0.009601    0.003644
   -0.022361    0.031010   -0.016974    0.005234
   -0.022361    0.016619    0.002444    0.012715
   -0.022361    0.015804    0.003174    0.007583
   -0.022361    0.000209    0.010279    0.001002
   -0.022361    0.003677    0.009763   -0.003291
   -0.022361   -0.033948   -0.020835    0.042485
   -0.022361   -0.012901    0.005363    0.007050
   -0.022361   -0.000291    0.009383   -0.010655
   -0.022361    0.000353    0.011970    0.029569
   -0.022361   -0.024547   -0.007931    0.015000
   -0.022361   -0.001872    0.008243   -0.022345
   -0.022361    0.008983    0.008274    0.005954
   -0.022361   -0.009079    0.007891    0.014392
   -0.022361    0.037601   -0.029629   -0.009585
   -0.022361   -0.004572    0.011076    0.022466
   -0.022361    0.022623   -0.004507    0.009468
   -0.022361    0.008203    0.008886    0.031176
   -0.022361   -0.044623   -0.045854    0.035160
   -0.022361    0.024562   -0.008259    0.000510
   -0.022361   -0.028540   -0.019450   -0.031211
   -0.022361   -0.056000   -0.076169    0.009309
   -0.022361   -0.002073    0.009906   -0.003141
   -0.022361   -0.007403    0.006212   -0.011083
   -0.022361   -0.004198    0.009789    0.002492
   -0.022361    0.049088   -0.053377    0.033336
   -0.022361   -0.003323    0.012705    0.056154
   -0.022361    0.002660    0.006988   -0.042044
   -0.022361    0.009436    0.007359   -0.005841
   -0.022361   -0.005452    0.009381    0.002908
   -0.022361    0.015634    0.002991   -0.002831
   -0.022361   -0.001437    0.012578    0.042404
   -0.022361    0.027675   -0.015325   -0.025273
   -0.022361    0.051539   -0.062022   -0.024683
   -0.022361   -0.024204   -0.008382   -0.003760
   -0.022361   -0.023776   -0.010171   -0.029810
   -0.022361   -0.004427    0.004989   -0.050881
   -0.022361   -0.007314    0.010109    0.021165
   -0.022361   -0.007705    0.008227   -0.000663
   -0.022361   -0.012437    0.005528    0.005508
   -0.022361    0.010521    0.006440   -0.003424
   -0.022361   -0.003177    0.009953   -0.000019
   -0.022361   -0.017310   -0.000078   -0.003287
   -0.022361    0.000921    0.010937    0.009149
   -0.022361    0.042181   -0.037333    0.026840
   -0.022361    0.051043   -0.057743    0.015821
   -0.022361   -0.001062    0.010395    0.003194
   -0.022361   -0.000456    0.010527    0.003398
   -0.022361   -0.035338   -0.025658    0.030037
   -0.022361   -0.002872    0.010348    0.008039
   -0.022361   -0.014984    0.000406   -0.031673
   -0.022361    0.006398    0.008623   -0.005430
   -0.022361   -0.000640    0.010092   -0.002158
   -0.022361   -0.014207    0.002592   -0.014319
   -0.022361   -0.007261    0.008253   -0.006011
   -0.022361    0.024588   -0.008122   -0.009831
   -0.022361   -0.001021    0.010275    0.000946
   -0.022361    0.069141   -0.107874   -0.003547
   -0.022361    0.024108   -0.007518   -0.016600
   -0.022361   -0.005906    0.009197    0.001600
   -0.022361   -0.010217    0.009393    0.044588
   -0.022361    0.034116   -0.023524   -0.003652
   -0.022361   -0.007291    0.003074   -0.060032
   -0.022361   -0.021354   -0.002009    0.026769
   -0.022361    0.030784   -0.016163    0.010537
   -0.022361    0.016055   -0.001845   -0.038156
   -0.022361   -0.001307    0.010637    0.007862
   -0.022361    0.002912    0.010337    0.007804
   -0.022361    0.053086   -0.066272   -0.017084
   -0.022361    0.033855   -0.023337   -0.014855
   -0.022361   -0.008582    0.005166   -0.033523
   -0.022361   -0.000993    0.010055   -0.005797
   -0.022361    0.006287    0.009107    0.000132
   -0.022361    0.020031   -0.001440   -0.000402
   -0.022361    0.005619    0.011952    0.053497
   -0.022361    0.013064    0.001826   -0.038491
   -0.022361    0.003370    0.009901   -0.000649
   -0.022361   -0.027240   -0.012700   -0.007828
   -0.022361    0.023426   -0.005258    0.004737
   -0.022361    0.043270   -0.038485    0.044882
   -0.022361    0.020392    0.001049    0.063342
   -0.022361    0.001941    0.009957   -0.003502
   -0.022361   -0.011519    0.006023    0.000678
   -0.022361    0.026261   -0.011573   -0.012310
   -0.022361    0.047654   -0.053443   -0.031370
   -0.022361   -0.017857   -0.004325   -0.051045
   -0.022361   -0.007389    0.008802    0.005040
   -0.022361    0.029868   -0.019278   -0.041260
   -0.022361   -0.012252    0.004511   -0.011063
   -0.022361   -0.013331    0.004035   -0.004049
   -0.022361   -0.004992    0.009235   -0.000771
   -0.022361   -0.014369    0.004041    0.004326
   -0.022361   -0.011566    0.006447    0.022807
   -0.022361    0.031663   -0.017653    0.011360
   -0.022361   -0.020765   -0.007892   -0.032557
   -0.022361   -0.006525    0.004339   -0.054642
   -0.022361   -0.005508    0.008307   -0.016370
   -0.022361    0.004800    0.010112    0.005227
   -0.022361    0.002389    0.009353   -0.011296
   -0.022361    0.002055    0.011305    0.016804
   -0.022361   -0.021765   -0.004845   -0.003259
   -0.022361    0.002370    0.005648   -0.055904
   -0.022361   -0.004401    0.009442   -0.002221
   -0.022361   -0.005310    0.009058   -0.002162
   -0.022361   -0.000947    0.010953    0.013402
   -0.022361    0.009661    0.007739    0.003933
   -0.022361   -0.007792    0.005302   -0.032709
   -0.022361   -0.006755    0.007542   -0.019144
   -0.022361    0.002709    0.010819    0.014729
   -0.022361   -0.003866    0.009394   -0.004622
   -0.022361   -0.000858    0.009788   -0.009621
   -0.022361   -0.032019   -0.018532    0.039869
   -0.022361    0.043368   -0.040845    0.005670
   -0.022361    0.005711    0.008656   -0.002925
   -0.022361    0.005709    0.007911   -0.021524
   -0.022361    0.010399    0.006017   -0.014430
   -0.022361    0.026835   -0.009657    0.018034
   -0.022361    0.032107   -0.019673   -0.013176
   -0.022361    0.038970   -0.031132    0.018484
   -0.022361    0.003525    0.008211   -0.025705
