# First column is original location on swiss roll
# Next columns are points in diffusion space
# Note that first (trivial) eigenvector not used.
# In gnuplot to plot the first dimensions try:
#   plot 'dmap.dat' u 2:3:1 w points palette
# time =     0.000000
# bandwidth =   100.000000
   -0.747000   -0.023798    0.031029    0.045844
    0.588000    0.020270    0.034385    0.001981
    0.199000    0.007341    0.015162    0.018246
   -0.558000   -0.017610    0.048338    0.043101
   -0.340000   -0.010448    0.000742    0.011422
    0.481000    0.015832    0.006315   -0.037820
   -0.524000   -0.016704   -0.040626    0.005011
   -0.496000   -0.016267    0.045695    0.012413
    0.099000    0.003910    0.042938    0.000419
    0.862000    0.029743    0.028115    0.005842
    0.347000    0.012931   -0.021036    0.052210
    0.860000    0.029891    0.024691    0.021520
   -0.109000   -0.003373   -0.000282    0.002643
   -0.035000   -0.000239   -0.001357    0.008024
   -0.283000   -0.009722   -0.007755   -0.047630
   -0.888000   -0.029371   -0.012144   -0.017331
   -0.166000   -0.005629   -0.018793   -0.025851
    0.770000    0.026987    0.004052    0.022374
   -0.567000   -0.017850   -0.023513    0.035070
   -0.068000   -0.001744   -0.005493    0.009742
   -1.162000   -0.038594    0.001982   -0.004471
   -0.046000   -0.001981    0.030994   -0.037060
   -0.494000   -0.015852   -0.014135   -0.009094
    1.379000    0.046198   -0.021030   -0.035028
    1.082000    0.036478   -0.002585   -0.017796
   -1.056000   -0.035114    0.031527    0.001392
    0.194000    0.006723   -0.043915   -0.014059
   -1.372000   -0.046183    0.015975   -0.038691
   -0.752000   -0.024483    0.029720    0.017025
    0.189000    0.006411   -0.004473   -0.009227
    0.480000    0.015627   -0.018753   -0.034803
    0.674000    0.022519    0.008103    0.000180
   -0.100000   -0.003424   -0.005119   -0.008832
   -0.096000   -0.002384   -0.016153    0.010978
   -0.462000   -0.015228   -0.014187    0.002396
   -0.029000   -0.000625   -0.007765    0.003033
    0.156000    0.005465   -0.049854   -0.023084
   -0.696000   -0.022924   -0.017770   -0.028550
   -0.896000   -0.029542   -0.052341   -0.024123
   -0.031000   -0.000738   -0.000676    0.001773
    0.154000    0.005627   -0.025598   -0.020955
    0.154000    0.005714    0.000637   -0.001464
    0.015000    0.000673   -0.002003    0.000153
    0.755000    0.026375   -0.055165    0.022679
    0.127000    0.004762   -0.004605    0.002605
   -0.157000   -0.005100   -0.001072    0.001608
    0.444000    0.015373    0.005426    0.026715
   -0.039000   -0.001905    0.042502   -0.039519
   -1.329000   -0.044441    0.024914   -0.025288
   -0.292000   -0.008886   -0.013517    0.009075
   -0.057000   -0.002120   -0.005479   -0.013754
   -0.704000   -0.022939   -0.008490    0.020989
   -0.129000   -0.004146    0.016838    0.002333
   -0.039000   -0.000696    0.000918    0.000562
    0.055000    0.001913    0.000756   -0.014173
    0.764000    0.026627   -0.007998    0.049649
   -0.495000   -0.015464   -0.001646    0.050983
   -0.612000   -0.019536    0.007051    0.034139
   -0.265000   -0.008503   -0.007940    0.005635
    0.179000    0.006229   -0.040029   -0.005349
    0.015000    0.000531    0.001253    0.000544
   -1.388000   -0.046087    0.033030    0.011306
    1.722000    0.058042   -0.024216   -0.006713
    0.448000    0.015409    0.006582   -0.015503
   -0.000000    0.000424    0.001825    0.000461
   -0.489000   -0.015326   -0.034195    0.042420
    0.086000    0.003336    0.044314   -0.009374
    0.283000    0.009544   -0.025043   -0.035656
    1.461000    0.049556   -0.032814    0.007265
   -0.218000   -0.007654    0.023410   -0.056774
    0.182000    0.006727   -0.002743    0.020562
    0.621000    0.020372    0.001893   -0.024387
   -1.233000   -0.040127   -0.016028    0.041727
   -0.318000   -0.011303   -0.003584   -0.044345
    1.499000    0.051360   -0.003767    0.025300
    0.209000    0.007793   -0.001159    0.041288
    0.183000    0.006567    0.016360   -0.002040
    0.180000    0.007776   -0.018064    0.059781
   -0.106000   -0.002582   -0.011229    0.009344
   -1.321000   -0.044053   -0.022649   -0.001346
   -0.571000   -0.018145    0.036851    0.015283
    0.058000    0.002530   -0.000457   -0.006093
    0.394000    0.013066   -0.019013   -0.024477
   -0.160000   -0.005250    0.008343   -0.010700
    0.017000    0.001451    0.014015    0.033796
    0.836000    0.029109   -0.020628    0.050202
    0.653000    0.021384    0.009931   -0.024509
   -0.361000   -0.011070   -0.037274    0.013359
    1.110000    0.037299   -0.047736   -0.006947
    0.031000    0.001670    0.004739    0.010814
    0.196000    0.006738   -0.047515   -0.017249
    0.315000    0.011579   -0.015456    0.011432
    0.639000    0.022385    0.019137    0.045830
    0.317000    0.011524    0.010140    0.022826
    0.732000    0.024052   -0.025391   -0.031301
   -0.639000   -0.021286   -0.012380   -0.003189
   -0.560000   -0.017922    0.033349    0.023221
    0.122000    0.005088   -0.027680    0.052145
    0.873000    0.029651   -0.047855    0.014604
   -0.111000   -0.003216    0.007763    0.004434
    0.231000    0.007715    0.035914   -0.030905
    0.455000    0.015583   -0.029737   -0.009918
   -0.204000   -0.006789    0.025094   -0.004371
    1.333000    0.045021    0.036302    0.024699
   -0.525000   -0.016800   -0.050908   -0.004566
   -0.058000   -0.001916    0.007182   -0.009825
    0.103000    0.003441    0.014453   -0.008770
   -0.001000    0.000203    0.000307   -0.000484
    0.644000    0.022263    0.003077    0.005474
   -0.281000   -0.008701   -0.030667    0.036948
   -0.641000   -0.020986    0.005927    0.003809
   -0.447000   -0.015046   -0.037178   -0.005964
   -0.363000   -0.011260   -0.037740    0.050944
    1.405000    0.046634    0.019114   -0.026487
    0.104000    0.004174    0.002788   -0.008696
   -0.982000   -0.033285   -0.014431   -0.032738
   -0.571000   -0.018319    0.009856    0.020434
   -0.130000   -0.003497    0.004159    0.006863
    0.762000    0.025571   -0.032799   -0.036295
   -0.592000   -0.019354    0.042775    0.019890
   -0.181000   -0.005570    0.004544    0.002994
   -0.368000   -0.011691    0.031017    0.009032
   -0.754000   -0.025357   -0.015535   -0.055775
    0.764000    0.026346   -0.017023    0.020975
   -0.647000   -0.022086   -0.002390   -0.026455
    0.218000    0.008250    0.011986    0.008774
    1.131000    0.039121   -0.001400    0.046251
   -0.334000   -0.010147    0.038214    0.038360
    0.106000    0.003789    0.004857    0.002510
   -0.166000   -0.005132   -0.002795   -0.017674
    1.076000    0.036661   -0.025855    0.000502
    0.365000    0.012174    0.028366   -0.004040
   -0.001000    0.000486   -0.011414    0.024889
    1.049000    0.035473    0.043311   -0.007569
   -0.091000   -0.002989    0.006272   -0.012766
   -0.037000   -0.001225    0.001964   -0.003738
    0.193000    0.006490    0.002585   -0.003071
   -0.130000   -0.003411   -0.058243    0.017132
    0.706000    0.023518   -0.013594   -0.013164
   -0.673000   -0.021524   -0.026824    0.029743
    0.067000    0.002537    0.018706   -0.011485
   -0.327000   -0.010108   -0.007918    0.038339
   -0.514000   -0.015742   -0.001428    0.053327
    0.177000    0.006020    0.000101    0.003414
    0.763000    0.024842    0.025127   -0.059788
    0.531000    0.017689   -0.023839   -0.026631
   -0.597000   -0.019838   -0.005838   -0.029566
   -1.509000   -0.050367   -0.030739   -0.011778
    1.783000    0.060049   -0.026683   -0.008676
   -0.791000   -0.025855    0.015920    0.017784
   -0.389000   -0.012218    0.010150    0.007232
   -0.829000   -0.028197   -0.016805   -0.027405
    1.506000    0.050264   -0.023588   -0.031952
    0.133000    0.005226    0.033152    0.038185
    0.122000    0.005102    0.004440    0.011510
   -0.153000   -0.004572    0.008382    0.003227
    0.516000    0.016871    0.000865   -0.035081
    0.306000    0.010407   -0.020470    0.000006
   -0.315000   -0.010224   -0.041661   -0.016699
    0.169000    0.006017   -0.017129    0.009383
   -1.112000   -0.036584    0.021085   -0.009924
   -1.038000   -0.034012    0.033543    0.009050
   -0.781000   -0.025582    0.010251    0.010275
   -0.227000   -0.007582    0.053493   -0.037566
    0.337000    0.011456   -0.013270    0.010232
    0.531000    0.018127    0.011958   -0.013463
   -0.787000   -0.026698    0.005818   -0.026315
   -0.251000   -0.007838   -0.042190   -0.001963
   -1.072000   -0.035248   -0.006493    0.033878
    0.267000    0.009352   -0.036517   -0.019121
    0.727000    0.025332   -0.021123    0.026801
   -0.377000   -0.011298   -0.035114    0.040408
    0.850000    0.029714    0.000884    0.024068
   -0.010000   -0.000277    0.001146   -0.003369
    0.187000    0.006945   -0.004046    0.005511
    0.263000    0.008544    0.051124   -0.043111
   -1.745000   -0.057317   -0.017199    0.023499
    1.119000    0.037246    0.034820   -0.039739
   -0.017000    0.000306    0.008264    0.036669
   -0.812000   -0.026902    0.024629   -0.017033
   -1.413000   -0.046257   -0.003593    0.019857
    1.021000    0.034190    0.006231   -0.013121
   -0.415000   -0.012907    0.013971    0.012001
    0.039000    0.001469    0.006659   -0.018429
    0.181000    0.005975    0.022939   -0.020443
    0.204000    0.007285    0.031427   -0.008018
   -0.143000   -0.004452   -0.005890   -0.009372
    0.125000    0.003926   -0.029995   -0.044819
    1.080000    0.036873   -0.013171    0.030187
    0.493000    0.016853   -0.013403   -0.007270
    0.203000    0.007577    0.000387    0.032463
   -0.384000   -0.011803    0.021756    0.017714
   -0.591000   -0.019558    0.025528   -0.003704
   -0.600000   -0.019646   -0.041816   -0.022885
   -0.583000   -0.018841    0.013095   -0.005836
   -1.351000   -0.043738    0.005055    0.036259
    0.342000    0.011487   -0.013947   -0.027848
    0.809000    0.027936   -0.033644    0.048589
    0.402000    0.014079    0.016894    0.015182
    0.992000    0.033595    0.013924    0.009871
    0.044000    0.001795   -0.000943    0.003820
   -1.271000   -0.042147    0.013153    0.012398
    0.338000    0.011124    0.033301   -0.034536
    1.293000    0.044038   -0.045248   -0.001958
   -0.385000   -0.012290    0.015900    0.011821
    0.453000    0.014805   -0.011279   -0.020140
   -0.356000   -0.012202    0.023636   -0.028280
    0.046000    0.001658    0.001233    0.000019
   -0.038000   -0.000844    0.040134   -0.017889
    1.622000    0.054532   -0.014922    0.013782
    0.053000    0.001985   -0.032625   -0.022287
   -0.481000   -0.015792   -0.013978   -0.017977
    0.233000    0.008999   -0.011208    0.024298
    0.067000    0.002898   -0.000255    0.027651
    0.078000    0.003580   -0.013245    0.017328
   -0.073000   -0.001674   -0.000449   -0.000530
    0.284000    0.010018   -0.010340    0.008387
    0.074000    0.002770    0.000615    0.002384
   -0.673000   -0.021735   -0.043302    0.028905
   -0.014000    0.000193    0.001546   -0.001732
   -0.574000   -0.018404   -0.009890    0.004390
    0.169000    0.006241   -0.011510    0.018126
   -0.193000   -0.005753    0.003072   -0.001029
   -0.017000    0.000059   -0.000035    0.000375
    0.090000    0.003864   -0.008082    0.014836
   -0.657000   -0.021216   -0.004291    0.011363
    0.314000    0.010544   -0.013844   -0.017885
    1.536000    0.051486   -0.001319   -0.026620
   -0.055000   -0.001693    0.001115    0.002557
   -0.962000   -0.031219    0.002356    0.017276
    0.242000    0.008423   -0.001523   -0.017382
    1.296000    0.045018    0.008946    0.047618
   -0.361000   -0.011740   -0.031764   -0.007576
   -0.505000   -0.016788   -0.006821    0.001514
   -0.261000   -0.008186   -0.002632    0.012970
   -0.421000   -0.014427   -0.038166   -0.043744
    0.067000    0.002780   -0.001749    0.006900
    0.791000    0.027168   -0.051558   -0.004035
    0.063000    0.002345   -0.006291    0.004889
   -1.036000   -0.034092   -0.024872    0.017624
    0.639000    0.021453   -0.018057   -0.021834
    0.511000    0.016966   -0.032440   -0.025815
   -1.240000   -0.041145    0.025159   -0.015998
   -0.036000   -0.000759   -0.046850   -0.003722
   -0.049000   -0.001205    0.003641    0.001840
    0.001000    0.000826    0.000567    0.000890
    0.496000    0.017515    0.003627    0.011081
    0.059000    0.002810    0.001539   -0.000233
    0.396000    0.013439   -0.016877   -0.007299
   -0.628000   -0.020805   -0.006334   -0.020734
   -0.197000   -0.005801   -0.007768    0.011899
   -0.152000   -0.004902   -0.003394   -0.007242
   -1.340000   -0.043515    0.003822    0.038989
    0.845000    0.027790   -0.014965   -0.034244
   -0.516000   -0.017311    0.010232   -0.001503
   -0.227000   -0.006263   -0.008443    0.027057
   -0.202000   -0.005806    0.010064    0.014887
    1.107000    0.037662   -0.008366    0.000078
    0.094000    0.003694    0.001916   -0.002819
   -1.098000   -0.036672    0.050160    0.004203
   -1.181000   -0.038628   -0.009240    0.009090
   -0.116000   -0.003921    0.014996   -0.002475
   -0.029000   -0.000781   -0.000627   -0.002647
   -0.058000   -0.000893   -0.020859    0.028951
    0.147000    0.005153   -0.009426   -0.006562
   -0.852000   -0.028266   -0.012969    0.011310
   -0.979000   -0.033355   -0.003675   -0.032704
    0.658000    0.022514   -0.013322    0.022739
   -1.233000   -0.041009    0.022725   -0.006794
   -0.550000   -0.018182    0.012926   -0.007960
    0.043000    0.002128   -0.007429    0.028751
    0.171000    0.006232    0.006961    0.010655
    0.028000    0.001271    0.006426    0.001635
   -0.469000   -0.015908   -0.012083   -0.012409
    0.765000    0.026486   -0.044217    0.009093
   -0.182000   -0.005625   -0.021296    0.001814
   -0.727000   -0.023886    0.002781   -0.011889
   -0.556000   -0.018720   -0.012854   -0.016469
    0.695000    0.023123   -0.007336   -0.017638
   -0.152000   -0.004761   -0.004378   -0.000885
   -0.427000   -0.014565   -0.050710   -0.032859
    1.852000    0.062330   -0.022183   -0.012753
   -0.296000   -0.009098   -0.000624   -0.001116
   -0.191000   -0.005431   -0.006782    0.006847
   -1.193000   -0.039914    0.049886   -0.012206
   -0.000000    0.000411   -0.000339    0.000667
   -0.157000   -0.004796    0.031960    0.018092
    0.080000    0.003269    0.000778    0.006184
   -1.114000   -0.036132   -0.033835    0.025653
   -0.166000   -0.005548   -0.038257   -0.015603
   -0.244000   -0.008126   -0.007109   -0.028264
   -0.364000   -0.011765    0.015047    0.004894
   -0.119000   -0.003189   -0.014668    0.026803
   -1.478000   -0.048646    0.006585   -0.002131
    0.074000    0.003100    0.031156    0.015358
   -1.370000   -0.046194    0.005314   -0.017958
   -0.922000   -0.029818   -0.005957    0.035793
   -0.087000   -0.002179   -0.009191    0.005280
    0.584000    0.020199   -0.001386   -0.011642
   -0.324000   -0.010206   -0.001921    0.001293
   -0.019000    0.000089   -0.009545    0.018877
    1.108000    0.037791    0.003920    0.002536
    0.224000    0.007695    0.018261    0.008385
    0.059000    0.002274    0.002288    0.002891
    0.288000    0.010563    0.022093    0.005293
   -0.570000   -0.018635    0.051672    0.024517
   -0.037000   -0.001267   -0.006053   -0.000402
    0.756000    0.025236    0.043031   -0.017845
    1.726000    0.057904    0.027363    0.003805
    0.452000    0.015932   -0.012577    0.016638
    0.933000    0.031751   -0.052146   -0.022012
   -0.142000   -0.004071    0.003630    0.004848
    0.158000    0.005410    0.012577    0.007980
    0.087000    0.002976    0.043974   -0.015438
   -0.329000   -0.010671   -0.001119    0.008982
    0.272000    0.008923    0.033743   -0.024022
    0.027000    0.000946   -0.046319   -0.005836
   -0.185000   -0.007143    0.011979   -0.060492
    1.099000    0.036837   -0.040615   -0.017802
    1.489000    0.050414   -0.019536   -0.001134
    0.161000    0.005563    0.001223   -0.000180
    0.223000    0.008344    0.016247    0.020518
    1.647000    0.055973   -0.002972    0.019929
    0.047000    0.001893    0.001143   -0.003360
   -0.291000   -0.009935    0.001303   -0.009309
    0.026000    0.000913   -0.045070   -0.009121
   -0.438000   -0.015421    0.047678   -0.041153
    0.200000    0.006885    0.013419    0.010138
   -0.445000   -0.013957   -0.033491    0.028731
   -0.190000   -0.005666    0.000035    0.011869
   -0.443000   -0.014052    0.007314    0.006571
    0.288000    0.010448   -0.056936    0.032370
   -0.107000   -0.003315    0.028077   -0.001091
   -0.473000   -0.016301   -0.002549   -0.034661
    0.563000    0.019261   -0.040018    0.019296
   -0.937000   -0.030695    0.000306    0.033889
    0.395000    0.013667    0.057916    0.019834
   -1.243000   -0.040761   -0.015120    0.000929
    0.345000    0.012604   -0.019719    0.017127
   -0.911000   -0.030390    0.046441   -0.021245
    1.244000    0.042077    0.015867    0.007753
    0.178000    0.006398   -0.006965    0.008211
   -1.459000   -0.049112   -0.023481   -0.029208
    0.607000    0.021051   -0.026628    0.007414
   -0.307000   -0.009449    0.017180    0.010879
    1.213000    0.040162    0.024075   -0.042635
   -0.154000   -0.005570    0.004152   -0.036774
    0.024000    0.002087   -0.004414    0.028626
    0.907000    0.031712    0.033111    0.038382
    1.567000    0.053025    0.014909    0.010003
    0.634000    0.021268   -0.010156   -0.016825
   -0.231000   -0.006862   -0.010083    0.000177
   -0.046000   -0.000277   -0.040066    0.023251
    0.094000    0.002577    0.002136   -0.031576
   -0.517000   -0.016269    0.017825    0.018879
    0.075000    0.002533   -0.000975   -0.003475
   -0.285000   -0.009646    0.011615   -0.027801
   -0.736000   -0.023478    0.010474    0.043206
    1.056000    0.036175    0.010260    0.025801
    0.855000    0.029227    0.034821    0.035375
    0.181000    0.006589    0.005439   -0.004131
   -1.122000   -0.036280   -0.007049    0.026699
    0.003000    0.000933    0.000633   -0.000534
    0.511000    0.017986    0.026215    0.052645
    0.002000    0.000336   -0.066421    0.010774
    0.182000    0.006309   -0.034078   -0.011740
   -0.412000   -0.013275    0.011224    0.004685
    1.226000    0.041127   -0.052516   -0.004967
    0.600000    0.020539   -0.022180   -0.010953
    0.194000    0.006426    0.026011   -0.037461
    0.061000    0.002083    0.000499    0.001450
    0.621000    0.021410    0.002462    0.010478
   -0.090000   -0.002876   -0.003796   -0.013617
   -0.347000   -0.011917    0.005022   -0.023279
   -1.278000   -0.042882   -0.005845   -0.026900
    0.209000    0.006974   -0.036740   -0.017229
    0.407000    0.014096   -0.014769    0.017727
   -1.688000   -0.055947    0.014214    0.025593
   -0.368000   -0.012095   -0.054077   -0.000984
    0.494000    0.016974   -0.005417   -0.017362
    0.293000    0.009984   -0.009377    0.002407
   -0.025000   -0.000454    0.001973   -0.000735
   -1.020000   -0.033412    0.034187    0.009026
    0.158000    0.005501    0.002396   -0.024866
   -0.290000   -0.009177    0.028347    0.017507
    0.364000    0.012170    0.016166   -0.015439
   -1.514000   -0.050693    0.017232    0.001927
    0.323000    0.012109   -0.014180    0.043865
   -0.700000   -0.023332    0.028597   -0.021779
    0.584000    0.020051    0.026254    0.005688
    0.086000    0.003555   -0.007704    0.002677
   -0.247000   -0.008060    0.032502   -0.034567
    0.528000    0.018360    0.006111    0.008766
    0.385000    0.013240    0.005839    0.000353
   -1.456000   -0.048636    0.018317   -0.012976
   -0.399000   -0.012661    0.007582    0.036535
    0.298000    0.010877    0.004662    0.006441
   -0.211000   -0.006196    0.035505    0.014794
   -0.474000   -0.015265    0.003454   -0.005171
    0.169000    0.006081    0.010900   -0.002453
    0.558000    0.019415   -0.003393    0.004288
   -0.149000   -0.004249   -0.002649    0.001686
    0.190000    0.007582   -0.011971    0.064560
   -0.171000   -0.005614    0.032027   -0.019541
    0.663000    0.022127    0.015302   -0.010221
    1.170000    0.039001    0.027872   -0.013271
    1.383000    0.046679   -0.021847    0.015437
    0.052000    0.001960    0.006610    0.008137
    0.249000    0.008940   -0.002535    0.002444
    1.743000    0.058699   -0.003754    0.008826
   -0.871000   -0.028814    0.027145    0.015700
    0.555000    0.018174   -0.033667   -0.033814
   -0.032000   -0.000557    0.000786   -0.000974
    0.025000    0.000884    0.000576    0.000196
   -0.064000   -0.000822   -0.016462    0.042770
    0.395000    0.013135    0.002341   -0.021505
   -0.725000   -0.023194   -0.006124    0.026074
    0.016000    0.000780    0.001638    0.010563
   -0.760000   -0.024389   -0.009953    0.059826
    0.797000    0.026055    0.025932   -0.033137
    0.854000    0.029269    0.027540   -0.004406
    0.090000    0.002889   -0.014303   -0.015479
   -0.539000   -0.018502   -0.011743   -0.048429
    0.202000    0.006815    0.003011   -0.011892
   -1.205000   -0.040285   -0.012477   -0.006720
    0.070000    0.002387    0.012868    0.000623
   -1.458000   -0.048631    0.025679   -0.003632
   -0.490000   -0.015843    0.016344    0.019031
    0.027000    0.000853    0.004620   -0.003890
   -0.005000    0.000639    0.000487   -0.000358
   -0.080000   -0.001985    0.001731   -0.002849
   -0.081000   -0.001996    0.005174   -0.002918
    0.570000    0.018982   -0.002769   -0.029795
    1.289000    0.042464    0.007149   -0.044451
    0.159000    0.005740    0.003381    0.002556
   -0.259000   -0.008419    0.001977   -0.012287
    0.258000    0.007817   -0.004715   -0.058343
   -0.247000   -0.007904    0.011436   -0.003242
    1.173000    0.040456    0.028426    0.029330
   -0.163000   -0.004986   -0.015961   -0.008664
   -0.697000   -0.022389   -0.005709    0.016358
    0.203000    0.007224   -0.000374    0.008397
    0.126000    0.004612   -0.001081    0.000086
    0.273000    0.009068    0.020671   -0.005112
   -1.399000   -0.046883   -0.002524   -0.018593
   -1.693000   -0.056026    0.030610   -0.008874
    0.313000    0.011273    0.008648    0.017150
    0.082000    0.003309    0.007148    0.004967
   -0.510000   -0.016950    0.043024   -0.020037
   -0.704000   -0.023634    0.003983   -0.029309
    0.899000    0.030962    0.016005    0.006090
    0.079000    0.003195    0.005702    0.005855
    0.285000    0.009596    0.009799    0.003020
    0.190000    0.008084   -0.030976    0.048930
    0.306000    0.010808   -0.011025    0.031096
    0.895000    0.031043    0.020394    0.034562
   -0.666000   -0.021738    0.008405    0.009720
   -0.067000   -0.002530    0.010786   -0.018491
    0.443000    0.015707    0.000710    0.024540
   -0.238000   -0.006947    0.004441    0.025641
    1.055000    0.035381    0.016987   -0.011886
   -0.320000   -0.011397   -0.019097   -0.040799
   -0.037000   -0.000946    0.004189    0.005763
    0.092000    0.003496    0.025815    0.009063
    0.070000    0.002731   -0.000187   -0.002588
    1.303000    0.043558    0.009468   -0.002749
   -0.096000   -0.003081    0.023832   -0.007554
    0.059000    0.001639    0.020526   -0.061755
   -0.821000   -0.026746   -0.006636    0.012298
    0.065000    0.002646   -0.002657    0.001714
   -0.365000   -0.011292   -0.010576    0.006931
    0.375000    0.013701   -0.003247    0.020184
   -1.761000   -0.058896    0.017607   -0.016006
    0.026000    0.001384    0.000387   -0.000502
   -0.329000   -0.011017   -0.019905   -0.019056
   -0.401000   -0.012987   -0.027744    0.020569
   -0.491000   -0.016583   -0.015678   -0.015931
    0.357000    0.011372    0.011062   -0.041552
    0.445000    0.016233    0.003798    0.035529
   -0.414000   -0.013350   -0.005692   -0.005227
    0.217000    0.008124    0.025825    0.009470
    1.047000    0.035440   -0.009537   -0.010076
    0.776000    0.026063   -0.022344   -0.017595
    1.055000    0.036364    0.006960    0.042043
   -0.024000   -0.000201    0.010497   -0.006534
   -0.670000   -0.020548    0.014898    0.060021
    0.033000    0.001532    0.000343    0.000183
    0.008000    0.000695    0.003574   -0.020069
   -0.988000   -0.032339   -0.018887   -0.000018
    0.587000    0.020891    0.009396    0.052096
   -0.918000   -0.030766   -0.027649   -0.021802
   -0.004000    0.000567   -0.026559    0.019148
   -0.506000   -0.016841    0.012563   -0.020200
    0.606000    0.020480    0.006630   -0.007945
   -0.182000   -0.005706    0.010118   -0.005773
    1.117000    0.037938   -0.042519   -0.006324
   -0.375000   -0.012422    0.018458    0.007239
   -0.292000   -0.009699   -0.039311   -0.021131
   -0.436000   -0.014367    0.034599   -0.002522
    0.121000    0.004640    0.001346   -0.006178
    0.017000    0.000917   -0.004072    0.000001
    0.138000    0.005815    0.012884    0.028747
   -0.404000   -0.012444    0.014758    0.020283
   -0.059000   -0.001634   -0.000588    0.002179
   -0.088000   -0.004068   -0.000416   -0.067284
    1.301000    0.044294   -0.027569    0.007918
    0.417000    0.014879    0.021005    0.026346
    0.045000    0.001821   -0.007860    0.004813
    0.060000    0.002653   -0.011470   -0.008443
    0.302000    0.010959    0.006163    0.008668
    0.057000    0.002670    0.012796   -0.000955
   -1.026000   -0.033244    0.012763    0.028172
    1.425000    0.048398   -0.029415    0.005810
    1.376000    0.047369    0.015079    0.031717
    0.630000    0.021457    0.031730    0.014031
   -1.836000   -0.060706   -0.016038    0.000995
   -0.868000   -0.029054    0.003329   -0.036502
    1.486000    0.050160   -0.010955    0.002773
    0.184000    0.006400    0.014857    0.016467
    0.186000    0.006311    0.009957   -0.010405
    1.588000    0.052842   -0.033151   -0.021700
    0.228000    0.007912    0.002583    0.009258
    0.058000    0.001559    0.042998   -0.041132
   -0.948000   -0.031004   -0.030204    0.003033
    1.068000    0.035281    0.016194   -0.049382
   -0.188000   -0.005763   -0.053563   -0.022750
   -0.211000   -0.006469   -0.018549    0.020360
   -0.695000   -0.022156   -0.024918    0.031568
    0.018000    0.001206   -0.001047    0.001899
   -0.074000   -0.002450   -0.048345   -0.041981
    0.197000    0.007147   -0.006637    0.016459
   -1.294000   -0.042928    0.008417    0.009111
   -0.297000   -0.008970    0.026524    0.026385
    0.106000    0.003930    0.011181    0.001761
    0.341000    0.011665    0.012258   -0.010836
   -0.158000   -0.004978   -0.044428   -0.019599
    0.138000    0.004782    0.004742    0.003646
    0.210000    0.007162   -0.059360   -0.015742
    0.119000    0.005067   -0.018823    0.046543
   -1.399000   -0.046759    0.040582   -0.018730
    0.738000    0.024846   -0.033967   -0.012881
   -1.694000   -0.055865    0.006606    0.016389
    0.687000    0.023925    0.004538    0.019804
   -0.281000   -0.008247    0.002897    0.042106
   -0.312000   -0.010112    0.009969    0.011028
   -0.090000   -0.002010    0.037909    0.030522
   -0.002000    0.000336   -0.001373    0.004558
    1.119000    0.037186    0.008265   -0.012534
   -0.455000   -0.014069   -0.019345    0.020581
    0.413000    0.013657   -0.031638   -0.046298
    0.084000    0.003298    0.014603    0.010984
    0.598000    0.020731   -0.006918    0.041607
    0.051000    0.002268    0.009471    0.016750
   -0.086000   -0.001961   -0.036913    0.010737
    0.168000    0.006141    0.010534   -0.012231
   -1.401000   -0.046127    0.032838   -0.003268
   -1.389000   -0.045895    0.044295    0.000905
    1.075000    0.036137    0.019512    0.012194
    0.223000    0.007843    0.004406   -0.002230
    0.155000    0.005460    0.008774   -0.024168
    0.328000    0.011710    0.002019    0.012247
    0.002000    0.000189   -0.016006   -0.001115
    0.639000    0.021336   -0.004585   -0.022944
    0.940000    0.030884    0.003869   -0.055523
   -0.863000   -0.029055    0.034277   -0.036398
    0.092000    0.003521   -0.013131    0.010179
   -0.044000   -0.002228   -0.018007   -0.047170
   -0.125000   -0.003919    0.005404   -0.008633
    0.038000    0.001520    0.000291    0.000365
   -0.079000   -0.001883   -0.025936    0.029966
    0.477000    0.016415   -0.012503   -0.002949
   -0.463000   -0.016011   -0.035383   -0.035299
    1.750000    0.058330    0.000596   -0.030247
    0.611000    0.020548    0.010875   -0.023737
   -0.660000   -0.022210    0.016751   -0.050460
   -0.757000   -0.024989   -0.016279   -0.015596
   -0.230000   -0.007324    0.007935   -0.008132
    0.994000    0.033561   -0.015858   -0.012635
    0.869000    0.029284   -0.001736   -0.026874
   -0.686000   -0.022834   -0.032568   -0.037473
    0.167000    0.007092    0.022259    0.043763
   -0.257000   -0.008348   -0.004435    0.005632
   -0.159000   -0.004966    0.065321   -0.005162
   -0.089000   -0.001949    0.022848    0.023126
    0.414000    0.013509    0.022287   -0.036445
    0.183000    0.005846   -0.011675   -0.022023
    0.279000    0.009780   -0.005347    0.007174
   -1.370000   -0.046155    0.005776   -0.031623
    0.258000    0.009186   -0.005173    0.000669
    1.700000    0.056259   -0.010060   -0.036922
    0.923000    0.031050    0.001658   -0.036615
    0.013000    0.000396    0.000575   -0.001001
   -1.702000   -0.056635    0.017720   -0.021481
   -0.344000   -0.010333    0.009465    0.029870
    0.773000    0.026068   -0.011099    0.010615
   -0.147000   -0.004284   -0.001637    0.025535
   -0.472000   -0.015230    0.017783   -0.000296
   -1.160000   -0.038413   -0.015599   -0.005644
   -0.792000   -0.025350    0.045863    0.019551
   -0.894000   -0.029689    0.002304    0.001482
    1.282000    0.043580    0.010050    0.022645
   -0.188000   -0.005565   -0.050150   -0.007105
    0.053000    0.002392    0.000593    0.001819
   -0.525000   -0.017277    0.011717   -0.018219
   -0.341000   -0.011403   -0.000226   -0.001479
   -0.011000    0.000699    0.021585    0.050239
   -0.839000   -0.027689   -0.016239   -0.027990
    1.508000    0.050810    0.027083    0.004375
    0.279000    0.010946   -0.022213    0.045578
    1.647000    0.055243   -0.005647   -0.012492
    0.112000    0.004056   -0.009351    0.002079
   -0.060000   -0.001508   -0.001655   -0.002893
   -1.582000   -0.052149   -0.002517    0.012081
    0.150000    0.005713    0.012026   -0.005869
   -0.116000   -0.004302   -0.014996   -0.036280
    0.650000    0.021531    0.043709   -0.008918
    1.776000    0.060501   -0.009811    0.016643
    0.364000    0.012144   -0.048617   -0.015249
   -0.267000   -0.008641   -0.026455   -0.014876
   -0.208000   -0.006396    0.000241    0.019584
   -1.043000   -0.033542    0.001424    0.045439
    0.908000    0.030665    0.009099    0.010154
   -0.616000   -0.020606   -0.013172   -0.005882
    1.683000    0.056933    0.010276    0.022030
    0.407000    0.014240   -0.004559    0.001806
    1.017000    0.034196    0.033013    0.002068
    0.044000    0.001983    0.001663    0.003155
    0.186000    0.006645   -0.011062    0.006536
   -0.886000   -0.029473    0.039493   -0.004973
    0.187000    0.006240   -0.010904   -0.003436
   -1.539000   -0.051040   -0.032715    0.003836
    0.112000    0.004351   -0.007247    0.006811
    0.139000    0.004846    0.014735   -0.002044
   -0.081000   -0.002305   -0.000276    0.005470
    0.503000    0.016000   -0.014307   -0.059655
    0.399000    0.013132    0.014316   -0.048801
   -0.655000   -0.021903    0.013220   -0.019668
   -0.724000   -0.023772    0.035587   -0.005864
   -1.007000   -0.033079    0.016241    0.024347
   -0.460000   -0.015439   -0.013775   -0.035263
   -0.170000   -0.005147    0.007438    0.011546
   -0.283000   -0.009214    0.000232   -0.002779
   -0.869000   -0.029334   -0.007102   -0.023288
    0.425000    0.014068    0.016911   -0.004910
   -0.157000   -0.004035    0.003186    0.029121
    0.119000    0.004386    0.010267   -0.004290
   -0.024000   -0.000696   -0.003330    0.004721
   -0.420000   -0.013121   -0.034415    0.012144
    0.659000    0.021412    0.015979   -0.035355
   -0.688000   -0.022399    0.000460   -0.010481
    0.108000    0.004335    0.001962    0.001028
   -1.661000   -0.054671   -0.014484    0.024682
   -0.372000   -0.012224   -0.018412    0.007453
    1.021000    0.034782    0.009048    0.002013
    0.265000    0.008988    0.024478    0.000576
   -0.339000   -0.010473   -0.008219    0.017281
    0.182000    0.006839    0.014772    0.001850
    0.941000    0.032645   -0.029990    0.016056
   -0.756000   -0.025266    0.029601   -0.031091
   -0.029000   -0.000158   -0.004356    0.005927
   -0.078000   -0.002164    0.010220    0.017577
   -1.822000   -0.059982    0.010043    0.025012
    0.925000    0.032353   -0.013466    0.041001
    0.500000    0.017126    0.018579   -0.005403
    0.057000    0.001835    0.010889   -0.032469
    0.367000    0.013073   -0.057950    0.030059
   -0.548000   -0.018164    0.001006   -0.002923
    0.457000    0.015988   -0.010925    0.001612
    0.815000    0.027683   -0.010092    0.020449
    0.284000    0.010245    0.011196   -0.000440
    0.485000    0.017400   -0.005390    0.021221
    0.846000    0.027779   -0.008693   -0.040901
   -0.096000   -0.003306    0.033011   -0.036294
   -0.397000   -0.012986    0.019423   -0.005085
   -0.163000   -0.005192    0.032602   -0.010021
    1.495000    0.050431    0.011217    0.018250
   -0.560000   -0.017929    0.033979    0.014436
    1.507000    0.050733   -0.007849   -0.010283
   -1.486000   -0.049260   -0.007254    0.025726
   -0.668000   -0.021244    0.030606    0.023576
   -0.800000   -0.026828    0.005500   -0.004128
   -0.070000   -0.001715    0.054966    0.036169
   -0.449000   -0.015683   -0.005386   -0.036764
    0.887000    0.029712    0.020043   -0.036781
   -0.964000   -0.032370    0.000360   -0.036019
    0.020000    0.001174   -0.000584   -0.000134
   -0.572000   -0.018311   -0.054319    0.031134
    0.509000    0.016895    0.054408   -0.005015
    0.776000    0.026990    0.019990    0.018090
   -0.206000   -0.006480    0.005085    0.011593
   -0.312000   -0.009007   -0.027950    0.037362
   -1.559000   -0.051408   -0.010548    0.030320
   -0.025000   -0.000601   -0.003671   -0.004531
    1.111000    0.037611   -0.002833   -0.001049
   -0.061000   -0.001527    0.001206   -0.006678
   -0.338000   -0.010670    0.006939    0.023809
    0.413000    0.014014   -0.004979    0.006382
   -0.106000   -0.003199    0.005052   -0.000224
    1.659000    0.055881    0.004036    0.006691
    1.270000    0.042449   -0.019988   -0.045828
    0.305000    0.009983    0.002940   -0.061197
   -0.338000   -0.010084    0.012167    0.056062
   -0.949000   -0.030428   -0.001154    0.032940
    0.184000    0.007074   -0.005465    0.004641
   -0.221000   -0.006637   -0.013996   -0.007138
   -0.400000   -0.012027    0.004004    0.032498
   -0.525000   -0.017013    0.028966   -0.015720
   -0.897000   -0.030174    0.025251   -0.023828
   -0.267000   -0.009282   -0.023095   -0.029130
    0.509000    0.017117   -0.009712   -0.016286
    0.077000    0.002432   -0.002150   -0.014089
    1.259000    0.043503   -0.030732    0.040841
    0.065000    0.001793   -0.049590   -0.025023
    0.507000    0.017288    0.029932    0.010879
    0.170000    0.006502   -0.006803    0.037089
    0.028000    0.001527    0.025803   -0.007280
    0.368000    0.012663   -0.014413    0.017576
   -0.007000   -0.000230   -0.015945   -0.011887
    0.039000    0.001813   -0.016816    0.001571
   -0.205000   -0.006028   -0.001165    0.006673
   -1.471000   -0.048470    0.012822    0.041352
   -0.056000   -0.001617    0.029781   -0.006255
   -0.262000   -0.008003   -0.007090    0.012169
   -1.259000   -0.041943   -0.021707   -0.020965
   -0.073000   -0.001965   -0.002705    0.003437
   -0.739000   -0.024350   -0.059663   -0.001774
   -1.733000   -0.057669   -0.021802   -0.005062
    0.760000    0.026220    0.016473    0.017265
    1.138000    0.038999   -0.021695    0.008122
    0.283000    0.009558   -0.004508   -0.026626
    1.417000    0.047542   -0.011429   -0.010854
    0.253000    0.008517    0.016468   -0.006424
   -0.086000   -0.002204    0.001767    0.009773
   -1.171000   -0.038736   -0.014456    0.009627
    0.062000    0.002207   -0.002922    0.003134
   -0.187000   -0.005803   -0.002067    0.012827
    0.166000    0.006353   -0.004682   -0.004330
   -0.188000   -0.006017   -0.006503    0.003891
   -0.251000   -0.008250   -0.000620   -0.008980
    0.669000    0.023560    0.047219    0.029069
   -0.008000    0.000337    0.009716    0.008341
    0.035000    0.001054   -0.033445   -0.026125
    0.470000    0.016490   -0.001209    0.035012
    0.613000    0.020867   -0.003803   -0.003206
   -1.231000   -0.041227   -0.003149   -0.004870
   -0.301000   -0.009476    0.003146    0.007279
    0.007000    0.000743    0.000870   -0.000196
   -0.047000   -0.001004    0.015995   -0.001767
    0.570000    0.019730    0.009605    0.028818
   -0.014000   -0.000177   -0.000725   -0.000437
   -0.298000   -0.010517    0.005004   -0.029532
   -0.583000   -0.019378    0.021425   -0.026104
   -0.599000   -0.019811   -0.000906   -0.004787
    0.478000    0.016245   -0.032513   -0.013261
    0.544000    0.018798   -0.009333   -0.001618
    1.126000    0.037557   -0.037874   -0.018381
   -0.333000   -0.010697    0.043857    0.017403
   -0.928000   -0.029705   -0.037844    0.042159
    0.646000    0.021839   -0.017426    0.007692
   -0.244000   -0.007020    0.005876    0.020376
   -1.099000   -0.037207    0.013874   -0.022023
   -0.919000   -0.030549    0.020501   -0.011448
    1.154000    0.038523   -0.033672   -0.016451
    0.352000    0.013205   -0.013682    0.048805
   -0.145000   -0.004149   -0.040796   -0.007986
   -0.135000   -0.004178   -0.011731   -0.021724
   -1.112000   -0.036445   -0.046263    0.014964
    0.066000    0.002973   -0.009683    0.003256
   -0.454000   -0.014322    0.056022    0.031497
   -0.421000   -0.014655    0.012857   -0.032038
   -0.751000   -0.023325   -0.023212    0.056582
   -0.289000   -0.009606   -0.013216   -0.003319
   -0.516000   -0.016860   -0.033628    0.014288
   -0.357000   -0.011284   -0.000931    0.012651
    1.250000    0.042704   -0.004236    0.035569
   -0.004000    0.000718   -0.000646    0.000742
   -0.256000   -0.007357    0.043834    0.042690
    1.164000    0.039289   -0.003428   -0.017401
    0.078000    0.003222    0.000128    0.000704
   -0.944000   -0.031169   -0.007473   -0.007518
    0.009000    0.000710   -0.001549    0.000372
    0.141000    0.005282    0.013548    0.008084
   -0.357000   -0.011106   -0.021844    0.009799
    0.323000    0.011074   -0.009559   -0.001084
   -0.994000   -0.032840    0.006786    0.027406
    0.217000    0.008296    0.021366    0.021536
   -0.325000   -0.009802   -0.007918    0.025040
   -0.717000   -0.023854    0.031934   -0.013981
   -0.019000   -0.000384    0.001011    0.001185
    0.737000    0.024900   -0.001743   -0.016482
   -0.156000   -0.005322    0.011836   -0.002831
    0.087000    0.002671   -0.019489   -0.029461
    0.540000    0.018496   -0.056063   -0.009217
   -0.310000   -0.010109    0.014490   -0.034750
   -0.715000   -0.023260    0.041379    0.015477
    0.058000    0.001720   -0.001753   -0.046849
   -1.474000   -0.049095   -0.025561   -0.030186
   -0.061000   -0.001782   -0.000010    0.000461
    0.002000    0.000331   -0.001376    0.000791
   -0.167000   -0.005187   -0.010033    0.002465
    0.237000    0.008129    0.005951    0.003373
    0.863000    0.029663   -0.012574    0.008094
    0.224000    0.007377   -0.002841   -0.023257
    0.859000    0.028319    0.047154   -0.033903
   -0.862000   -0.028288   -0.023005    0.007536
   -1.272000   -0.042561    0.021240   -0.011789
   -0.703000   -0.022891    0.012182   -0.004470
    0.650000    0.022873   -0.012695    0.048388
    0.191000    0.006186    0.034932   -0.048185
    0.435000    0.015754   -0.050754    0.038626
    0.004000    0.000997    0.000627    0.001210
    1.409000    0.047823    0.025523    0.021864
   -0.033000   -0.000656    0.048072    0.002390
   -0.107000   -0.004224    0.002861   -0.040994
   -0.118000   -0.003667   -0.003838    0.001270
   -0.102000   -0.002286   -0.013756    0.040179
   -0.066000   -0.001478   -0.000418    0.000753
    0.028000    0.000992   -0.002458   -0.004196
   -0.321000   -0.010523   -0.017311    0.006707
    1.192000    0.039961    0.031863   -0.022863
   -0.135000   -0.004029    0.007107   -0.000282
   -0.027000   -0.000980   -0.045517   -0.027326
   -0.887000   -0.028938    0.002421   -0.001027
   -0.417000   -0.013310   -0.007663    0.005387
   -0.307000   -0.010213    0.009781   -0.005038
   -0.096000   -0.002569    0.007371   -0.011049
    0.155000    0.005843    0.019627    0.032338
   -0.443000   -0.014532   -0.048907    0.002019
   -0.156000   -0.004596    0.013529    0.012451
    0.110000    0.003411    0.023404   -0.013679
   -0.079000   -0.002352    0.001588    0.000006
    0.134000    0.004715    0.014927    0.002313
    0.544000    0.019150   -0.022159    0.045822
   -0.471000   -0.015299   -0.060644   -0.011448
   -0.132000   -0.004125   -0.000965   -0.005170
   -0.974000   -0.032887    0.001534   -0.019719
    0.378000    0.013056    0.010049    0.004629
    1.067000    0.035833    0.017992   -0.010753
    0.007000    0.000362    0.000108    0.000963
    0.153000    0.005047    0.022404   -0.012887
    0.004000   -0.000095    0.008194   -0.019675
    0.406000    0.013580   -0.061239   -0.019344
   -0.669000   -0.022669   -0.019456   -0.017017
    0.012000    0.000849    0.000953   -0.000292
   -0.039000   -0.000630    0.001652    0.000582
    0.497000    0.016207   -0.008720   -0.049909
    0.683000    0.023606   -0.021384    0.004328
    0.366000    0.013086   -0.000193    0.002524
   -0.066000   -0.002029    0.005792   -0.001438
    0.925000    0.031342    0.036367    0.001728
   -0.982000   -0.032485   -0.054076    0.000699
    0.013000    0.001231    0.009544    0.001038
   -0.479000   -0.016334    0.003536   -0.018497
   -0.245000   -0.009119   -0.005275   -0.052047
   -0.415000   -0.013941    0.003293   -0.009256
   -0.336000   -0.011138   -0.057774   -0.002434
   -0.519000   -0.016911    0.005346    0.008693
    0.343000    0.011833    0.009253    0.014762
   -0.520000   -0.017197    0.050083   -0.017579
   -0.990000   -0.032754    0.031279   -0.022850
   -0.088000   -0.002164    0.010210    0.002363
   -1.609000   -0.052877   -0.036520    0.013217
    0.193000    0.006336   -0.016161   -0.052669
   -0.018000   -0.001389   -0.026551   -0.054979
   -0.052000   -0.001074   -0.000316    0.005067
   -0.389000   -0.012940    0.026436   -0.029884
   -1.060000   -0.035649    0.031343   -0.020330
   -0.299000   -0.009972   -0.011888   -0.010937
   -0.705000   -0.023046   -0.046407    0.003615
   -0.095000   -0.002772   -0.060488    0.021347
    0.606000    0.020363    0.002276   -0.012554
   -0.193000   -0.006330    0.010189    0.004721
   -0.076000   -0.001477   -0.021387    0.043315
    1.588000    0.053763   -0.024464    0.003416
    0.311000    0.011096   -0.006102    0.001303
    0.384000    0.013900    0.009215    0.019363
    0.119000    0.004355    0.006091   -0.004133
    0.425000    0.015156   -0.006270    0.008214
   -0.425000   -0.013025   -0.000820    0.020576
    0.598000    0.020784    0.014813    0.006145
    0.723000    0.024505   -0.036812   -0.032996
   -0.403000   -0.013239    0.016973   -0.014607
   -0.105000   -0.002708    0.000882    0.017470
   -0.124000   -0.003483    0.000831   -0.003914
    0.155000    0.005087    0.029520   -0.004126
    1.061000    0.035839    0.013851   -0.003300
   -0.039000   -0.001184   -0.003141    0.001250
    0.272000    0.009052   -0.037871   -0.031528
    0.992000    0.032611   -0.019658   -0.044032
   -0.131000   -0.004529    0.002485   -0.057434
    0.002000    0.000434   -0.058044    0.002541
    1.133000    0.037857    0.015683   -0.026750
   -0.666000   -0.021831    0.024776   -0.013211
   -0.114000   -0.003156   -0.003750    0.000773
   -0.137000   -0.004434    0.001981    0.007329
    0.635000    0.021139    0.037104   -0.010217
    0.961000    0.032378    0.014009   -0.001613
   -0.391000   -0.013012    0.038029   -0.027113
    0.160000    0.005820   -0.008406    0.002823
   -0.732000   -0.024265   -0.002283   -0.001858
    0.181000    0.006430    0.004772   -0.016413
    0.364000    0.012100   -0.000619   -0.017472
   -0.017000   -0.000585   -0.000074   -0.000469
    0.278000    0.009470   -0.006960   -0.012550
    0.882000    0.030237   -0.008343    0.008915
    1.318000    0.044222   -0.006285   -0.034807
    0.814000    0.027628    0.019830    0.005483
    0.043000    0.001325   -0.000659   -0.053540
   -0.939000   -0.031077   -0.011569   -0.002671
    0.825000    0.028210   -0.020077   -0.002244
   -0.261000   -0.008624    0.043253   -0.039495
    0.002000    0.000866   -0.001643    0.001092
    1.308000    0.043839   -0.032400   -0.013534
    0.342000    0.012038    0.033313    0.003915
    0.276000    0.009902   -0.006044   -0.009471
    0.047000    0.001698   -0.027644   -0.022042
    0.679000    0.024468   -0.007471    0.054810
    0.201000    0.007008   -0.017639    0.013484
    0.273000    0.009737    0.027918    0.009864
    0.659000    0.022664   -0.054083    0.013992
   -0.345000   -0.011891   -0.009948   -0.025158
   -0.460000   -0.014965    0.016539   -0.016331
    0.191000    0.007103    0.001937    0.011566
    0.540000    0.018418   -0.006236   -0.023731
    0.622000    0.021492    0.025590    0.028422
    0.346000    0.012442   -0.014811    0.010104
    0.732000    0.024858    0.055527   -0.005425
   -0.043000   -0.001171   -0.031200    0.006077
    0.019000    0.001120    0.009135    0.009412
    0.215000    0.007974    0.004857    0.003864
    1.741000    0.059088    0.016063    0.020151
   -1.186000   -0.039316   -0.010157   -0.009317
   -0.122000   -0.003664   -0.012689   -0.015311
    0.647000    0.021296   -0.010869   -0.023528
   -0.010000    0.000384    0.000511    0.001110
   -0.023000    0.000019   -0.001291   -0.000177
    1.041000    0.035554    0.013597    0.023958
    0.063000    0.003584   -0.009462    0.049127
    0.699000    0.024833   -0.000102    0.058353
    0.594000    0.020001    0.018730   -0.010648
   -0.586000   -0.018788    0.007891    0.007414
    1.048000    0.035736   -0.016032    0.003447
    0.069000    0.002854   -0.028370    0.003343
   -0.311000   -0.010086   -0.029688   -0.012063
   -0.811000   -0.025871    0.009232    0.025968
   -0.821000   -0.026002    0.028744    0.053775
    0.068000    0.002654   -0.001162   -0.000152
    0.530000    0.018643    0.042469    0.040709
    0.002000    0.000368   -0.011285   -0.031923
   -0.808000   -0.027580    0.011563   -0.055464
   -1.125000   -0.037994   -0.035097   -0.027877
    0.034000    0.002403   -0.043925    0.030692
   -0.800000   -0.027028   -0.004212   -0.013533
    0.319000    0.009715    0.033755   -0.055453
   -0.811000   -0.026258    0.006318    0.037869
    0.267000    0.009744   -0.011678   -0.002328
    0.632000    0.021967   -0.024532   -0.004991
    0.005000    0.000789    0.000665    0.000965
    1.048000    0.035688   -0.008422    0.008339
   -1.012000   -0.033267   -0.004839    0.019766
    0.540000    0.017707    0.011210   -0.062118
   -1.052000   -0.034046   -0.017954    0.025908
   -0.210000   -0.006150   -0.000338    0.030943
    0.420000    0.014629   -0.005350   -0.017345
    0.010000    0.000367   -0.000519   -0.007649
   -0.849000   -0.028150   -0.016883   -0.030575
   -0.636000   -0.020488   -0.012290   -0.004881
   -0.598000   -0.019414    0.034848   -0.000758
    1.466000    0.049567    0.012881    0.028983
   -0.178000   -0.006251   -0.007752   -0.029574
    1.301000    0.044732   -0.003964    0.033860
   -0.139000   -0.003571   -0.005728    0.028460
    0.908000    0.030958    0.001762    0.025873
    0.268000    0.009653    0.001387    0.002072
   -1.148000   -0.038474   -0.018542   -0.018544
    0.720000    0.023677    0.008057   -0.029904
   -0.875000   -0.028306    0.004445    0.008291
   -0.004000    0.000283    0.001464    0.000247
   -0.639000   -0.020709   -0.007595    0.018834
   -0.227000   -0.007310   -0.000821    0.001676
    0.212000    0.007626   -0.053564    0.029045
    0.308000    0.010329    0.004580   -0.011588
   -0.034000   -0.000969    0.002099    0.001820
   -0.006000   -0.000130    0.004230   -0.000317
   -1.813000   -0.060133   -0.015129   -0.013747
    0.486000    0.016204    0.034078   -0.005607
   -1.148000   -0.038040   -0.031291    0.011546
    0.001000    0.000821    0.001087   -0.001982
   -0.042000   -0.000964    0.029672    0.007054
   -0.010000    0.000525   -0.001763    0.000452
   -0.437000   -0.013130   -0.007375    0.060120
    1.759000    0.059197   -0.021042    0.018211
   -0.094000   -0.002795   -0.051937   -0.000238
   -1.300000   -0.043090   -0.003169   -0.014318
   -0.568000   -0.018199   -0.018313   -0.001659
   -0.680000   -0.022795   -0.024094   -0.016385
   -0.232000   -0.007237    0.013061   -0.006720
   -0.762000   -0.025925   -0.041019   -0.038545
    0.586000    0.019154    0.013447   -0.045334
   -0.612000   -0.020118    0.015949    0.006835
   -0.314000   -0.010261   -0.005840    0.004383
    0.097000    0.003218   -0.004866   -0.043171
   -0.066000   -0.001798   -0.001989    0.003324
    0.960000    0.031577    0.034519   -0.027908
   -0.845000   -0.028723   -0.019090   -0.029615
   -0.086000   -0.002267    0.002542    0.005449
   -0.135000   -0.005622   -0.007180   -0.063651
    1.173000    0.039496   -0.025749   -0.001919
    0.761000    0.025419   -0.046878   -0.016338
    1.470000    0.049115    0.033528    0.000235
   -0.688000   -0.022807    0.013581   -0.018914
    0.314000    0.011354    0.018477    0.026618
   -1.239000   -0.041430    0.013669   -0.044462
   -0.932000   -0.030752   -0.049707    0.008888
    0.816000    0.027524    0.033916    0.011258
   -0.750000   -0.024657    0.013120   -0.000687
   -0.066000   -0.001768    0.012743    0.016429
    0.235000    0.009282    0.038302    0.038615
    0.195000    0.006420   -0.015079   -0.005309
    1.401000    0.048116   -0.012207    0.042701
    0.187000    0.006590    0.004825   -0.023627
    0.311000    0.011558    0.004229    0.023715
   -0.288000   -0.009429    0.023174   -0.037329
    0.272000    0.008812   -0.023183   -0.027056
   -0.977000   -0.032893   -0.035358   -0.026736
   -0.890000   -0.029968    0.011830   -0.038954
   -1.627000   -0.053259    0.012858    0.018343
   -0.100000   -0.003493   -0.042013   -0.015667
    0.241000    0.008501   -0.006841    0.007078
    0.377000    0.013178    0.014701   -0.006886
   -1.163000   -0.038464    0.024209   -0.003064
   -0.030000   -0.000406    0.003116   -0.002204
   -1.325000   -0.044271   -0.007551   -0.014126
    0.477000    0.016489   -0.012843    0.017047
   -1.126000   -0.037373   -0.006027   -0.005124
   -0.911000   -0.030427   -0.033979   -0.006480
    1.140000    0.039382   -0.021193    0.029767
    0.606000    0.020761   -0.019958   -0.005944
   -0.056000   -0.001346    0.008435    0.005772
   -0.083000   -0.002955    0.001188   -0.015657
   -0.292000   -0.009275   -0.003777    0.015488
    0.037000    0.002016    0.000495    0.001381
   -1.313000   -0.044026    0.023320   -0.035708
    0.856000    0.027821    0.009320   -0.060372
    0.436000    0.014633   -0.001071   -0.001193
   -0.010000   -0.000280   -0.003112    0.002464
    0.459000    0.016356    0.003978    0.027789
    1.012000    0.035366   -0.004913    0.048964
    0.013000    0.001246   -0.000032    0.000739
   -0.430000   -0.013643    0.025219    0.027448
   -0.439000   -0.015527    0.025260   -0.043438
    0.017000    0.001030   -0.001012    0.002527
    0.013000    0.001019    0.005726   -0.002034
   -1.424000   -0.047313    0.043717    0.009793
    0.782000    0.026845    0.001782   -0.007866
    0.748000    0.025449    0.005398   -0.010527
   -0.061000   -0.001672    0.000336   -0.001526
   -0.803000   -0.025852   -0.007884    0.020946
    0.191000    0.007248    0.034318    0.017099
   -0.109000   -0.003334   -0.003469    0.006370
   -0.083000   -0.002442   -0.001224    0.002558
    0.161000    0.005429   -0.003400   -0.002241
    0.194000    0.005739   -0.009126   -0.058857
   -1.329000   -0.043886    0.041709    0.027434
    0.190000    0.006562   -0.014019    0.004155
    1.080000    0.036589   -0.024175   -0.008239
    0.685000    0.023596   -0.014165    0.003446
   -0.468000   -0.014280    0.000325    0.033416
   -0.212000   -0.006592   -0.004938    0.008969
    0.633000    0.022531    0.028030    0.035707
    0.254000    0.008578   -0.001077   -0.014438
   -0.520000   -0.017009    0.002111    0.022999
   -0.502000   -0.016707    0.007235   -0.006463
    0.035000    0.001397    0.000072   -0.006510
    0.216000    0.007705    0.005870    0.003792
    0.146000    0.005054    0.008395    0.001182
   -0.598000   -0.020574   -0.010960   -0.034860
   -0.315000   -0.009105   -0.005465    0.039054
   -0.506000   -0.016486   -0.030221    0.008050
   -0.010000    0.000194    0.000271    0.001281
   -0.054000   -0.001699   -0.011057   -0.000996
    0.644000    0.022045   -0.006747    0.010826
   -0.453000   -0.014535   -0.005468    0.007004
   -0.057000   -0.001815    0.002331   -0.000306
   -1.914000   -0.063259   -0.015768    0.014565
    0.567000    0.020139   -0.029382    0.028951
   -0.596000   -0.020349   -0.000950   -0.024580
   -0.134000   -0.003466    0.007684    0.035984
   -1.181000   -0.039622   -0.024798   -0.044842
   -0.024000   -0.000594   -0.002589   -0.004506
    1.084000    0.036631   -0.008543   -0.002953
   -1.345000   -0.045297   -0.017573   -0.031536
   -0.449000   -0.014833    0.063646   -0.000913
   -0.529000   -0.017500   -0.012145    0.000786
   -0.561000   -0.017861   -0.036080    0.005130
    0.006000    0.000454   -0.007441   -0.005168
   -0.337000   -0.010911   -0.034829   -0.006906
   -0.539000   -0.017638    0.032047   -0.012414
    0.614000    0.021085    0.002214    0.018954
   -0.391000   -0.012900   -0.010768   -0.021386
   -0.977000   -0.032517    0.017916    0.011448
   -0.968000   -0.031506   -0.018168    0.015306
   -0.762000   -0.024521   -0.052265    0.020154
   -0.500000   -0.017783   -0.008200   -0.060888
    0.346000    0.012467    0.007432    0.002692
   -0.646000   -0.020855    0.016772    0.016392
   -0.545000   -0.018220    0.001727   -0.010722
   -0.389000   -0.012968    0.017072    0.001523
    1.511000    0.051283    0.029031    0.016326
   -0.399000   -0.012569   -0.006601    0.004376
   -0.305000   -0.009946   -0.006275   -0.007591
    0.021000    0.001038    0.006051   -0.014227
    0.014000    0.000693   -0.005112   -0.001033
    0.473000    0.016386   -0.026667    0.002968
    0.507000    0.017486    0.015023   -0.016272
   -0.193000   -0.005963   -0.063463   -0.009226
   -0.707000   -0.023209   -0.019750    0.021604
    0.007000    0.000231    0.001643   -0.000823
    0.062000    0.002194   -0.010607    0.001811
   -0.212000   -0.007974    0.008381   -0.061004
   -0.338000   -0.011586    0.020082   -0.015373
    1.183000    0.039579    0.026546   -0.024828
   -0.989000   -0.033331   -0.009577   -0.029321
    0.104000    0.004148    0.001152   -0.000169
    0.227000    0.007432    0.064087   -0.020190
   -0.467000   -0.015347    0.004548   -0.003996
   -0.102000   -0.002231    0.006203    0.020121
    1.020000    0.034459    0.012898   -0.002370
    0.017000    0.001434   -0.000875    0.001053
    0.028000    0.002034    0.032434    0.024988
    0.063000    0.002886   -0.053396    0.014122
   -0.757000   -0.024528   -0.054923    0.010675
   -1.444000   -0.047019   -0.031519    0.030384
   -1.314000   -0.042668    0.028784    0.041488
   -0.963000   -0.032563    0.010519   -0.017658
   -0.073000   -0.002209    0.012745   -0.001695
   -1.369000   -0.045287   -0.047806   -0.004827
   -0.020000   -0.000643   -0.000110    0.000826
   -0.313000   -0.009715   -0.023298    0.033311
    0.631000    0.021002   -0.024515   -0.018924
    1.165000    0.039397    0.022670   -0.000236
    0.073000    0.002556    0.001289   -0.011834
   -0.473000   -0.016052    0.003660   -0.010647
    0.262000    0.009141    0.003521   -0.003369
    0.371000    0.012524   -0.018733   -0.001627
    0.628000    0.021494    0.001931   -0.000777
    0.367000    0.012971   -0.005322   -0.002764
    0.161000    0.005871   -0.003825    0.002559
   -0.207000   -0.007119    0.002859   -0.014689
    0.132000    0.005003   -0.003005    0.006790
    0.868000    0.028998    0.018584   -0.023490
    1.579000    0.053899    0.009477    0.016317
   -0.231000   -0.007156    0.006716   -0.008311
    0.459000    0.014865    0.044275   -0.045375
    0.934000    0.032365    0.014015    0.040103
   -0.272000   -0.008257    0.013009    0.007339
   -0.335000   -0.010359   -0.005287    0.024391
   -0.037000   -0.000961   -0.009098   -0.000727
    0.067000    0.002095    0.002515   -0.007710
    1.263000    0.043072   -0.039562    0.003036
    0.750000    0.026761   -0.025790    0.054389
    0.078000    0.002776   -0.002929    0.002416
    0.081000    0.003581   -0.021148    0.006267
   -0.171000   -0.005015   -0.007449    0.009571
    0.410000    0.013791    0.016304   -0.033075
   -0.292000   -0.009464   -0.005592   -0.019638
   -0.963000   -0.032942    0.033923   -0.042424
   -0.817000   -0.027312    0.048795   -0.013968
    0.112000    0.004416   -0.005549    0.005235
   -0.030000   -0.000459   -0.028430    0.000875
   -0.292000   -0.009189   -0.018079   -0.000894
    1.208000    0.040274    0.010951   -0.014950
   -0.458000   -0.014707   -0.005636    0.003645
   -0.180000   -0.006442    0.017114   -0.023966
   -0.111000   -0.002213    0.004827    0.040348
    0.022000    0.000892   -0.001661    0.000127
    0.840000    0.028172    0.007363   -0.044074
   -0.942000   -0.031640    0.003194   -0.030868
   -0.542000   -0.017894   -0.001861   -0.008231
    0.347000    0.012239    0.040051    0.023168
   -1.123000   -0.036436   -0.025991    0.022367
    0.296000    0.009676   -0.001435   -0.013562
    0.808000    0.027778    0.028394   -0.004296
    0.062000    0.003370    0.002400    0.026263
    0.678000    0.023558   -0.022522    0.017755
   -0.676000   -0.022536    0.005688   -0.003344
   -0.350000   -0.011644   -0.010264   -0.007246
    0.667000    0.023273   -0.023925    0.017850
    0.524000    0.017855   -0.011886   -0.014259
   -0.123000   -0.004251    0.016291   -0.016811
    1.803000    0.061137   -0.016661   -0.003654
    0.155000    0.005861    0.004462   -0.000391
    0.468000    0.016271    0.046342    0.038695
   -0.015000    0.000092   -0.000744   -0.002561
   -0.807000   -0.027224   -0.044426   -0.022018
    1.422000    0.048518   -0.032782    0.011225
   -0.311000   -0.010494    0.008016   -0.053755
   -0.004000   -0.000206    0.003376   -0.005469
   -0.928000   -0.030615   -0.017464   -0.024657
   -0.029000   -0.000047   -0.008409    0.016543
    0.102000    0.004198    0.006002    0.000678
    0.591000    0.019784    0.014002    0.000052
    0.764000    0.025232    0.012804   -0.045688
   -1.477000   -0.047959   -0.014007    0.042727
    0.093000    0.003264   -0.007996   -0.002334
    0.436000    0.014813   -0.006319    0.004189
   -0.146000   -0.004644   -0.005212   -0.003080
   -0.750000   -0.025532    0.028454   -0.022915
   -1.054000   -0.035351   -0.035625   -0.006258
   -0.195000   -0.006521   -0.013544   -0.014274
    0.468000    0.015670   -0.005606   -0.038580
    1.350000    0.045558   -0.002441    0.010954
   -0.091000   -0.002011    0.002835    0.035176
   -0.905000   -0.030713    0.013096   -0.053305
    1.449000    0.048047   -0.013244   -0.029928
   -0.784000   -0.026311    0.010642   -0.034037
   -0.071000   -0.002079   -0.007405    0.006288
    0.542000    0.017886   -0.018947   -0.035600
   -0.603000   -0.019837   -0.017166   -0.014405
    0.102000    0.003417   -0.006332   -0.009902
   -1.585000   -0.053199    0.016024   -0.009681
   -1.589000   -0.051995    0.000986    0.029218
    0.064000    0.002515   -0.049180    0.015349
   -0.002000   -0.000842    0.019254   -0.057917
    0.095000    0.003929    0.004627   -0.003741
   -0.209000   -0.006000    0.016893    0.052228
   -0.750000   -0.024472   -0.035608   -0.014649
   -0.246000   -0.008342   -0.008265   -0.005476
   -0.245000   -0.007712    0.007823    0.006226
    0.414000    0.014304    0.017756   -0.000584
    0.197000    0.006809   -0.000878   -0.008931
   -1.708000   -0.057064   -0.009170   -0.007961
    0.010000    0.000819   -0.000531   -0.000464
   -0.126000   -0.002708    0.018485    0.054871
    1.859000    0.062444   -0.008049    0.004189
    0.033000    0.001444    0.001175    0.002995
   -0.001000    0.000743    0.000870   -0.000196
   -1.465000   -0.048229    0.004058    0.021307
   -0.588000   -0.019672    0.001154   -0.002961
    0.444000    0.015858    0.005203    0.044418
   -0.758000   -0.025224   -0.017770   -0.004530
   -0.110000   -0.003263    0.000426   -0.005219
    0.587000    0.020777   -0.022727    0.016188
    0.778000    0.025718   -0.018913   -0.057746
   -0.011000    0.000105   -0.013419    0.002618
    0.502000    0.017563    0.003697   -0.000277
   -0.178000   -0.005766   -0.023770    0.010322
    0.276000    0.009273    0.000424   -0.001010
   -0.206000   -0.006844    0.003886    0.006143
   -0.052000   -0.001916    0.006711   -0.006734
    0.715000    0.024311    0.014676    0.023000
   -0.336000   -0.011198    0.009956   -0.003354
    1.022000    0.034126    0.002117   -0.023738
    0.145000    0.005469   -0.021150    0.011239
   -0.245000   -0.008305    0.000393   -0.010828
   -0.820000   -0.026625    0.045492    0.025140
    0.038000    0.001741    0.001780    0.001911
   -0.711000   -0.023166   -0.014240    0.013066
    0.258000    0.008984   -0.035363   -0.005992
    0.358000    0.012638   -0.034516    0.032811
    0.299000    0.010026    0.018703   -0.048284
    0.094000    0.003508   -0.021557    0.010836
    0.927000    0.031821    0.013065    0.003047
   -0.137000   -0.003640   -0.003668    0.006729
   -0.019000   -0.000897    0.009788   -0.017954
   -0.035000   -0.000970   -0.002210   -0.013477
   -0.082000   -0.001928   -0.004156    0.002734
   -0.004000    0.000392    0.000633    0.005988
   -0.606000   -0.020403    0.012416   -0.032173
    0.026000    0.001016   -0.003703   -0.001676
    0.194000    0.006796   -0.008219   -0.009014
   -0.049000   -0.001375    0.009006    0.006778
    0.051000    0.002455    0.013353    0.004372
    0.070000    0.002414    0.015226   -0.002511
    0.070000    0.002417   -0.008983   -0.032003
   -0.518000   -0.016755    0.043786    0.036136
   -0.152000   -0.005468    0.034222   -0.023465
    1.829000    0.062135   -0.012004    0.015135
    0.169000    0.005971   -0.013330   -0.004458
    0.048000    0.002419   -0.004184    0.002188
    0.636000    0.021430    0.025291    0.005764
   -0.162000   -0.005059   -0.025413    0.007185
    0.310000    0.011475    0.013399    0.023650
    0.555000    0.018040    0.019752   -0.036142
   -1.185000   -0.039099    0.031310    0.017263
    1.688000    0.057139    0.025687    0.010800
    0.067000    0.002623    0.004694    0.012372
    0.663000    0.022466    0.020897    0.016809
   -0.568000   -0.018620    0.058355   -0.004321
    0.652000    0.021327   -0.011881   -0.030489
   -1.045000   -0.034558   -0.020914    0.006424
   -0.066000   -0.002085    0.020030   -0.003638
   -0.201000   -0.005728   -0.018208    0.013959
    0.391000    0.013215    0.013507    0.004152
   -0.027000   -0.000549    0.000857   -0.000082
   -0.945000   -0.030209   -0.050151    0.034209
    0.598000    0.020155    0.037685   -0.004981
    0.442000    0.015530    0.029955    0.021005
    0.074000    0.002517    0.005989    0.000537
   -0.038000   -0.000254   -0.009830    0.016398
    0.024000    0.001246    0.044126    0.028520
   -0.439000   -0.013106    0.008942    0.056327
    0.722000    0.024038   -0.042750   -0.037235
   -0.010000    0.000217    0.000599    0.001300
    0.370000    0.013281    0.019944    0.034456
   -0.040000   -0.000641   -0.005042   -0.002681
   -0.122000   -0.003024   -0.000410    0.028178
   -0.075000   -0.002390    0.004975    0.000775
    0.633000    0.021821   -0.000928    0.010364
    0.130000    0.004852    0.012247   -0.002151
    0.637000    0.021314   -0.008255   -0.010499
   -0.299000   -0.009502   -0.014661   -0.021095
   -0.578000   -0.018145   -0.019564    0.018876
    0.170000    0.005962   -0.005763    0.016556
    0.099000    0.003985    0.033163    0.017769
    0.201000    0.006867   -0.013464    0.003107
    0.108000    0.003436    0.039975   -0.014175
   -0.624000   -0.020365   -0.028250    0.008334
    0.763000    0.025853    0.036879    0.022692
   -0.251000   -0.007824   -0.000451    0.026597
    0.527000    0.017477   -0.002019   -0.016599
    0.334000    0.011120    0.005166   -0.012294
   -1.020000   -0.033394    0.009620    0.005414
    0.716000    0.023872    0.006613   -0.012959
   -0.115000   -0.003235    0.002325   -0.007192
    0.575000    0.019475   -0.003792   -0.033993
    1.041000    0.036292   -0.039055    0.039330
    0.022000    0.001434   -0.001101    0.017813
   -0.606000   -0.019885   -0.022574    0.010549
    0.048000    0.002087   -0.017325   -0.006980
    0.060000    0.002603   -0.002069   -0.000483
   -0.032000   -0.001165   -0.048092   -0.015049
   -0.291000   -0.010195   -0.015363   -0.046146
    0.029000    0.001311   -0.002329    0.003106
   -0.104000   -0.003071   -0.000247   -0.008253
   -0.625000   -0.019621   -0.025705    0.053373
   -0.741000   -0.025115    0.007591   -0.023193
    1.078000    0.036725    0.033838    0.006382
    0.988000    0.032896   -0.025758   -0.020858
    1.828000    0.061075   -0.009065   -0.026956
    0.334000    0.011792   -0.005094   -0.003909
    0.571000    0.019157    0.049489    0.006880
    0.629000    0.021301    0.016052    0.002289
   -0.105000   -0.004039    0.014432   -0.027479
   -1.287000   -0.043110    0.008999   -0.014387
    0.019000    0.001132    0.000250    0.002894
    0.110000    0.004370    0.058220    0.010524
   -0.296000   -0.009180    0.005367   -0.007535
   -0.014000    0.000514   -0.013434    0.009842
    0.156000    0.004673   -0.041012   -0.043649
   -0.134000   -0.003862   -0.040950    0.025104
    0.490000    0.017021    0.048853    0.035091
    0.434000    0.014399   -0.000079   -0.018612
    0.113000    0.003855   -0.003789   -0.001316
    1.311000    0.044529   -0.002764    0.011180
   -0.135000   -0.003531    0.011419    0.011788
   -0.539000   -0.017548   -0.023243    0.001974
    0.255000    0.009458    0.060424    0.023572
   -0.175000   -0.005658    0.007387   -0.019587
   -0.961000   -0.032007   -0.032141   -0.020698
    0.591000    0.020750   -0.005554    0.027947
    0.199000    0.006884    0.001905    0.010174
   -0.164000   -0.004776    0.039850    0.027678
    0.632000    0.022605    0.014944    0.047522
   -0.652000   -0.021680   -0.055348    0.005116
    0.384000    0.013689    0.039796    0.010488
   -0.620000   -0.020604    0.032955   -0.030068
   -0.237000   -0.007619    0.040248   -0.000196
   -0.349000   -0.011618    0.025188   -0.007641
   -0.188000   -0.005315    0.005334    0.008374
    0.009000    0.000184    0.050742   -0.023110
    0.445000    0.015041   -0.003415   -0.008215
   -0.198000   -0.006120   -0.007413   -0.009122
    0.916000    0.030329    0.005654   -0.019175
   -1.212000   -0.040536   -0.018946   -0.037538
    1.226000    0.041873    0.001189    0.039591
    0.323000    0.011650    0.051306    0.008999
   -0.984000   -0.032502    0.045588    0.005016
   -0.264000   -0.008787   -0.017154   -0.003873
   -0.159000   -0.005057    0.019607    0.008253
    0.090000    0.003368   -0.026740    0.009900
    1.455000    0.049505    0.032558    0.007273
   -0.490000   -0.016104   -0.017959   -0.003174
   -0.541000   -0.017828    0.009938    0.008128
    0.108000    0.004136    0.004549   -0.000966
   -1.749000   -0.058433    0.023265    0.005933
   -0.499000   -0.016033    0.033528    0.002007
   -0.294000   -0.008986   -0.000245   -0.000190
    0.370000    0.012363   -0.003690   -0.005201
   -0.624000   -0.020771    0.014051   -0.006923
    0.077000    0.002951   -0.016403   -0.029527
   -0.037000   -0.001212   -0.012299   -0.014785
   -1.504000   -0.050077    0.036183   -0.019001
    0.038000    0.001137   -0.019212   -0.042892
   -0.679000   -0.021873    0.032339    0.037956
   -1.455000   -0.048998    0.024156   -0.017945
   -0.727000   -0.024496    0.005065   -0.026714
   -0.507000   -0.016711   -0.000853    0.004896
    0.461000    0.016627    0.017124    0.026769
    1.191000    0.039510    0.008322   -0.042581
    0.630000    0.021640   -0.002264    0.025925
    1.539000    0.052285   -0.005096    0.031184
   -0.157000   -0.004766   -0.022234    0.004407
   -0.350000   -0.011687    0.000362   -0.002263
    1.003000    0.033920   -0.016740   -0.016715
    0.233000    0.008589    0.012371   -0.001430
    0.395000    0.014076   -0.010542    0.029530
   -0.033000   -0.000361    0.000386    0.000871
   -0.434000   -0.013447   -0.013538    0.019369
    0.543000    0.020145   -0.004872    0.062976
    0.269000    0.009402   -0.011109   -0.000489
    0.574000    0.019697    0.042004   -0.018037
    0.736000    0.024603    0.056292   -0.005936
    0.936000    0.032724   -0.011735    0.045927
    0.044000    0.001752   -0.008575    0.005867
    0.880000    0.029793    0.058586    0.001324
   -0.187000   -0.006161   -0.002532   -0.014494
   -1.430000   -0.047818    0.038303   -0.015583
    0.003000    0.000137   -0.000157    0.000608
    0.534000    0.017772   -0.033481   -0.006330
    0.076000    0.002557    0.010529   -0.001474
   -0.042000   -0.000682   -0.006911   -0.005840
   -0.813000   -0.025701   -0.022710    0.038025
    0.128000    0.004321    0.028171   -0.005919
   -0.109000   -0.003783    0.008310   -0.009513
   -0.614000   -0.020286    0.008956   -0.011327
    0.540000    0.018476    0.005323    0.024443
    0.021000    0.002160   -0.012847    0.048279
   -0.155000   -0.004022    0.018645    0.025433
   -0.020000   -0.000121    0.011113    0.009117
    1.345000    0.044788    0.025506   -0.044983
    0.488000    0.016963    0.012219    0.001279
    0.044000    0.001463    0.006316   -0.003034
    0.066000    0.002896   -0.001738    0.002254
    0.980000    0.034195   -0.019030    0.029615
   -1.220000   -0.040661   -0.023799   -0.030520
   -0.573000   -0.019389    0.010757   -0.012140
   -1.237000   -0.040938   -0.021200    0.002265
    0.203000    0.007195    0.015672   -0.023076
    1.454000    0.049378    0.039306   -0.004945
   -0.426000   -0.013348    0.043281    0.028969
   -0.228000   -0.006791   -0.010279    0.016915
    0.271000    0.009951   -0.026946    0.026921
    0.980000    0.033098    0.026524   -0.027155
    0.134000    0.004237   -0.030433   -0.022759
   -0.858000   -0.028438    0.032033   -0.002939
   -0.134000   -0.003656   -0.005041    0.034529
    1.036000    0.035246   -0.010854   -0.014863
   -0.315000   -0.010549    0.009865    0.002330
   -0.396000   -0.012275    0.032481    0.030961
   -0.023000   -0.000134   -0.000710   -0.002404
   -0.915000   -0.030045    0.013459    0.011450
   -0.878000   -0.028919   -0.001815    0.009500
   -0.019000   -0.000070    0.005661   -0.003513
   -0.576000   -0.019249    0.010035   -0.028584
    0.264000    0.009468    0.006290    0.037928
    0.464000    0.015717   -0.021242    0.004489
   -0.027000   -0.000281    0.013816    0.000916
   -1.641000   -0.054702   -0.013118   -0.031007
   -0.158000   -0.005984   -0.015792   -0.052569
   -0.042000    0.000188    0.009843    0.057285
   -1.218000   -0.041093    0.016881   -0.018527
   -0.527000   -0.016916   -0.008387   -0.002985
    1.405000    0.047959   -0.001765    0.021898
   -0.577000   -0.019498   -0.039375   -0.021584
    0.056000    0.002074   -0.015158    0.013108
    1.405000    0.047681    0.006110    0.030335
   -0.724000   -0.023592   -0.038177    0.000198
   -0.896000   -0.029735    0.041245   -0.023656
   -1.336000   -0.043262   -0.032862    0.041425
   -1.339000   -0.043892    0.032066    0.025226
   -1.185000   -0.038400   -0.008011    0.028758
   -0.256000   -0.008464    0.000419   -0.008673
   -0.026000   -0.000791    0.056802   -0.030196
    0.357000    0.012494   -0.021120    0.010553
   -0.126000   -0.003683   -0.003200    0.003677
   -0.379000   -0.011822    0.017093    0.006766
   -0.006000   -0.000057    0.000363   -0.000126
    0.044000    0.001828    0.005723    0.007792
    0.124000    0.004427    0.036445    0.016186
    0.123000    0.004524   -0.001122    0.005950
   -0.082000   -0.001949   -0.000484    0.002285
    0.385000    0.012430    0.010710   -0.033613
    1.041000    0.034653   -0.039887   -0.017206
    0.037000    0.001997   -0.008548   -0.004336
   -0.104000   -0.003293    0.022832    0.001859
    0.051000    0.001834    0.015514   -0.006887
   -0.099000   -0.003402   -0.038938   -0.011667
   -0.115000   -0.002639   -0.014273    0.046926
    0.304000    0.010774   -0.033472    0.000890
    0.125000    0.004151   -0.006523   -0.007334
   -0.856000   -0.028975    0.002334   -0.033218
    0.812000    0.027565   -0.020282   -0.013373
    0.541000    0.018735    0.002663   -0.003231
   -0.754000   -0.025930   -0.004622   -0.045998
   -0.028000   -0.000803    0.000152    0.001436
   -0.181000   -0.005923   -0.005274   -0.019819
    0.006000    0.000709   -0.000091    0.000272
   -0.333000   -0.010336   -0.014553   -0.002402
   -0.109000   -0.002818   -0.000047   -0.000893
   -0.212000   -0.006283    0.004501    0.010525
    1.175000    0.038970    0.005642   -0.028959
    0.047000    0.002110    0.000579   -0.003246
   -0.142000   -0.003643    0.061427    0.026836
   -1.348000   -0.044983   -0.027804   -0.007666
   -0.291000   -0.009135   -0.008114   -0.010261
    0.467000    0.015656   -0.008953   -0.008315
   -1.286000   -0.042550   -0.004150    0.008524
   -0.062000   -0.002221   -0.006644   -0.009152
    0.117000    0.004956   -0.006169    0.009993
   -0.814000   -0.027050   -0.020129   -0.030101
    0.342000    0.011566    0.044996   -0.004833
    0.878000    0.029552   -0.007863   -0.007887
   -0.886000   -0.029755   -0.014032   -0.033812
    0.020000    0.002200   -0.031321    0.047924
    0.008000    0.001291   -0.020988    0.012234
    0.055000    0.001964   -0.010965   -0.012467
   -0.059000   -0.001829   -0.001009   -0.001072
   -0.251000   -0.009267   -0.022288   -0.058808
   -0.690000   -0.022473   -0.009927   -0.002335
    1.443000    0.048352    0.037657   -0.022839
   -0.143000   -0.004240    0.004987    0.007212
   -0.871000   -0.028415    0.012499   -0.002754
    0.227000    0.008457    0.001290    0.004675
    0.764000    0.025963   -0.029698   -0.003714
    0.462000    0.016056   -0.027904   -0.012713
   -0.217000   -0.006426    0.008666    0.001822
    0.384000    0.012868    0.039925   -0.033791
    0.341000    0.011508   -0.003461    0.005796
   -0.268000   -0.008877   -0.009622   -0.007516
    0.156000    0.005954   -0.002560   -0.002114
    0.236000    0.008441   -0.010916   -0.005813
    0.824000    0.027590   -0.002386   -0.021341
   -0.376000   -0.013129   -0.007814   -0.038827
   -1.361000   -0.045555    0.028880    0.000938
    0.143000    0.005475   -0.004315   -0.008400
   -1.568000   -0.051707   -0.037366    0.004476
    0.637000    0.022486    0.001705    0.057452
    0.009000    0.000405    0.002424    0.005143
   -0.142000   -0.004625    0.001141   -0.014178
    0.481000    0.016556   -0.011392    0.010501
    1.628000    0.055552   -0.014407    0.010518
    1.053000    0.035340   -0.037269    0.002819
    0.220000    0.008774    0.028207    0.043542
   -0.764000   -0.025343    0.011494   -0.014205
   -0.996000   -0.033176    0.011444    0.001430
   -0.138000   -0.003838    0.008896    0.001158
   -0.046000   -0.000862    0.001057    0.004993
   -0.068000   -0.001818    0.007539   -0.009572
   -1.795000   -0.059414    0.009750    0.000947
   -0.331000   -0.010923    0.046808    0.008916
    0.617000    0.020989    0.006396    0.020496
   -0.491000   -0.015918   -0.007944    0.014169
    0.661000    0.022347   -0.003216   -0.026166
    0.452000    0.015345   -0.029372    0.006275
   -0.450000   -0.013849   -0.018157    0.038758
   -0.469000   -0.015290    0.013412    0.015402
    0.669000    0.022250    0.035988   -0.030004
    0.182000    0.006190   -0.042882    0.000459
   -1.952000   -0.064414   -0.012358    0.011439
   -0.507000   -0.016175    0.050720    0.035207
    1.526000    0.051374   -0.013737   -0.006073
   -0.115000   -0.003596   -0.041211    0.000358
   -0.333000   -0.010628   -0.011692    0.028640
    0.718000    0.024607    0.009152    0.012595
    0.150000    0.005620   -0.022235    0.013646
   -0.549000   -0.018187    0.020589   -0.028221
    0.718000    0.024239    0.018245    0.005154
   -0.031000   -0.000889    0.001890    0.004108
    0.061000    0.002915    0.034776    0.030313
   -0.213000   -0.006515    0.005049    0.012996
    0.668000    0.021985    0.058623   -0.030991
    1.222000    0.041311   -0.005701    0.011998
   -0.218000   -0.005920   -0.001167    0.037733
    0.310000    0.010388    0.047475   -0.003817
    0.849000    0.028840   -0.019096   -0.020813
    0.448000    0.015815    0.043382    0.006556
   -0.917000   -0.030558   -0.005871   -0.028773
    0.102000    0.003448   -0.000687   -0.003388
   -0.356000   -0.011586    0.004817   -0.006171
    0.299000    0.010972    0.006501    0.011181
   -0.122000   -0.003328   -0.016152    0.004270
   -0.076000   -0.001962    0.043811    0.019275
    0.719000    0.024340   -0.020680   -0.000015
    0.389000    0.012810    0.026217   -0.041612
    0.547000    0.018390    0.006926   -0.035203
   -0.222000   -0.006078    0.015306    0.034915
    0.056000    0.001895    0.000849   -0.000359
    0.227000    0.008136   -0.015491    0.011735
   -0.425000   -0.013282    0.037160    0.031674
    0.395000    0.013808   -0.006429    0.006837
    0.550000    0.019459   -0.020619    0.056719
    0.353000    0.013025    0.017695    0.054764
   -1.642000   -0.054188   -0.001711    0.026175
    0.493000    0.016570   -0.022592   -0.037783
   -0.549000   -0.017032   -0.026802    0.031081
   -0.287000   -0.009257   -0.029150   -0.000159
   -0.966000   -0.031495   -0.041908   -0.004550
    0.068000    0.002950    0.000446    0.011784
    0.023000    0.000993   -0.001901   -0.009088
   -0.097000   -0.002169   -0.018036    0.013122
    0.182000    0.006349   -0.014892    0.000537
    0.785000    0.026402   -0.004249   -0.004754
   -0.344000   -0.010706    0.006370    0.017547
    0.986000    0.033641    0.026851    0.026369
   -0.385000   -0.012339   -0.019454   -0.000319
    0.501000    0.016754    0.003527    0.002198
   -0.119000   -0.003795    0.002907    0.002683
   -0.015000   -0.000013   -0.002585   -0.002877
   -0.435000   -0.014302   -0.009803   -0.009613
   -0.637000   -0.021892    0.003614   -0.040275
    0.201000    0.006790    0.011782   -0.015948
    0.422000    0.014160   -0.019801   -0.006150
    0.338000    0.011299    0.054578    0.004305
   -0.526000   -0.017151   -0.039517   -0.013032
    0.447000    0.015366   -0.021101    0.023270
    0.274000    0.009268   -0.008118   -0.023032
    0.392000    0.014259    0.029938    0.052002
   -0.034000   -0.001039    0.000559   -0.002045
   -0.195000   -0.005752    0.010918    0.002788
   -0.270000   -0.008184    0.048541    0.027945
    0.067000    0.002341    0.046928   -0.029221
    0.125000    0.004307    0.027402    0.009273
    0.003000    0.000239   -0.012756   -0.005865
   -0.625000   -0.020559    0.008672   -0.004783
    1.185000    0.039597    0.040628   -0.004114
    0.188000    0.005990    0.002809   -0.016860
    1.245000    0.041844    0.047307   -0.024430
   -0.059000   -0.001551   -0.006613    0.005941
   -0.884000   -0.028606   -0.016791    0.032520
   -0.117000   -0.003039    0.005803    0.018955
   -0.187000   -0.005161   -0.055300    0.026148
   -1.154000   -0.037648   -0.043155    0.019553
   -1.202000   -0.040679   -0.003434   -0.030720
   -0.086000   -0.003882   -0.004279   -0.058108
    0.025000    0.001379   -0.005861   -0.002489
   -0.112000   -0.003144    0.049672    0.039331
    0.498000    0.018055    0.014584    0.035005
    0.631000    0.021607   -0.050182   -0.024248
    0.026000    0.000101   -0.029338   -0.055412
   -0.218000   -0.007164   -0.004164   -0.005104
   -0.049000   -0.000994    0.014113   -0.002270
    0.652000    0.021607    0.024487   -0.043718
    0.207000    0.007330   -0.000422    0.000675
   -0.291000   -0.008599   -0.002259    0.051044
   -0.261000   -0.008332    0.025729    0.006587
   -0.019000   -0.000496    0.000155    0.000093
    0.312000    0.011296    0.015949    0.024039
    0.931000    0.030634    0.010846   -0.056705
    0.189000    0.006933    0.026077   -0.000065
   -0.983000   -0.032507    0.003264   -0.010518
    0.049000    0.001383   -0.006808   -0.016454
   -0.805000   -0.025841    0.047505    0.021168
    0.507000    0.017322   -0.021791   -0.003268
    0.983000    0.033653    0.021077    0.003744
    0.725000    0.024838    0.008594   -0.013791
    0.099000    0.003780   -0.002670    0.008468
   -0.442000   -0.014506   -0.010475   -0.034066
    0.013000    0.001201   -0.001492    0.000623
    0.106000    0.003425   -0.028438   -0.016576
   -0.002000    0.000788    0.009774    0.003698
   -0.376000   -0.012194    0.007557    0.003939
    0.415000    0.013596    0.062843   -0.011271
   -0.942000   -0.030628   -0.010114    0.019627
    0.558000    0.019360   -0.013113   -0.010477
   -0.254000   -0.008051    0.003639    0.004213
   -0.587000   -0.019374    0.033563   -0.016764
    1.162000    0.039294   -0.031414    0.005862
    0.291000    0.009837    0.003427   -0.000726
   -0.985000   -0.031373    0.011324    0.058883
   -0.298000   -0.009535   -0.031947    0.014559
    0.685000    0.023533    0.009006   -0.004884
   -0.019000   -0.001100   -0.035014   -0.036245
    1.146000    0.038617   -0.028143   -0.002532
   -1.083000   -0.035338    0.015553    0.004286
    0.646000    0.021479    0.023380   -0.015090
   -0.100000   -0.003554    0.006668   -0.018269
    0.891000    0.030158   -0.006750   -0.027638
    0.951000    0.032106    0.025330   -0.027937
   -0.278000   -0.008888    0.014380    0.018897
    0.345000    0.012311    0.010118    0.031217
   -0.087000   -0.003033    0.015448   -0.021823
    0.697000    0.024409    0.025950    0.030640
   -1.147000   -0.037168   -0.011448    0.024876
   -0.452000   -0.014664   -0.043841    0.002639
   -0.786000   -0.024844    0.031937    0.045989
    0.904000    0.030243    0.007065   -0.042259
    0.866000    0.030246   -0.055004    0.022941
   -0.138000   -0.004483    0.060548    0.012674
   -0.374000   -0.011841    0.002655   -0.004808
   -0.015000   -0.000026    0.005538   -0.007666
    1.084000    0.036445    0.012472    0.007366
    0.036000    0.001764   -0.000251   -0.003017
   -0.682000   -0.023348   -0.039360   -0.034288
    0.260000    0.008606    0.004615   -0.007450
    0.667000    0.022201   -0.010691   -0.030503
   -0.377000   -0.012482   -0.030188    0.006262
   -0.486000   -0.015272   -0.000822    0.016221
    0.887000    0.030560   -0.018580    0.000935
   -0.331000   -0.010127    0.049843    0.015122
    0.087000    0.002939    0.001189   -0.020315
   -0.142000   -0.003537   -0.055729    0.015588
   -0.414000   -0.013677   -0.019990   -0.010015
    0.263000    0.009427   -0.019798   -0.010191
   -0.316000   -0.010246    0.038153    0.000822
    0.000000    0.000032    0.000948   -0.000254
   -0.939000   -0.032344    0.021654   -0.052465
    0.057000    0.001740   -0.004681   -0.019278
   -0.243000   -0.007628    0.023513    0.006758
   -0.054000   -0.001402   -0.049661   -0.007622
   -0.046000   -0.001210    0.000326    0.001237
    0.119000    0.003763    0.011535   -0.026038
    0.534000    0.018875    0.025023    0.013341
   -0.185000   -0.006238   -0.028828   -0.002663
    0.156000    0.005889    0.007485    0.003067
   -0.056000   -0.001241    0.001304    0.005540
    0.688000    0.023086   -0.019279   -0.021680
    0.956000    0.031961    0.051230   -0.000988
   -0.004000    0.000145   -0.000649    0.003134
    0.489000    0.015699    0.012500   -0.052425
   -0.953000   -0.032219   -0.024305   -0.021622
    1.111000    0.037447   -0.047137   -0.030103
   -1.497000   -0.049845    0.026174   -0.020258
   -0.200000   -0.005605   -0.027505    0.043904
   -0.219000   -0.006384    0.008043    0.009806
   -0.432000   -0.014606   -0.021219   -0.008451
    0.999000    0.034436    0.027165    0.016361
   -0.197000   -0.006688    0.038154   -0.022255
    1.049000    0.034715    0.018347   -0.028629
    0.614000    0.020767   -0.004005    0.008500
   -0.311000   -0.009822    0.040514   -0.006735
   -0.673000   -0.022950   -0.002782   -0.025343
    0.117000    0.004718   -0.028658    0.043312
    0.842000    0.028746    0.025144   -0.009148
    0.374000    0.012845    0.013235   -0.026463
    0.715000    0.024367    0.007293    0.005369
   -1.182000   -0.038732    0.028583    0.015081
   -0.014000    0.000112    0.001439    0.002584
    1.035000    0.034267   -0.006447   -0.023345
   -0.343000   -0.010884    0.013398    0.008974
   -0.224000   -0.006985    0.001861   -0.001726
   -0.221000   -0.006741    0.007541    0.005670
    0.835000    0.029056   -0.015254    0.042049
    0.932000    0.031759    0.008088   -0.014892
   -0.230000   -0.006853    0.015637    0.038083
    1.948000    0.065650    0.007805    0.003422
   -0.050000   -0.001049   -0.004662    0.013319
    0.193000    0.006963   -0.021951   -0.001774
    0.828000    0.027727    0.038512   -0.020045
    0.334000    0.011622   -0.004501    0.004292
   -0.132000   -0.004459   -0.005284   -0.005600
   -1.389000   -0.045386   -0.012884    0.023598
   -0.198000   -0.006558   -0.001698    0.001362
   -0.193000   -0.006247    0.063749   -0.017597
   -0.205000   -0.006281   -0.007727    0.012194
    0.481000    0.016054    0.014610   -0.013843
    1.168000    0.039723    0.007382    0.038855
    0.344000    0.011214   -0.019407   -0.021591
   -0.727000   -0.023114    0.034122    0.036678
   -0.191000   -0.005794   -0.006688    0.029066
   -1.049000   -0.034916   -0.045156    0.007256
   -0.641000   -0.021306   -0.010877   -0.010858
   -0.233000   -0.007818   -0.036800   -0.020166
   -0.222000   -0.006763    0.000531    0.004734
   -0.522000   -0.016644   -0.030758    0.041193
   -0.000000    0.000181   -0.006546   -0.015050
   -0.298000   -0.008270   -0.034850    0.051825
    0.804000    0.027983   -0.039224    0.010931
    1.685000    0.056998   -0.018453    0.005767
    0.457000    0.015156   -0.018843   -0.020713
    0.171000    0.006531    0.031874    0.001301
    0.265000    0.009324   -0.009426    0.007406
   -0.265000   -0.008982   -0.001969   -0.044188
    0.750000    0.025399    0.018880    0.008836
    0.886000    0.029805    0.018244   -0.029044
    0.990000    0.032735   -0.013901   -0.059891
   -0.005000    0.000058    0.013335   -0.011678
    0.232000    0.008529   -0.012633   -0.003644
    0.295000    0.010616   -0.000345    0.004110
    0.741000    0.024826    0.028457   -0.006273
   -0.948000   -0.031448   -0.006074    0.007499
   -0.023000   -0.000649    0.001092   -0.002824
   -1.089000   -0.035488   -0.042332    0.020202
   -0.889000   -0.029643   -0.001406   -0.041673
   -0.328000   -0.009940    0.000263    0.017491
   -0.117000   -0.002959   -0.001826    0.004908
   -0.710000   -0.022888   -0.007497    0.019519
    0.389000    0.012726   -0.020557   -0.022360
    0.594000    0.020027   -0.031967   -0.019655
   -1.285000   -0.041946    0.011740    0.044714
   -0.330000   -0.010882    0.057145    0.004358
   -0.746000   -0.024996    0.031041   -0.041759
    0.436000    0.015235   -0.033191    0.013099
   -0.545000   -0.017453   -0.019927    0.028596
    0.103000    0.003523    0.010657   -0.024831
    0.111000    0.003681    0.002732   -0.009201
   -0.168000   -0.005120    0.033907   -0.013055
   -0.337000   -0.010848    0.054215   -0.018483
   -0.330000   -0.011017   -0.003831   -0.033368
    0.102000    0.003786    0.018289    0.009657
   -0.457000   -0.014471   -0.042969    0.027058
   -0.690000   -0.022084    0.006030    0.049646
    0.520000    0.017610   -0.006104   -0.000087
    0.501000    0.018015   -0.016801    0.032240
    0.832000    0.027673    0.015000   -0.010494
   -0.021000   -0.000168    0.002400   -0.005750
   -0.474000   -0.014989   -0.005204    0.008046
    0.459000    0.015779   -0.005847   -0.000784
    0.082000    0.003016    0.000744    0.000408
   -0.080000   -0.002090    0.004619    0.004799
   -0.362000   -0.011338   -0.056381    0.031069
   -1.324000   -0.044191    0.006948   -0.036804
   -0.016000    0.000263    0.001072   -0.001574
   -0.638000   -0.021103   -0.019911    0.009585
   -0.196000   -0.006192   -0.002222    0.009058
    0.579000    0.019743    0.046574   -0.025326
   -0.064000   -0.001620    0.003764   -0.015065
    0.270000    0.009719    0.016729   -0.006932
   -0.283000   -0.009277    0.011529    0.003501
    0.797000    0.026653   -0.034966   -0.001867
   -0.583000   -0.018291    0.029321    0.024104
    1.016000    0.034676    0.025827    0.024350
    0.369000    0.013147    0.000331   -0.000279
   -0.200000   -0.007004   -0.021070   -0.030824
    0.272000    0.009526    0.002941    0.022526
   -0.027000   -0.000768    0.004596   -0.005799
   -0.283000   -0.008785   -0.032924   -0.002680
   -1.732000   -0.057431    0.002120    0.008612
   -1.005000   -0.032723   -0.019083    0.040560
   -0.294000   -0.009740   -0.002685   -0.000225
   -1.779000   -0.058796   -0.010430   -0.006413
    0.072000    0.002628   -0.003429   -0.004005
   -0.432000   -0.013642    0.002483   -0.000812
    0.093000    0.003493    0.004911    0.006928
    0.992000    0.034253   -0.019614    0.031156
    0.098000    0.003391    0.002089   -0.001566
    0.121000    0.004095    0.012961   -0.021076
    0.139000    0.005317    0.003890   -0.007704
    0.297000    0.010415    0.010888    0.002498
   -0.338000   -0.010648    0.035672    0.016075
    0.191000    0.006335   -0.035597   -0.030733
   -0.978000   -0.031679    0.037689    0.023525
    1.005000    0.034238   -0.004362   -0.014939
    0.034000    0.001168    0.006709   -0.000634
    0.228000    0.007949   -0.004839    0.014960
    0.656000    0.021121   -0.013060   -0.046067
   -1.573000   -0.051527   -0.012562    0.037773
   -0.025000   -0.000413    0.000800   -0.001745
   -0.006000    0.000206   -0.000022   -0.000141
   -0.322000   -0.010261    0.028234    0.007110
    0.032000    0.001874    0.025780    0.017527
   -0.194000   -0.006537   -0.008713   -0.023525
   -0.016000   -0.000252   -0.001780   -0.009831
   -0.675000   -0.021282    0.017791    0.034543
    0.348000    0.012239   -0.038360    0.006888
   -0.631000   -0.020691    0.002007   -0.018394
   -1.173000   -0.039864   -0.003535   -0.033798
    1.173000    0.039755    0.049969    0.016653
    0.544000    0.018264    0.010965    0.003013
   -0.110000   -0.003736    0.002479   -0.000707
    0.086000    0.002939    0.000177   -0.002304
    0.304000    0.011089    0.006362    0.006279
   -0.648000   -0.020866   -0.018038    0.035281
    1.263000    0.043752   -0.002161    0.049496
   -0.444000   -0.014760   -0.003342   -0.014846
   -1.536000   -0.050308    0.007632    0.038750
    1.417000    0.048502   -0.010065    0.033378
   -0.391000   -0.013224    0.018510   -0.006536
    0.081000    0.003481   -0.010403    0.007614
    0.425000    0.014620    0.039440    0.022054
    0.018000    0.001126    0.002991   -0.005915
    0.538000    0.017990    0.017468   -0.032987
   -0.924000   -0.030389    0.041039    0.016134
   -0.226000   -0.006891    0.022862   -0.006401
   -0.176000   -0.005093    0.053955    0.028110
    0.042000    0.002226    0.001438    0.001613
    0.094000    0.003568   -0.000139    0.003143
   -0.794000   -0.027108    0.000374   -0.033009
   -0.149000   -0.004779   -0.005002    0.002351
   -0.009000    0.000298   -0.022715    0.003788
    0.147000    0.005215    0.004613    0.004936
   -0.936000   -0.031464    0.003489   -0.010929
   -0.550000   -0.017442    0.012379    0.016460
   -0.511000   -0.016597    0.007867    0.002689
   -0.009000   -0.000293    0.002060    0.003408
   -0.120000   -0.003941   -0.001858   -0.009352
    1.027000    0.034707    0.041370   -0.024274
    0.396000    0.013590    0.007739    0.001823
   -0.000000    0.000272   -0.010034    0.006035
    0.000000   -0.000431    0.033720   -0.055131
    0.749000    0.025491    0.013603    0.018153
    0.046000    0.001989   -0.022178    0.009100
   -0.284000   -0.009549    0.007188   -0.005213
    0.252000    0.009474    0.014336    0.029353
   -1.130000   -0.037496   -0.012035   -0.023335
    0.133000    0.004752    0.024542   -0.007892
   -0.711000   -0.023428    0.008516    0.009672
   -0.310000   -0.008802    0.030268    0.049767
    1.320000    0.044543    0.029318    0.022837
   -0.777000   -0.025271   -0.001509    0.033606
    0.832000    0.029215   -0.035307    0.046919
    1.629000    0.054786    0.003336   -0.028085
    0.059000    0.002152   -0.002018   -0.001499
    0.186000    0.007718   -0.012468    0.048245
    0.129000    0.004391    0.003537    0.003019
   -1.463000   -0.047548    0.024288    0.035230
    0.081000    0.003342    0.057616    0.011568
   -0.078000   -0.002704   -0.040885   -0.022849
   -0.302000   -0.009975   -0.004499   -0.014912
    0.147000    0.005719    0.003815    0.005399
   -0.483000   -0.016339   -0.001517   -0.026882
    0.039000    0.001384    0.044540   -0.001821
   -0.867000   -0.027981   -0.027674    0.055479
   -1.508000   -0.049593   -0.030115    0.006040
    0.752000    0.025247   -0.004507   -0.004029
    0.728000    0.024792   -0.031120   -0.001976
    0.134000    0.004803   -0.051199    0.009188
    0.224000    0.007675    0.024098   -0.031088
    0.240000    0.008126    0.000179    0.001807
    0.372000    0.013097    0.005967    0.006821
   -0.365000   -0.011147   -0.003244    0.014268
    0.075000    0.003319    0.001237   -0.002952
    0.517000    0.018153   -0.004201    0.020157
   -0.051000   -0.001053    0.010926   -0.008185
   -1.261000   -0.041640    0.021306    0.000379
   -1.473000   -0.049314    0.008684   -0.015915
    0.020000    0.001054    0.004344    0.002578
    0.001000    0.000416    0.004813   -0.003377
    1.062000    0.035988    0.026708    0.017781
    0.065000    0.002954    0.008980    0.009890
    0.453000    0.015832   -0.031935   -0.005230
   -0.206000   -0.006822   -0.004643    0.003212
    0.001000    0.000623   -0.001050    0.000015
    0.434000    0.015003   -0.014327    0.000162
    0.234000    0.007686   -0.004664   -0.013182
   -0.762000   -0.025294   -0.010539   -0.003645
    0.015000    0.001019    0.002116    0.000618
   -1.916000   -0.064098   -0.015099   -0.001494
   -0.740000   -0.024727   -0.016229   -0.033570
    0.180000    0.006212    0.002643    0.000946
    0.303000    0.010636    0.045904    0.009739
   -1.048000   -0.034342   -0.006644    0.015037
    0.217000    0.007841   -0.060138    0.000038
    0.657000    0.022294    0.027427   -0.009895
   -0.936000   -0.031230    0.009033   -0.018694
   -0.534000   -0.016495   -0.039474    0.054052
    0.029000    0.001297    0.009020    0.005399
   -0.123000   -0.003190    0.008651    0.011773
   -1.560000   -0.050768   -0.023759    0.035121
   -1.019000   -0.034071   -0.017000   -0.003219
    0.261000    0.009141   -0.033259   -0.007097
    0.048000    0.001042   -0.003443   -0.032560
   -0.216000   -0.006716    0.001222   -0.001014
   -0.627000   -0.020775    0.000335   -0.025717
   -0.184000   -0.006051    0.054703    0.009451
   -0.432000   -0.013560   -0.038866    0.019780
   -0.133000   -0.003636    0.000499   -0.000561
    0.859000    0.028235   -0.007197   -0.046464
   -0.707000   -0.024063    0.005535   -0.041545
   -1.278000   -0.042511    0.038406   -0.005715
   -0.638000   -0.021037    0.062386    0.000476
   -0.072000   -0.002111   -0.002327   -0.002524
    0.342000    0.012158    0.001425   -0.001173
   -0.823000   -0.026849   -0.014367    0.033982
   -1.402000   -0.046199   -0.035718    0.014834
    0.563000    0.018776   -0.051277   -0.016116
    0.216000    0.007777    0.006118    0.000897
   -0.931000   -0.030022   -0.042928    0.035209
    0.363000    0.012952   -0.010824    0.000697
    0.406000    0.014053   -0.004033    0.008352
    0.132000    0.005237   -0.000052    0.007580
    0.438000    0.015145    0.005152   -0.006254
    0.315000    0.012024    0.022211    0.040516
   -0.952000   -0.032066    0.009534   -0.015431
    0.601000    0.021534   -0.035663    0.048485
    0.194000    0.007019   -0.053910   -0.020688
    0.180000    0.005857   -0.014308   -0.035763
   -0.136000   -0.005097    0.007983   -0.037190
   -0.095000   -0.002560   -0.010296   -0.003500
   -0.061000   -0.002267    0.018851   -0.010407
    0.680000    0.022788   -0.003499   -0.007223
   -0.067000   -0.002329   -0.055057   -0.015403
    0.131000    0.004624   -0.001207    0.000249
    0.142000    0.005582   -0.001427    0.005918
    0.017000    0.000896    0.014552    0.008910
   -0.310000   -0.010255    0.004990   -0.003065
    0.219000    0.008288   -0.033124    0.011143
    0.216000    0.007166   -0.016419   -0.054729
   -0.100000   -0.002988    0.015786    0.010662
    0.100000    0.004060   -0.003716    0.001460
    0.040000    0.000907   -0.007548   -0.028539
    0.963000    0.032765    0.037295    0.018505
   -1.280000   -0.042696    0.001042   -0.011927
   -0.205000   -0.006123   -0.002823    0.022245
   -0.177000   -0.006015   -0.020399   -0.014050
   -0.346000   -0.010966   -0.013852   -0.000694
   -0.823000   -0.027502    0.016830   -0.006136
   -0.956000   -0.032405   -0.014293   -0.028848
   -1.158000   -0.038793    0.014220   -0.001510
   -0.125000   -0.003690   -0.024432   -0.019279
