# First column is original location on swiss roll
# Next columns are points in diffusion space
# Note that first (trivial) eigenvector not used.
# In gnuplot to plot the first dimensions try:
#   plot 'dmap.dat' u 2:3:1 w points palette
# time =     0.000000
# bandwidth =    10.000000
   -0.747000   -0.023785   -0.031266    0.045657
    0.588000    0.020264   -0.034343    0.001819
    0.199000    0.007346   -0.015248    0.018124
   -0.558000   -0.017588   -0.048587    0.042806
   -0.340000   -0.010444   -0.000813    0.011385
    0.481000    0.015814   -0.006120   -0.037888
   -0.524000   -0.016722    0.040609    0.005255
   -0.496000   -0.016247   -0.045796    0.012157
    0.099000    0.003918   -0.042941    0.000167
    0.862000    0.029733   -0.028057    0.005765
    0.347000    0.012936    0.020800    0.052284
    0.860000    0.029890   -0.024716    0.021467
   -0.109000   -0.003372    0.000250    0.002602
   -0.035000   -0.000238    0.001305    0.007984
   -0.283000   -0.009722    0.007934   -0.047601
   -0.888000   -0.029376    0.012216   -0.017169
   -0.166000   -0.005636    0.018879   -0.025776
    0.770000    0.026985   -0.004111    0.022391
   -0.567000   -0.017861    0.023375    0.035189
   -0.068000   -0.001744    0.005431    0.009725
   -1.162000   -0.038603   -0.001953   -0.004329
   -0.046000   -0.001977   -0.030834   -0.037252
   -0.494000   -0.015855    0.014158   -0.009013
    1.379000    0.046162    0.021312   -0.034817
    1.082000    0.036452    0.002758   -0.017714
   -1.056000   -0.035107   -0.031567    0.001321
    0.194000    0.006703    0.043946   -0.013863
   -1.372000   -0.046184   -0.015823   -0.038531
   -0.752000   -0.024470   -0.029831    0.016879
    0.189000    0.006405    0.004503   -0.009247
    0.480000    0.015606    0.018906   -0.034748
    0.674000    0.022509   -0.008066    0.000144
   -0.100000   -0.003426    0.005137   -0.008843
   -0.096000   -0.002388    0.016086    0.011020
   -0.462000   -0.015231    0.014163    0.002468
   -0.029000   -0.000627    0.007732    0.003030
    0.156000    0.005442    0.049919   -0.022853
   -0.696000   -0.022927    0.017877   -0.028395
   -0.896000   -0.029570    0.052471   -0.023686
   -0.031000   -0.000738    0.000650    0.001732
    0.154000    0.005613    0.025666   -0.020862
    0.154000    0.005712   -0.000641   -0.001512
    0.015000    0.000672    0.001985    0.000118
    0.755000    0.026361    0.055057    0.022993
    0.127000    0.004759    0.004580    0.002583
   -0.157000   -0.005098    0.001044    0.001574
    0.444000    0.015376   -0.005539    0.026664
   -0.039000   -0.001899   -0.042324   -0.039764
   -1.329000   -0.044440   -0.024828   -0.025212
   -0.292000   -0.008889    0.013461    0.009117
   -0.057000   -0.002122    0.005519   -0.013764
   -0.704000   -0.022944    0.008401    0.021052
   -0.129000   -0.004138   -0.016868    0.002203
   -0.039000   -0.000695   -0.000939    0.000513
    0.055000    0.001910   -0.000708   -0.014220
    0.764000    0.026638    0.007799    0.049730
   -0.495000   -0.015461    0.001420    0.050944
   -0.612000   -0.019531   -0.007213    0.034081
   -0.265000   -0.008503    0.007896    0.005645
    0.179000    0.006212    0.040026   -0.005174
    0.015000    0.000532   -0.001272    0.000492
   -1.388000   -0.046096   -0.033101    0.011314
    1.722000    0.058031    0.024430   -0.006312
    0.448000    0.015397   -0.006494   -0.015564
   -0.000000    0.000424   -0.001843    0.000407
   -0.489000   -0.015342    0.034035    0.042591
    0.086000    0.003342   -0.044269   -0.009630
    0.283000    0.009526    0.025180   -0.035571
    1.461000    0.049548    0.032888    0.007632
   -0.218000   -0.007647   -0.023174   -0.056917
    0.182000    0.006728    0.002641    0.020529
    0.621000    0.020353   -0.001752   -0.024416
   -1.233000   -0.040164    0.015931    0.041957
   -0.318000   -0.011301    0.003749   -0.044333
    1.499000    0.051365    0.003805    0.025590
    0.209000    0.007800    0.000966    0.041243
    0.183000    0.006567   -0.016353   -0.002164
    0.180000    0.007783    0.017793    0.059821
   -0.106000   -0.002584    0.011169    0.009359
   -1.321000   -0.044088    0.022723   -0.000983
   -0.571000   -0.018128   -0.036960    0.015074
    0.058000    0.002528    0.000469   -0.006135
    0.394000    0.013049    0.019113   -0.024419
   -0.160000   -0.005246   -0.008316   -0.010779
    0.017000    0.001462   -0.014183    0.033665
    0.836000    0.029118    0.020427    0.050364
    0.653000    0.021365   -0.009776   -0.024571
   -0.361000   -0.011085    0.037213    0.013550
    1.110000    0.037276    0.047797   -0.006634
    0.031000    0.001673   -0.004802    0.010741
    0.196000    0.006717    0.047557   -0.017032
    0.315000    0.011573    0.015396    0.011475
    0.639000    0.022398   -0.019318    0.045753
    0.317000    0.011528   -0.010241    0.022739
    0.732000    0.024025    0.025544   -0.031189
   -0.639000   -0.021289    0.012385   -0.003092
   -0.560000   -0.017905   -0.033491    0.023022
    0.122000    0.005087    0.027444    0.052238
    0.873000    0.029637    0.047795    0.014891
   -0.111000   -0.003212   -0.007802    0.004350
    0.231000    0.007711   -0.035752   -0.031119
    0.455000    0.015565    0.029769   -0.009794
   -0.204000   -0.006779   -0.025098   -0.004536
    1.333000    0.045019   -0.036248    0.024752
   -0.525000   -0.016823    0.050931   -0.004249
   -0.058000   -0.001914   -0.007156   -0.009903
    0.103000    0.003442   -0.014421   -0.008887
   -0.001000    0.000203   -0.000322   -0.000531
    0.644000    0.022254   -0.003072    0.005462
   -0.281000   -0.008711    0.030509    0.037076
   -0.641000   -0.020981   -0.005962    0.003791
   -0.447000   -0.015061    0.037196   -0.005746
   -0.363000   -0.011275    0.037542    0.051116
    1.405000    0.046599   -0.018798   -0.026423
    0.104000    0.004172   -0.002760   -0.008754
   -0.982000   -0.033290    0.014569   -0.032519
   -0.571000   -0.018312   -0.009966    0.020366
   -0.130000   -0.003493   -0.004209    0.006797
    0.762000    0.025541    0.032971   -0.036146
   -0.592000   -0.019334   -0.042911    0.019651
   -0.181000   -0.005566   -0.004578    0.002930
   -0.368000   -0.011676   -0.031089    0.008840
   -0.754000   -0.025355    0.015749   -0.055605
    0.764000    0.026340    0.016951    0.021088
   -0.647000   -0.022083    0.002482   -0.026399
    0.218000    0.008251   -0.012028    0.008672
    1.131000    0.039134    0.001267    0.046411
   -0.334000   -0.010127   -0.038425    0.038106
    0.106000    0.003789   -0.004880    0.002439
   -0.166000   -0.005132    0.002850   -0.017692
    1.076000    0.036644    0.025907    0.000712
    0.365000    0.012172   -0.028328   -0.004209
   -0.001000    0.000486    0.011289    0.024897
    1.049000    0.035451   -0.043132   -0.007671
   -0.091000   -0.002987   -0.006234   -0.012837
   -0.037000   -0.001224   -0.001965   -0.003792
    0.193000    0.006487   -0.002579   -0.003127
   -0.130000   -0.003435    0.058162    0.017430
    0.706000    0.023499    0.013676   -0.013100
   -0.673000   -0.021539    0.026720    0.029908
    0.067000    0.002539   -0.018662   -0.011623
   -0.327000   -0.010107    0.007741    0.038332
   -0.514000   -0.015739    0.001192    0.053285
    0.177000    0.006018   -0.000127    0.003369
    0.763000    0.024808   -0.024758   -0.059935
    0.531000    0.017668    0.023955   -0.026541
   -0.597000   -0.019835    0.005942   -0.029502
   -1.509000   -0.050416    0.030887   -0.011269
    1.783000    0.060039    0.026917   -0.008243
   -0.791000   -0.025849   -0.016017    0.017722
   -0.389000   -0.012210   -0.010206    0.007151
   -0.829000   -0.028202    0.016916   -0.027217
    1.506000    0.050231    0.023876   -0.031688
    0.133000    0.005242   -0.033337    0.037966
    0.122000    0.005103   -0.004502    0.011440
   -0.153000   -0.004567   -0.008416    0.003141
    0.516000    0.016852   -0.000685   -0.035120
    0.306000    0.010397    0.020457    0.000074
   -0.315000   -0.010240    0.041712   -0.016472
    0.169000    0.006011    0.017072    0.009428
   -1.112000   -0.036580   -0.021064   -0.009911
   -1.038000   -0.034003   -0.033619    0.008952
   -0.781000   -0.025578   -0.010312    0.010251
   -0.227000   -0.007569   -0.053338   -0.037853
    0.337000    0.011450    0.013217    0.010264
    0.531000    0.018115   -0.011866   -0.013541
   -0.787000   -0.026692   -0.005726   -0.026277
   -0.251000   -0.007855    0.042183   -0.001747
   -1.072000   -0.035268    0.006386    0.034006
    0.267000    0.009333    0.036574   -0.018968
    0.727000    0.025328    0.021018    0.026931
   -0.377000   -0.011311    0.034952    0.040570
    0.850000    0.029712   -0.000944    0.024119
   -0.010000   -0.000277   -0.001149   -0.003419
    0.187000    0.006942    0.004012    0.005488
    0.263000    0.008537   -0.050886   -0.043393
   -1.745000   -0.057393    0.017246    0.023970
    1.119000    0.037206   -0.034469   -0.039834
   -0.017000    0.000316   -0.008444    0.036565
   -0.812000   -0.026890   -0.024589   -0.017108
   -1.413000   -0.046291    0.003568    0.020091
    1.021000    0.034167   -0.006081   -0.013089
   -0.415000   -0.012898   -0.014050    0.011898
    0.039000    0.001468   -0.006589   -0.018505
    0.181000    0.005973   -0.022842   -0.020599
    0.204000    0.007286   -0.031382   -0.008212
   -0.143000   -0.004453    0.005909   -0.009376
    0.125000    0.003910    0.030160   -0.044705
    1.080000    0.036874    0.013096    0.030366
    0.493000    0.016839    0.013439   -0.007227
    0.203000    0.007582   -0.000541    0.032412
   -0.384000   -0.011791   -0.021863    0.017562
   -0.591000   -0.019544   -0.025545   -0.003832
   -0.600000   -0.019662    0.041906   -0.022601
   -0.583000   -0.018832   -0.013096   -0.005899
   -1.351000   -0.043766   -0.005165    0.036389
    0.342000    0.011472    0.014064   -0.027819
    0.809000    0.027941    0.033440    0.048809
    0.402000    0.014080   -0.016950    0.015072
    0.992000    0.033585   -0.013883    0.009885
    0.044000    0.001795    0.000910    0.003779
   -1.271000   -0.042160   -0.013197    0.012487
    0.338000    0.011115   -0.033110   -0.034735
    1.293000    0.044020    0.045318   -0.001599
   -0.385000   -0.012280   -0.015978    0.011706
    0.453000    0.014790    0.011370   -0.020117
   -0.356000   -0.012191   -0.023537   -0.028414
    0.046000    0.001658   -0.001248   -0.000033
   -0.038000   -0.000836   -0.040060   -0.018127
    1.622000    0.054532    0.015022    0.014140
    0.053000    0.001971    0.032693   -0.022151
   -0.481000   -0.015794    0.014035   -0.017892
    0.233000    0.008998    0.011090    0.024313
    0.067000    0.002903    0.000118    0.027598
    0.078000    0.003577    0.013153    0.017349
   -0.073000   -0.001673    0.000433   -0.000571
    0.284000    0.010013    0.010294    0.008401
    0.074000    0.002770   -0.000640    0.002335
   -0.673000   -0.021761    0.043220    0.029182
   -0.014000    0.000194   -0.001555   -0.001784
   -0.574000   -0.018406    0.009860    0.004451
    0.169000    0.006239    0.011416    0.018139
   -0.193000   -0.005750   -0.003089   -0.001083
   -0.017000    0.000059    0.000016    0.000331
    0.090000    0.003863    0.008002    0.014830
   -0.657000   -0.021217    0.004233    0.011399
    0.314000    0.010531    0.013914   -0.017855
    1.536000    0.051454    0.001631   -0.026428
   -0.055000   -0.001692   -0.001145    0.002506
   -0.962000   -0.031224   -0.002426    0.017332
    0.242000    0.008415    0.001595   -0.017416
    1.296000    0.045036   -0.009045    0.047802
   -0.361000   -0.011751    0.031780   -0.007408
   -0.505000   -0.016788    0.006799    0.001550
   -0.261000   -0.008184    0.002556    0.012945
   -0.421000   -0.014438    0.038323   -0.043510
    0.067000    0.002780    0.001703    0.006862
    0.791000    0.027145    0.051569   -0.003754
    0.063000    0.002343    0.006253    0.004876
   -1.036000   -0.034118    0.024848    0.017881
    0.639000    0.021431    0.018168   -0.021761
    0.511000    0.016944    0.032542   -0.025681
   -1.240000   -0.041142   -0.025114   -0.015963
   -0.036000   -0.000778    0.046841   -0.003498
   -0.049000   -0.001202   -0.003667    0.001776
    0.001000    0.000826   -0.000588    0.000841
    0.496000    0.017511   -0.003662    0.011047
    0.059000    0.002810   -0.001551   -0.000286
    0.396000    0.013426    0.016904   -0.007247
   -0.628000   -0.020803    0.006404   -0.020666
   -0.197000   -0.005801    0.007697    0.011899
   -0.152000   -0.004902    0.003405   -0.007260
   -1.340000   -0.043545   -0.003940    0.039121
    0.845000    0.027760    0.015160   -0.034173
   -0.516000   -0.017304   -0.010250   -0.001560
   -0.227000   -0.006262    0.008309    0.027053
   -0.202000   -0.005799   -0.010151    0.014788
    1.107000    0.037645    0.008447    0.000214
    0.094000    0.003693   -0.001916   -0.002874
   -1.098000   -0.036658   -0.050240    0.004039
   -1.181000   -0.038648    0.009237    0.009293
   -0.116000   -0.003915   -0.015005   -0.002594
   -0.029000   -0.000781    0.000621   -0.002687
   -0.058000   -0.000897    0.020719    0.029011
    0.147000    0.005147    0.009440   -0.006557
   -0.852000   -0.028276    0.012934    0.011446
   -0.979000   -0.033355    0.003805   -0.032552
    0.658000    0.022510    0.013234    0.022812
   -1.233000   -0.041010   -0.022713   -0.006755
   -0.550000   -0.018173   -0.012918   -0.008024
    0.043000    0.002130    0.007287    0.028736
    0.171000    0.006233   -0.007016    0.010574
    0.028000    0.001273   -0.006448    0.001555
   -0.469000   -0.015909    0.012118   -0.012338
    0.765000    0.026469    0.044176    0.009340
   -0.182000   -0.005631    0.021269    0.001895
   -0.727000   -0.023882   -0.002748   -0.011861
   -0.556000   -0.018722    0.012908   -0.016376
    0.695000    0.023104    0.007444   -0.017608
   -0.152000   -0.004761    0.004361   -0.000901
   -0.427000   -0.014585    0.050828   -0.032547
    1.852000    0.062319    0.022464   -0.012320
   -0.296000   -0.009095    0.000607   -0.001142
   -0.191000   -0.005431    0.006733    0.006843
   -1.193000   -0.039901   -0.049894   -0.012326
   -0.000000    0.000411    0.000319    0.000623
   -0.157000   -0.004781   -0.032067    0.017879
    0.080000    0.003269   -0.000819    0.006133
   -1.114000   -0.036170    0.033808    0.025984
   -0.166000   -0.005562    0.038298   -0.015416
   -0.244000   -0.008128    0.007207   -0.028247
   -0.364000   -0.011756   -0.015094    0.004787
   -0.119000   -0.003191    0.014536    0.026831
   -1.478000   -0.048670   -0.006546   -0.001914
    0.074000    0.003111   -0.031235    0.015154
   -1.370000   -0.046208   -0.005224   -0.017746
   -0.922000   -0.029830    0.005826    0.035871
   -0.087000   -0.002180    0.009149    0.005285
    0.584000    0.020184    0.001463   -0.011649
   -0.324000   -0.010204    0.001894    0.001277
   -0.019000    0.000089    0.009445    0.018877
    1.108000    0.037776   -0.003833    0.002622
    0.224000    0.007698   -0.018299    0.008252
    0.059000    0.002275   -0.002315    0.002832
    0.288000    0.010565   -0.022109    0.005149
   -0.570000   -0.018613   -0.051838    0.024228
   -0.037000   -0.001269    0.006036   -0.000414
    0.756000    0.025218   -0.042855   -0.018025
    1.726000    0.057890   -0.027113    0.004025
    0.452000    0.015926    0.012502    0.016678
    0.933000    0.031720    0.052248   -0.021725
   -0.142000   -0.004067   -0.003671    0.004786
    0.158000    0.005413   -0.012620    0.007871
    0.087000    0.002982   -0.043900   -0.015692
   -0.329000   -0.010668    0.001059    0.008957
    0.272000    0.008919   -0.033613   -0.024224
    0.027000    0.000927    0.046317   -0.005618
   -0.185000   -0.007139   -0.011731   -0.060579
    1.099000    0.036810    0.040734   -0.017540
    1.489000    0.050400    0.019678   -0.000830
    0.161000    0.005561   -0.001232   -0.000230
    0.223000    0.008350   -0.016342    0.020393
    1.647000    0.055978    0.003069    0.020268
    0.047000    0.001892   -0.001143   -0.003410
   -0.291000   -0.009932   -0.001286   -0.009339
    0.026000    0.000895    0.045081   -0.008910
   -0.438000   -0.015403   -0.047525   -0.041390
    0.200000    0.006887   -0.013469    0.010027
   -0.445000   -0.013971    0.033377    0.028900
   -0.190000   -0.005663   -0.000107    0.011825
   -0.443000   -0.014046   -0.007365    0.006512
    0.288000    0.010432    0.056780    0.032647
   -0.107000   -0.003305   -0.028090   -0.001276
   -0.473000   -0.016297    0.002673   -0.034633
    0.563000    0.019249    0.039923    0.019494
   -0.937000   -0.030704   -0.000437    0.033937
    0.395000    0.013676   -0.057982    0.019545
   -1.243000   -0.040786    0.015162    0.001201
    0.345000    0.012598    0.019634    0.017195
   -0.911000   -0.030371   -0.046401   -0.021410
    1.244000    0.042065   -0.015767    0.007834
    0.178000    0.006395    0.006917    0.008202
   -1.459000   -0.049145    0.023665   -0.028754
    0.607000    0.021038    0.026597    0.007544
   -0.307000   -0.009439   -0.017254    0.010751
    1.213000    0.040120   -0.023708   -0.042672
   -0.154000   -0.005569   -0.004012   -0.036824
    0.024000    0.002091    0.004272    0.028595
    0.907000    0.031720   -0.033208    0.038318
    1.567000    0.053017   -0.014751    0.010215
    0.634000    0.021250    0.010252   -0.016788
   -0.231000   -0.006864    0.010062    0.000197
   -0.046000   -0.000290    0.039952    0.023427
    0.094000    0.002571   -0.002008   -0.031630
   -0.517000   -0.016258   -0.017934    0.018760
    0.075000    0.002531    0.000975   -0.003515
   -0.285000   -0.009640   -0.011516   -0.027881
   -0.736000   -0.023475   -0.010671    0.043137
    1.056000    0.036175   -0.010292    0.025866
    0.855000    0.029234   -0.034913    0.035281
    0.181000    0.006586   -0.005426   -0.004202
   -1.122000   -0.036300    0.006972    0.026847
    0.003000    0.000933   -0.000647   -0.000583
    0.511000    0.018004   -0.026440    0.052508
    0.002000    0.000308    0.066358    0.011118
    0.182000    0.006293    0.034104   -0.011599
   -0.412000   -0.013267   -0.011270    0.004604
    1.226000    0.041107    0.052577   -0.004600
    0.600000    0.020521    0.022234   -0.010856
    0.194000    0.006421   -0.025829   -0.037633
    0.061000    0.002083   -0.000520    0.001402
    0.621000    0.021404   -0.002484    0.010466
   -0.090000   -0.002877    0.003836   -0.013635
   -0.347000   -0.011912   -0.004946   -0.023317
   -1.278000   -0.042895    0.005976   -0.026645
    0.209000    0.006956    0.036788   -0.017074
    0.407000    0.014091    0.014686    0.017773
   -1.688000   -0.055996   -0.014267    0.025818
   -0.368000   -0.012119    0.054078   -0.000673
    0.494000    0.016959    0.005507   -0.017362
    0.293000    0.009977    0.009358    0.002416
   -0.025000   -0.000453   -0.001987   -0.000789
   -1.020000   -0.033402   -0.034265    0.008920
    0.158000    0.005494   -0.002292   -0.024922
   -0.290000   -0.009163   -0.028455    0.017317
    0.364000    0.012163   -0.016080   -0.015553
   -1.514000   -0.050717   -0.017224    0.002093
    0.323000    0.012113    0.013979    0.043900
   -0.700000   -0.023316   -0.028537   -0.021893
    0.584000    0.020047   -0.026238    0.005560
    0.086000    0.003551    0.007677    0.002672
   -0.247000   -0.008050   -0.032367   -0.034755
    0.528000    0.018355   -0.006131    0.008722
    0.385000    0.013235   -0.005833    0.000292
   -1.456000   -0.048649   -0.018262   -0.012824
   -0.399000   -0.012653   -0.007761    0.036448
    0.298000    0.010875   -0.004690    0.006381
   -0.211000   -0.006181   -0.035599    0.014567
   -0.474000   -0.015260   -0.003455   -0.005196
    0.169000    0.006080   -0.010893   -0.002551
    0.558000    0.019406    0.003390    0.004294
   -0.149000   -0.004248    0.002621    0.001660
    0.190000    0.007592    0.011678    0.064563
   -0.171000   -0.005604   -0.031957   -0.019736
    0.663000    0.022113   -0.015208   -0.010296
    1.170000    0.038975   -0.027663   -0.013291
    1.383000    0.046674    0.021880    0.015737
    0.052000    0.001963   -0.006660    0.008056
    0.249000    0.008936    0.002518    0.002416
    1.743000    0.058697    0.003928    0.009184
   -0.871000   -0.028804   -0.027244    0.015595
    0.555000    0.018148    0.033806   -0.033676
   -0.032000   -0.000557   -0.000799   -0.001022
    0.025000    0.000884   -0.000593    0.000147
   -0.064000   -0.000821    0.016264    0.042798
    0.395000    0.013123   -0.002235   -0.021553
   -0.725000   -0.023198    0.006014    0.026120
    0.016000    0.000782   -0.001701    0.010505
   -0.760000   -0.024400    0.009725    0.059869
    0.797000    0.026030   -0.025693   -0.033255
    0.854000    0.029254   -0.027431   -0.004490
    0.090000    0.002881    0.014352   -0.015447
   -0.539000   -0.018500    0.011923   -0.048331
    0.202000    0.006810   -0.002964   -0.011950
   -1.205000   -0.040304    0.012539   -0.006464
    0.070000    0.002389   -0.012882    0.000512
   -1.458000   -0.048643   -0.025673   -0.003536
   -0.490000   -0.015833   -0.016454    0.018920
    0.027000    0.000853   -0.004618   -0.003959
   -0.005000    0.000639   -0.000502   -0.000405
   -0.080000   -0.001983   -0.001737   -0.002901
   -0.081000   -0.001994   -0.005180   -0.002988
    0.570000    0.018962    0.002926   -0.029809
    1.289000    0.042421   -0.006789   -0.044406
    0.159000    0.005739   -0.003401    0.002494
   -0.259000   -0.008416   -0.001947   -0.012324
    0.258000    0.007802    0.004970   -0.058374
   -0.247000   -0.007897   -0.011445   -0.003335
    1.173000    0.040457   -0.028434    0.029366
   -0.163000   -0.004991    0.015976   -0.008612
   -0.697000   -0.022391    0.005634    0.016406
    0.203000    0.007223    0.000328    0.008355
    0.126000    0.004610    0.001068    0.000047
    0.273000    0.009067   -0.020640   -0.005253
   -1.399000   -0.046903    0.002631   -0.018321
   -1.693000   -0.056051   -0.030580   -0.008716
    0.313000    0.011274   -0.008723    0.017070
    0.082000    0.003311   -0.007182    0.004883
   -0.510000   -0.016931   -0.042973   -0.020255
   -0.704000   -0.023627   -0.003881   -0.029279
    0.899000    0.030951   -0.015955    0.006073
    0.079000    0.003197   -0.005740    0.005778
    0.285000    0.009595   -0.009811    0.002932
    0.190000    0.008083    0.030752    0.049047
    0.306000    0.010809    0.010879    0.031113
    0.895000    0.031048   -0.020484    0.034543
   -0.666000   -0.021733   -0.008466    0.009686
   -0.067000   -0.002527   -0.010721   -0.018585
    0.443000    0.015708   -0.000814    0.024514
   -0.238000   -0.006941   -0.004574    0.025568
    1.055000    0.035358   -0.016822   -0.011890
   -0.320000   -0.011401    0.019244   -0.040698
   -0.037000   -0.000943   -0.004232    0.005695
    0.092000    0.003504   -0.025864    0.008887
    0.070000    0.002730    0.000184   -0.002632
    1.303000    0.043539   -0.009314   -0.002640
   -0.096000   -0.003074   -0.023815   -0.007715
    0.059000    0.001635   -0.020246   -0.061906
   -0.821000   -0.026752    0.006586    0.012382
    0.065000    0.002645    0.002634    0.001682
   -0.365000   -0.011293    0.010529    0.006964
    0.375000    0.013700    0.003157    0.020170
   -1.761000   -0.058932   -0.017515   -0.015719
    0.026000    0.001384   -0.000401   -0.000549
   -0.329000   -0.011023    0.019964   -0.018957
   -0.401000   -0.012997    0.027654    0.020703
   -0.491000   -0.016586    0.015728   -0.015833
    0.357000    0.011358   -0.010858   -0.041652
    0.445000    0.016239   -0.003951    0.035489
   -0.414000   -0.013349    0.005694   -0.005208
    0.217000    0.008129   -0.025865    0.009301
    1.047000    0.035419    0.009657   -0.009962
    0.776000    0.026040    0.022445   -0.017480
    1.055000    0.036374   -0.007076    0.042135
   -0.024000   -0.000199   -0.010483   -0.006631
   -0.670000   -0.020541   -0.015175    0.059895
    0.033000    0.001531   -0.000360    0.000135
    0.008000    0.000693   -0.003500   -0.020129
   -0.988000   -0.032355    0.018911    0.000198
    0.587000    0.020905   -0.009615    0.052054
   -0.918000   -0.030780    0.027754   -0.021525
   -0.004000    0.000560    0.026459    0.019244
   -0.506000   -0.016832   -0.012502   -0.020260
    0.606000    0.020467   -0.006562   -0.007987
   -0.182000   -0.005701   -0.010113   -0.005862
    1.117000    0.037916    0.042586   -0.006032
   -0.375000   -0.012411   -0.018517    0.007114
   -0.292000   -0.009714    0.039378   -0.020920
   -0.436000   -0.014351   -0.034622   -0.002718
    0.121000    0.004637   -0.001330   -0.006230
    0.017000    0.000916    0.004055   -0.000023
    0.138000    0.005824   -0.013023    0.028631
   -0.404000   -0.012434   -0.014873    0.020169
   -0.059000   -0.001633    0.000560    0.002138
   -0.088000   -0.004070    0.000690   -0.067318
    1.301000    0.044283    0.027618    0.008209
    0.417000    0.014885   -0.021112    0.026220
    0.045000    0.001819    0.007822    0.004808
    0.060000    0.002647    0.011489   -0.008427
    0.302000    0.010958   -0.006200    0.008600
    0.057000    0.002672   -0.012802   -0.001066
   -1.026000   -0.033248   -0.012886    0.028168
    1.425000    0.048388    0.029494    0.006147
    1.376000    0.047375   -0.015074    0.031889
    0.630000    0.021456   -0.031747    0.013889
   -1.836000   -0.060780    0.016165    0.001531
   -0.868000   -0.029047   -0.003194   -0.036426
    1.486000    0.050148    0.011089    0.003044
    0.184000    0.006405   -0.014937    0.016346
    0.186000    0.006309   -0.009914   -0.010498
    1.588000    0.052818    0.033387   -0.021349
    0.228000    0.007911   -0.002631    0.009202
    0.058000    0.001560   -0.042801   -0.041382
   -0.948000   -0.031026    0.030226    0.003312
    1.068000    0.035240   -0.015836   -0.049430
   -0.188000   -0.005785    0.053631   -0.022466
   -0.211000   -0.006473    0.018446    0.020419
   -0.695000   -0.022171    0.024806    0.031722
    0.018000    0.001206    0.001022    0.001859
   -0.074000   -0.002470    0.048485   -0.041742
    0.197000    0.007146    0.006552    0.016448
   -1.294000   -0.042944   -0.008439    0.009242
   -0.297000   -0.008955   -0.026671    0.026197
    0.106000    0.003932   -0.011198    0.001658
    0.341000    0.011659   -0.012199   -0.010932
   -0.158000   -0.004995    0.044484   -0.019376
    0.138000    0.004782   -0.004768    0.003576
    0.210000    0.007135    0.059392   -0.015454
    0.119000    0.005069    0.018608    0.046586
   -1.399000   -0.046757   -0.040545   -0.018728
    0.738000    0.024823    0.034029   -0.012709
   -1.694000   -0.055915   -0.006608    0.016676
    0.687000    0.023923   -0.004595    0.019799
   -0.281000   -0.008239   -0.003099    0.042032
   -0.312000   -0.010105   -0.010041    0.010939
   -0.090000   -0.001993   -0.038072    0.030274
   -0.002000    0.000337    0.001336    0.004519
    1.119000    0.037162   -0.008099   -0.012488
   -0.455000   -0.014075    0.019252    0.020667
    0.413000    0.013632    0.031823   -0.046183
    0.084000    0.003304   -0.014663    0.010862
    0.598000    0.020737    0.006743    0.041642
    0.051000    0.002273   -0.009559    0.016650
   -0.086000   -0.001974    0.036849    0.010900
    0.168000    0.006138   -0.010483   -0.012327
   -1.401000   -0.046131   -0.032851   -0.003243
   -1.389000   -0.045896   -0.044347    0.000857
    1.075000    0.036128   -0.019463    0.012209
    0.223000    0.007840   -0.004401   -0.002294
    0.155000    0.005455   -0.008669   -0.024256
    0.328000    0.011709   -0.002074    0.012201
    0.002000    0.000183    0.015990   -0.001073
    0.639000    0.021317    0.004716   -0.022938
    0.940000    0.030845   -0.003526   -0.055550
   -0.863000   -0.029037   -0.034160   -0.036498
    0.092000    0.003517    0.013070    0.010201
   -0.044000   -0.002237    0.018184   -0.047109
   -0.125000   -0.003917   -0.005386   -0.008700
    0.038000    0.001520   -0.000308    0.000318
   -0.079000   -0.001889    0.025793    0.030056
    0.477000    0.016403    0.012519   -0.002911
   -0.463000   -0.016022    0.035511   -0.035075
    1.750000    0.058297   -0.000208   -0.029995
    0.611000    0.020530   -0.010726   -0.023806
   -0.660000   -0.022196   -0.016564   -0.050502
   -0.757000   -0.024994    0.016340   -0.015443
   -0.230000   -0.007320   -0.007922   -0.008206
    0.994000    0.033538    0.015973   -0.012507
    0.869000    0.029257    0.001921   -0.026850
   -0.686000   -0.022843    0.032714   -0.037221
    0.167000    0.007107   -0.022466    0.043597
   -0.257000   -0.008346    0.004390    0.005622
   -0.159000   -0.004949   -0.065322   -0.005513
   -0.089000   -0.001937   -0.022971    0.022954
    0.414000    0.013496   -0.022089   -0.036592
    0.183000    0.005836    0.011757   -0.022006
    0.279000    0.009776    0.005308    0.007162
   -1.370000   -0.046165   -0.005637   -0.031403
    0.258000    0.009180    0.005162    0.000655
    1.700000    0.056223    0.010444   -0.036667
    0.923000    0.031018   -0.001412   -0.036608
    0.013000    0.000396   -0.000587   -0.001049
   -1.702000   -0.056663   -0.017614   -0.021219
   -0.344000   -0.010324   -0.009618    0.029772
    0.773000    0.026058    0.011079    0.010693
   -0.147000   -0.004280    0.001506    0.025491
   -0.472000   -0.015220   -0.017810   -0.000403
   -1.160000   -0.038432    0.015656   -0.005388
   -0.792000   -0.025332   -0.046004    0.019323
   -0.894000   -0.029691   -0.002316    0.001541
    1.282000    0.043578   -0.010027    0.022782
   -0.188000   -0.005585    0.050159   -0.006846
    0.053000    0.002391   -0.000616    0.001770
   -0.525000   -0.017268   -0.011664   -0.018274
   -0.341000   -0.011400    0.000211   -0.001500
   -0.011000    0.000716   -0.021831    0.050059
   -0.839000   -0.027693    0.016350   -0.027809
    1.508000    0.050794   -0.026891    0.004505
    0.279000    0.010947    0.022003    0.045653
    1.647000    0.055222    0.005904   -0.012213
    0.112000    0.004052    0.009326    0.002083
   -0.060000   -0.001508    0.001649   -0.002927
   -1.582000   -0.052193    0.002538    0.012387
    0.150000    0.005713   -0.012004   -0.005973
   -0.116000   -0.004308    0.015127   -0.036230
    0.650000    0.021520   -0.043597   -0.009116
    1.776000    0.060509    0.009947    0.017066
    0.364000    0.012120    0.048653   -0.015026
   -0.267000   -0.008649    0.026497   -0.014749
   -0.208000   -0.006392   -0.000346    0.019536
   -1.043000   -0.033556   -0.001593    0.045488
    0.908000    0.030656   -0.009078    0.010168
   -0.616000   -0.020609    0.013187   -0.005783
    1.683000    0.056938   -0.010162    0.022333
    0.407000    0.014233    0.004554    0.001799
    1.017000    0.034181   -0.032906    0.002004
    0.044000    0.001984   -0.001692    0.003100
    0.186000    0.006640    0.011019    0.006549
   -0.886000   -0.029457   -0.039517   -0.005121
    0.187000    0.006233    0.010905   -0.003423
   -1.539000   -0.051100    0.032825    0.004356
    0.112000    0.004348    0.007203    0.006803
    0.139000    0.004848   -0.014732   -0.002163
   -0.081000   -0.002304    0.000233    0.005426
    0.503000    0.015975    0.014580   -0.059638
    0.399000    0.013115   -0.014068   -0.048918
   -0.655000   -0.021893   -0.013162   -0.019707
   -0.724000   -0.023756   -0.035603   -0.006024
   -1.007000   -0.033080   -0.016356    0.024325
   -0.460000   -0.015439    0.013901   -0.035175
   -0.170000   -0.005142   -0.007510    0.011462
   -0.283000   -0.009211   -0.000243   -0.002809
   -0.869000   -0.029335    0.007193   -0.023154
    0.425000    0.014063   -0.016870   -0.005021
   -0.157000   -0.004029   -0.003333    0.029048
    0.119000    0.004386   -0.010256   -0.004386
   -0.024000   -0.000696    0.003291    0.004693
   -0.420000   -0.013134    0.034361    0.012326
    0.659000    0.021390   -0.015763   -0.035452
   -0.688000   -0.022396   -0.000433   -0.010450
    0.108000    0.004334   -0.001978    0.000973
   -1.661000   -0.054736    0.014507    0.025094
   -0.372000   -0.012229    0.018366    0.007535
    1.021000    0.034768   -0.008967    0.002052
    0.265000    0.008989   -0.024473    0.000417
   -0.339000   -0.010473    0.008128    0.017291
    0.182000    0.006840   -0.014783    0.001733
    0.941000    0.032635    0.029948    0.016271
   -0.756000   -0.025249   -0.029503   -0.031193
   -0.029000   -0.000159    0.004312    0.005904
   -0.078000   -0.002157   -0.010317    0.017473
   -1.822000   -0.060046   -0.010067    0.025322
    0.925000    0.032360    0.013322    0.041149
    0.500000    0.017118   -0.018525   -0.005512
    0.057000    0.001832   -0.010753   -0.032567
    0.367000    0.013056    0.057801    0.030346
   -0.548000   -0.018160   -0.001013   -0.002922
    0.457000    0.015978    0.010920    0.001643
    0.815000    0.027678    0.010032    0.020536
    0.284000    0.010243   -0.011190   -0.000534
    0.485000    0.017398    0.005302    0.021231
    0.846000    0.027748    0.008929   -0.040866
   -0.096000   -0.003300   -0.032857   -0.036494
   -0.397000   -0.012975   -0.019428   -0.005206
   -0.163000   -0.005181   -0.032577   -0.010222
    1.495000    0.050428   -0.011127    0.018457
   -0.560000   -0.017913   -0.034082    0.014242
    1.507000    0.050712    0.008059   -0.010041
   -1.486000   -0.049306    0.007230    0.026014
   -0.668000   -0.021230   -0.030747    0.023404
   -0.800000   -0.026825   -0.005497   -0.004103
   -0.070000   -0.001693   -0.055164    0.035839
   -0.449000   -0.015680    0.005518   -0.036723
    0.887000    0.029682   -0.019774   -0.036860
   -0.964000   -0.032367   -0.000221   -0.035899
    0.020000    0.001174    0.000569   -0.000177
   -0.572000   -0.018342    0.054230    0.031463
    0.509000    0.016891   -0.054330   -0.005276
    0.776000    0.026988   -0.020014    0.018034
   -0.206000   -0.006475   -0.005157    0.011523
   -0.312000   -0.009015    0.027789    0.037473
   -1.559000   -0.051464    0.010526    0.030653
   -0.025000   -0.000603    0.003672   -0.004555
    1.111000    0.037593    0.002927   -0.000939
   -0.061000   -0.001527   -0.001195   -0.006726
   -0.338000   -0.010663   -0.007064    0.023730
    0.413000    0.014008    0.004952    0.006377
   -0.106000   -0.003196   -0.005070   -0.000293
    1.659000    0.055874   -0.003858    0.006977
    1.270000    0.042408    0.020303   -0.045668
    0.305000    0.009966   -0.002656   -0.061269
   -0.338000   -0.010071   -0.012434    0.055927
   -0.949000   -0.030437    0.001028    0.032995
    0.184000    0.007070    0.005434    0.004625
   -0.221000   -0.006641    0.014005   -0.007093
   -0.400000   -0.012021   -0.004163    0.032432
   -0.525000   -0.016999   -0.028930   -0.015870
   -0.897000   -0.030161   -0.025182   -0.023879
   -0.267000   -0.009288    0.023194   -0.029016
    0.509000    0.017101    0.009793   -0.016264
    0.077000    0.002428    0.002198   -0.014121
    1.259000    0.043514    0.030616    0.041179
    0.065000    0.001772    0.049662   -0.024788
    0.507000    0.017288   -0.029950    0.010723
    0.170000    0.006506    0.006627    0.037073
    0.028000    0.001532   -0.025778   -0.007453
    0.368000    0.012658    0.014329    0.017617
   -0.007000   -0.000237    0.015975   -0.011843
    0.039000    0.001807    0.016790    0.001616
   -0.205000   -0.006026    0.001116    0.006640
   -1.471000   -0.048506   -0.012952    0.041476
   -0.056000   -0.001609   -0.029767   -0.006446
   -0.262000   -0.008002    0.007018    0.012169
   -1.259000   -0.041966    0.021836   -0.020617
   -0.073000   -0.001964    0.002670    0.003407
   -0.739000   -0.024385    0.059709   -0.001343
   -1.733000   -0.057734    0.021946   -0.004523
    0.760000    0.026217   -0.016499    0.017219
    1.138000    0.038987    0.021726    0.008339
    0.283000    0.009546    0.004623   -0.026646
    1.417000    0.047520    0.011615   -0.010631
    0.253000    0.008515   -0.016435   -0.006546
   -0.086000   -0.002201   -0.001828    0.009717
   -1.171000   -0.038760    0.014459    0.009865
    0.062000    0.002206    0.002892    0.003103
   -0.187000   -0.005801    0.001991    0.012794
    0.166000    0.006347    0.004690   -0.004349
   -0.188000   -0.006017    0.006466    0.003888
   -0.251000   -0.008248    0.000637   -0.009005
    0.669000    0.023566   -0.047296    0.028880
   -0.008000    0.000341   -0.009769    0.008243
    0.035000    0.001039    0.033528   -0.025983
    0.470000    0.016494    0.001058    0.034998
    0.613000    0.020855    0.003840   -0.003195
   -1.231000   -0.041242    0.003193   -0.004669
   -0.301000   -0.009471   -0.003200    0.007229
    0.007000    0.000743   -0.000885   -0.000246
   -0.047000   -0.000999   -0.016003   -0.001893
    0.570000    0.019734   -0.009715    0.028768
   -0.014000   -0.000178    0.000709   -0.000478
   -0.298000   -0.010513   -0.004900   -0.029573
   -0.583000   -0.019365   -0.021342   -0.026197
   -0.599000   -0.019808    0.000908   -0.004766
    0.478000    0.016225    0.032559   -0.013122
    0.544000    0.018786    0.009351   -0.001588
    1.126000    0.037530    0.038002   -0.018129
   -0.333000   -0.010677   -0.043974    0.017139
   -0.928000   -0.029740    0.037743    0.042445
    0.646000    0.021828    0.017403    0.007778
   -0.244000   -0.007013   -0.005986    0.020298
   -1.099000   -0.037204   -0.013796   -0.021952
   -0.919000   -0.030540   -0.020478   -0.011478
    1.154000    0.038497    0.033802   -0.016210
    0.352000    0.013211    0.013460    0.048840
   -0.145000   -0.004165    0.040807   -0.007789
   -0.135000   -0.004182    0.011801   -0.021694
   -1.112000   -0.036490    0.046293    0.015399
    0.066000    0.002969    0.009652    0.003261
   -0.454000   -0.014297   -0.056221    0.031170
   -0.421000   -0.014646   -0.012744   -0.032104
   -0.751000   -0.023343    0.023013    0.056709
   -0.289000   -0.009608    0.013210   -0.003271
   -0.516000   -0.016875    0.033573    0.014482
   -0.357000   -0.011281    0.000856    0.012625
    1.250000    0.042712    0.004172    0.035771
   -0.004000    0.000717    0.000626    0.000700
   -0.256000   -0.007334   -0.044067    0.042402
    1.164000    0.039263    0.003612   -0.017294
    0.078000    0.003220   -0.000145    0.000658
   -0.944000   -0.031175    0.007508   -0.007379
    0.009000    0.000709    0.001531    0.000335
    0.141000    0.005285   -0.013592    0.007969
   -0.357000   -0.011113    0.021789    0.009897
    0.323000    0.011066    0.009557   -0.001072
   -0.994000   -0.032847   -0.006897    0.027437
    0.217000    0.008303   -0.021465    0.021386
   -0.325000   -0.009801    0.007795    0.025042
   -0.717000   -0.023838   -0.031911   -0.014115
   -0.019000   -0.000384   -0.001034    0.001135
    0.737000    0.024880    0.001859   -0.016470
   -0.156000   -0.005316   -0.011844   -0.002931
    0.087000    0.002660    0.019594   -0.029400
    0.540000    0.018470    0.056077   -0.008942
   -0.310000   -0.010102   -0.014361   -0.034842
   -0.715000   -0.023242   -0.041495    0.015265
    0.058000    0.001713    0.001946   -0.046884
   -1.474000   -0.049129    0.025751   -0.029717
   -0.061000   -0.001781   -0.000011    0.000417
    0.002000    0.000331    0.001355    0.000753
   -0.167000   -0.005189    0.010002    0.002481
    0.237000    0.008128   -0.005970    0.003301
    0.863000    0.029651    0.012578    0.008199
    0.224000    0.007368    0.002937   -0.023286
    0.859000    0.028291   -0.046870   -0.034095
   -0.862000   -0.028303    0.022995    0.007741
   -1.272000   -0.042563   -0.021205   -0.011721
   -0.703000   -0.022883   -0.012186   -0.004508
    0.650000    0.022881    0.012491    0.048466
    0.191000    0.006180   -0.034690   -0.048401
    0.435000    0.015744    0.050573    0.038878
    0.004000    0.000997   -0.000649    0.001161
    1.409000    0.047820   -0.025449    0.021988
   -0.033000   -0.000644   -0.048097    0.002111
   -0.107000   -0.004225   -0.002701   -0.041041
   -0.118000   -0.003667    0.003813    0.001249
   -0.102000   -0.002285    0.013568    0.040194
   -0.066000   -0.001477    0.000396    0.000712
    0.028000    0.000990    0.002460   -0.004228
   -0.321000   -0.010527    0.017266    0.006777
    1.192000    0.039928   -0.031591   -0.022902
   -0.135000   -0.004026   -0.007126   -0.000361
   -0.027000   -0.000999    0.045600   -0.027108
   -0.887000   -0.028938   -0.002424   -0.000972
   -0.417000   -0.013310    0.007622    0.005411
   -0.307000   -0.010206   -0.009783   -0.005116
   -0.096000   -0.002566   -0.007340   -0.011127
    0.155000    0.005854   -0.019783    0.032187
   -0.443000   -0.014554    0.048900    0.002307
   -0.156000   -0.004588   -0.013606    0.012334
    0.110000    0.003413   -0.023346   -0.013839
   -0.079000   -0.002350   -0.001607   -0.000046
    0.134000    0.004718   -0.014944    0.002192
    0.544000    0.019154    0.021956    0.045928
   -0.471000   -0.015327    0.060692   -0.011071
   -0.132000   -0.004124    0.000967   -0.005203
   -0.974000   -0.032887   -0.001458   -0.019612
    0.378000    0.013053   -0.010061    0.004548
    1.067000    0.035811   -0.017828   -0.010756
    0.007000    0.000362   -0.000129    0.000917
    0.153000    0.005047   -0.022346   -0.013041
    0.004000   -0.000095   -0.008121   -0.019758
    0.406000    0.013551    0.061286   -0.019049
   -0.669000   -0.022674    0.019520   -0.016859
    0.012000    0.000849   -0.000968   -0.000342
   -0.039000   -0.000629   -0.001672    0.000528
    0.497000    0.016184    0.008956   -0.049913
    0.683000    0.023592    0.021377    0.004440
    0.366000    0.013081    0.000184    0.002492
   -0.066000   -0.002026   -0.005804   -0.001512
    0.925000    0.031329   -0.036270    0.001627
   -0.982000   -0.032525    0.054143    0.001162
    0.013000    0.001234   -0.009562    0.000943
   -0.479000   -0.016328   -0.003481   -0.018511
   -0.245000   -0.009119    0.005473   -0.052034
   -0.415000   -0.013936   -0.003276   -0.009283
   -0.336000   -0.011163    0.057779   -0.002103
   -0.519000   -0.016906   -0.005404    0.008655
    0.343000    0.011834   -0.009316    0.014681
   -0.520000   -0.017176   -0.050046   -0.017831
   -0.990000   -0.032740   -0.031219   -0.022916
   -0.088000   -0.002159   -0.010239    0.002266
   -1.609000   -0.052950    0.036622    0.013782
    0.193000    0.006320    0.016375   -0.052637
   -0.018000   -0.001402    0.026756   -0.054875
   -0.052000   -0.001073    0.000275    0.005023
   -0.389000   -0.012928   -0.026331   -0.030029
   -1.060000   -0.035637   -0.031293   -0.020376
   -0.299000   -0.009974    0.011913   -0.010892
   -0.705000   -0.023071    0.046418    0.003940
   -0.095000   -0.002796    0.060391    0.021657
    0.606000    0.020349   -0.002190   -0.012578
   -0.193000   -0.006324   -0.010232    0.004628
   -0.076000   -0.001478    0.021189    0.043372
    1.588000    0.053755    0.024596    0.003787
    0.311000    0.011089    0.006092    0.001297
    0.384000    0.013902   -0.009295    0.019289
    0.119000    0.004354   -0.006083   -0.004209
    0.425000    0.015150    0.006236    0.008219
   -0.425000   -0.013022    0.000714    0.020549
    0.598000    0.020778   -0.014805    0.006072
    0.723000    0.024476    0.036960   -0.032826
   -0.403000   -0.013229   -0.016936   -0.014708
   -0.105000   -0.002704   -0.000978    0.017416
   -0.124000   -0.003481   -0.000834   -0.003959
    0.155000    0.005091   -0.029501   -0.004314
    1.061000    0.035821   -0.013732   -0.003278
   -0.039000   -0.001184    0.003117    0.001223
    0.272000    0.009031    0.037979   -0.031371
    0.992000    0.032575    0.019914   -0.043928
   -0.131000   -0.004530   -0.002253   -0.057480
    0.002000    0.000410    0.058010    0.002832
    1.133000    0.037825   -0.015428   -0.026747
   -0.666000   -0.021818   -0.024752   -0.013318
   -0.114000   -0.003156    0.003727    0.000751
   -0.137000   -0.004431   -0.002034    0.007276
    0.635000    0.021127   -0.036993   -0.010390
    0.961000    0.032362   -0.013916   -0.001617
   -0.391000   -0.012997   -0.037938   -0.027317
    0.160000    0.005816    0.008380    0.002822
   -0.732000   -0.024265    0.002280   -0.001805
    0.181000    0.006425   -0.004703   -0.016480
    0.364000    0.012089    0.000701   -0.017506
   -0.017000   -0.000585    0.000058   -0.000513
    0.278000    0.009461    0.007009   -0.012556
    0.882000    0.030226    0.008349    0.009003
    1.318000    0.044185    0.006582   -0.034675
    0.814000    0.027619   -0.019788    0.005427
    0.043000    0.001317    0.000882   -0.053582
   -0.939000   -0.031086    0.011590   -0.002510
    0.825000    0.028193    0.020116   -0.002119
   -0.261000   -0.008611   -0.043093   -0.039732
    0.002000    0.000865    0.001622    0.001056
    1.308000    0.043816    0.032543   -0.013255
    0.342000    0.012039   -0.033312    0.003724
    0.276000    0.009894    0.006081   -0.009480
    0.047000    0.001685    0.027713   -0.021934
    0.679000    0.024481    0.007243    0.054873
    0.201000    0.007002    0.017565    0.013532
    0.273000    0.009741   -0.027955    0.009690
    0.659000    0.022646    0.054007    0.014279
   -0.345000   -0.011892    0.010032   -0.025112
   -0.460000   -0.014955   -0.016495   -0.016423
    0.191000    0.007103   -0.001996    0.011511
    0.540000    0.018400    0.006360   -0.023726
    0.622000    0.021497   -0.025683    0.028310
    0.346000    0.012436    0.014759    0.010146
    0.732000    0.024845   -0.055407   -0.005648
   -0.043000   -0.001182    0.031153    0.006206
    0.019000    0.001124   -0.009191    0.009316
    0.215000    0.007973   -0.004879    0.003797
    1.741000    0.059093   -0.015912    0.020460
   -1.186000   -0.039331    0.010222   -0.009084
   -0.122000   -0.003669    0.012733   -0.015278
    0.647000    0.021275    0.010995   -0.023492
   -0.010000    0.000385   -0.000533    0.001062
   -0.023000    0.000019    0.001274   -0.000215
    1.041000    0.035553   -0.013619    0.024002
    0.063000    0.003590    0.009233    0.049115
    0.699000    0.024849   -0.000139    0.058384
    0.594000    0.019989   -0.018639   -0.010748
   -0.586000   -0.018782   -0.007944    0.007370
    1.048000    0.035721    0.016078    0.003606
    0.069000    0.002844    0.028334    0.003452
   -0.311000   -0.010096    0.029720   -0.011912
   -0.811000   -0.025869   -0.009355    0.025937
   -0.821000   -0.025993   -0.029009    0.053602
    0.068000    0.002652    0.001148   -0.000191
    0.530000    0.018657   -0.042629    0.040507
    0.002000    0.000360    0.011404   -0.031904
   -0.808000   -0.027566   -0.011355   -0.055439
   -1.125000   -0.038018    0.035252   -0.027473
    0.034000    0.002390    0.043780    0.030887
   -0.800000   -0.027028    0.004260   -0.013441
    0.319000    0.009703   -0.033465   -0.055666
   -0.811000   -0.026260   -0.006484    0.037845
    0.267000    0.009736    0.011679   -0.002308
    0.632000    0.021950    0.024560   -0.004874
    0.005000    0.000789   -0.000686    0.000916
    1.048000    0.035676    0.008454    0.008468
   -1.012000   -0.033279    0.004775    0.019881
    0.540000    0.017681   -0.010884   -0.062224
   -1.052000   -0.034069    0.017891    0.026109
   -0.210000   -0.006145    0.000184    0.030891
    0.420000    0.014615    0.005434   -0.017351
    0.010000    0.000366    0.000536   -0.007690
   -0.849000   -0.028154    0.017006   -0.030385
   -0.636000   -0.020491    0.012300   -0.004789
   -0.598000   -0.019397   -0.034884   -0.000938
    1.466000    0.049572   -0.012850    0.029188
   -0.178000   -0.006253    0.007857   -0.029559
    1.301000    0.044740    0.003918    0.034082
   -0.139000   -0.003568    0.005587    0.028437
    0.908000    0.030957   -0.001825    0.025931
    0.268000    0.009649   -0.001399    0.002026
   -1.148000   -0.038491    0.018648   -0.018256
    0.720000    0.023654   -0.007868   -0.029952
   -0.875000   -0.028306   -0.004488    0.008321
   -0.004000    0.000283   -0.001482    0.000194
   -0.639000   -0.020712    0.007510    0.018882
   -0.227000   -0.007308    0.000792    0.001645
    0.212000    0.007610    0.053422    0.029299
    0.308000    0.010322   -0.004526   -0.011650
   -0.034000   -0.000968   -0.002125    0.001764
   -0.006000   -0.000129   -0.004245   -0.000384
   -1.813000   -0.060196    0.015295   -0.013213
    0.486000    0.016199   -0.034014   -0.005787
   -1.148000   -0.038075    0.031313    0.011892
    0.001000    0.000821   -0.001094   -0.002032
   -0.042000   -0.000954   -0.029719    0.006858
   -0.010000    0.000525    0.001744    0.000416
   -0.437000   -0.013128    0.007114    0.060100
    1.759000    0.059207    0.021142    0.018666
   -0.094000   -0.002816    0.051918    0.000022
   -1.300000   -0.043106    0.003252   -0.014088
   -0.568000   -0.018204    0.018310   -0.001545
   -0.680000   -0.022803    0.024159   -0.016197
   -0.232000   -0.007231   -0.013054   -0.006822
   -0.762000   -0.025940    0.041179   -0.038212
    0.586000    0.019132   -0.013194   -0.045433
   -0.612000   -0.020109   -0.016005    0.006753
   -0.314000   -0.010260    0.005801    0.004387
    0.097000    0.003209    0.005042   -0.043191
   -0.066000   -0.001797    0.001955    0.003290
    0.960000    0.031548   -0.034266   -0.028025
   -0.845000   -0.028729    0.019212   -0.029407
   -0.086000   -0.002265   -0.002585    0.005391
   -0.135000   -0.005625    0.007431   -0.063642
    1.173000    0.039478    0.025825   -0.001691
    0.761000    0.025392    0.046943   -0.016099
    1.470000    0.049095   -0.033315    0.000314
   -0.688000   -0.022798   -0.013526   -0.018950
    0.314000    0.011361   -0.018594    0.026490
   -1.239000   -0.041425   -0.013499   -0.044334
   -0.932000   -0.030789    0.049735    0.009297
    0.816000    0.027518   -0.033891    0.011145
   -0.750000   -0.024650   -0.013140   -0.000723
   -0.066000   -0.001760   -0.012835    0.016312
    0.235000    0.009299   -0.038480    0.038385
    0.195000    0.006412    0.015087   -0.005274
    1.401000    0.048133    0.012126    0.043009
    0.187000    0.006584   -0.004723   -0.023695
    0.311000    0.011561   -0.004336    0.023657
   -0.288000   -0.009420   -0.023031   -0.037467
    0.272000    0.008796    0.023284   -0.026979
   -0.977000   -0.032912    0.035492   -0.026384
   -0.890000   -0.029957   -0.011689   -0.038919
   -1.627000   -0.053299   -0.012892    0.018551
   -0.100000   -0.003510    0.042053   -0.015464
    0.241000    0.008497    0.006800    0.007071
    0.377000    0.013172   -0.014654   -0.006989
   -1.163000   -0.038462   -0.024218   -0.003061
   -0.030000   -0.000405   -0.003124   -0.002264
   -1.325000   -0.044291    0.007643   -0.013853
    0.477000    0.016484    0.012768    0.017091
   -1.126000   -0.037385    0.006065   -0.004942
   -0.911000   -0.030448    0.034036   -0.006174
    1.140000    0.039383    0.021122    0.030007
    0.606000    0.020745    0.019991   -0.005855
   -0.056000   -0.001341   -0.008479    0.005682
   -0.083000   -0.002955   -0.001139   -0.015700
   -0.292000   -0.009273    0.003691    0.015471
    0.037000    0.002016   -0.000516    0.001332
   -1.313000   -0.044023   -0.023192   -0.035618
    0.856000    0.027783   -0.008959   -0.060441
    0.436000    0.014625    0.001083   -0.001216
   -0.010000   -0.000280    0.003083    0.002436
    0.459000    0.016359   -0.004094    0.027750
    1.012000    0.035379    0.004748    0.049104
    0.013000    0.001246    0.000012    0.000694
   -0.430000   -0.013628   -0.025371    0.027275
   -0.439000   -0.015514   -0.025097   -0.043563
    0.017000    0.001029    0.000985    0.002486
    0.013000    0.001020   -0.005732   -0.002109
   -1.424000   -0.047319   -0.043803    0.009753
    0.782000    0.026828   -0.001696   -0.007855
    0.748000    0.025433   -0.005301   -0.010542
   -0.061000   -0.001671   -0.000348   -0.001571
   -0.803000   -0.025858    0.007801    0.021025
    0.191000    0.007257   -0.034396    0.016888
   -0.109000   -0.003333    0.003421    0.006345
   -0.083000   -0.002441    0.001193    0.002521
    0.161000    0.005426    0.003398   -0.002268
    0.194000    0.005725    0.009374   -0.058864
   -1.329000   -0.043892   -0.041867    0.027349
    0.190000    0.006555    0.013986    0.004184
    1.080000    0.036568    0.024270   -0.008047
    0.685000    0.023584    0.014169    0.003522
   -0.468000   -0.014276   -0.000483    0.033377
   -0.212000   -0.006590    0.004879    0.008956
    0.633000    0.022540   -0.028156    0.035591
    0.254000    0.008571    0.001137   -0.014474
   -0.520000   -0.017006   -0.002226    0.022969
   -0.502000   -0.016700   -0.007231   -0.006503
    0.035000    0.001396   -0.000059   -0.006555
    0.216000    0.007703   -0.005892    0.003720
    0.146000    0.005054   -0.008409    0.001094
   -0.598000   -0.020573    0.011087   -0.034759
   -0.315000   -0.009102    0.005283    0.039031
   -0.506000   -0.016498    0.030186    0.008224
   -0.010000    0.000194   -0.000293    0.001234
   -0.054000   -0.001702    0.011041   -0.000980
    0.644000    0.022038    0.006719    0.010862
   -0.453000   -0.014534    0.005421    0.007019
   -0.057000   -0.001814   -0.002348   -0.000361
   -1.914000   -0.063349    0.015869    0.015125
    0.567000    0.020134    0.029252    0.029098
   -0.596000   -0.020345    0.001033   -0.024544
   -0.134000   -0.003456   -0.007863    0.035883
   -1.181000   -0.039635    0.025003   -0.044482
   -0.024000   -0.000595    0.002591   -0.004536
    1.084000    0.036613    0.008635   -0.002827
   -1.345000   -0.045319    0.017743   -0.031169
   -0.449000   -0.014810   -0.063693   -0.001247
   -0.529000   -0.017502    0.012129    0.000857
   -0.561000   -0.017877    0.036063    0.005350
    0.006000    0.000450    0.007445   -0.005172
   -0.337000   -0.010924    0.034842   -0.006722
   -0.539000   -0.017622   -0.032027   -0.012579
    0.614000    0.021083   -0.002277    0.018944
   -0.391000   -0.012901    0.010837   -0.021332
   -0.977000   -0.032514   -0.017982    0.011425
   -0.968000   -0.031524    0.018134    0.015497
   -0.762000   -0.024555    0.052234    0.020519
   -0.500000   -0.017778    0.008431   -0.060814
    0.346000    0.012463   -0.007437    0.002622
   -0.646000   -0.020846   -0.016869    0.016300
   -0.545000   -0.018216   -0.001703   -0.010721
   -0.389000   -0.012958   -0.017105    0.001411
    1.511000    0.051277   -0.028898    0.016473
   -0.399000   -0.012568    0.006563    0.004392
   -0.305000   -0.009946    0.006286   -0.007579
    0.021000    0.001038   -0.006002   -0.014301
    0.014000    0.000691    0.005098   -0.001051
    0.473000    0.016373    0.026646    0.003081
    0.507000    0.017474   -0.014917   -0.016367
   -0.193000   -0.005990    0.063483   -0.008879
   -0.707000   -0.023221    0.019672    0.021740
    0.007000    0.000231   -0.001656   -0.000876
    0.062000    0.002190    0.010582    0.001822
   -0.212000   -0.007971   -0.008135   -0.061070
   -0.338000   -0.011576   -0.020040   -0.015496
    1.183000    0.039547   -0.026273   -0.024852
   -0.989000   -0.033334    0.009699   -0.029134
    0.104000    0.004147   -0.001163   -0.000221
    0.227000    0.007434   -0.063965   -0.020521
   -0.467000   -0.015342   -0.004554   -0.004028
   -0.102000   -0.002224   -0.006311    0.020036
    1.020000    0.034442   -0.012791   -0.002354
    0.017000    0.001434    0.000855    0.001012
    0.028000    0.002048   -0.032562    0.024772
    0.063000    0.002866    0.053315    0.014379
   -0.757000   -0.024562    0.054926    0.011066
   -1.444000   -0.047079    0.031527    0.030816
   -1.314000   -0.042681   -0.028970    0.041451
   -0.963000   -0.032559   -0.010461   -0.017610
   -0.073000   -0.002204   -0.012755   -0.001804
   -1.369000   -0.045342    0.047942   -0.004261
   -0.020000   -0.000643    0.000089    0.000782
   -0.313000   -0.009721    0.023150    0.033398
    0.631000    0.020980    0.024604   -0.018818
    1.165000    0.039379   -0.022535   -0.000217
    0.073000    0.002553   -0.001250   -0.011884
   -0.473000   -0.016047   -0.003637   -0.010667
    0.262000    0.009137   -0.003508   -0.003427
    0.371000    0.012512    0.018731   -0.001566
    0.628000    0.021483   -0.001899   -0.000790
    0.367000    0.012962    0.005335   -0.002770
    0.161000    0.005868    0.003802    0.002534
   -0.207000   -0.007117   -0.002818   -0.014733
    0.132000    0.005001    0.002962    0.006759
    0.868000    0.028974   -0.018390   -0.023553
    1.579000    0.053897   -0.009355    0.016572
   -0.231000   -0.007152   -0.006701   -0.008379
    0.459000    0.014849   -0.044004   -0.045618
    0.934000    0.032374   -0.014133    0.040126
   -0.272000   -0.008249   -0.013065    0.007233
   -0.335000   -0.010357    0.005166    0.024380
   -0.037000   -0.000964    0.009081   -0.000722
    0.067000    0.002093   -0.002495   -0.007767
    1.263000    0.043058    0.039612    0.003366
    0.750000    0.026770    0.025561    0.054561
    0.078000    0.002775    0.002903    0.002385
    0.081000    0.003573    0.021102    0.006334
   -0.171000   -0.005015    0.007388    0.009569
    0.410000    0.013778   -0.016128   -0.033192
   -0.292000   -0.009464    0.005653   -0.019628
   -0.963000   -0.032923   -0.033781   -0.042489
   -0.817000   -0.027292   -0.048787   -0.014170
    0.112000    0.004413    0.005512    0.005218
   -0.030000   -0.000469    0.028405    0.000988
   -0.292000   -0.009194    0.018064   -0.000820
    1.208000    0.040248   -0.010751   -0.014893
   -0.458000   -0.014706    0.005603    0.003664
   -0.180000   -0.006437   -0.017028   -0.024084
   -0.111000   -0.002204   -0.005023    0.040260
    0.022000    0.000891    0.001644    0.000090
    0.840000    0.028140   -0.007085   -0.044114
   -0.942000   -0.031636   -0.003079   -0.030774
   -0.542000   -0.017891    0.001876   -0.008212
    0.347000    0.012248   -0.040144    0.022946
   -1.123000   -0.036467    0.025963    0.022650
    0.296000    0.009668    0.001493   -0.013595
    0.808000    0.027764   -0.028292   -0.004393
    0.062000    0.003375   -0.002530    0.026197
    0.678000    0.023550    0.022453    0.017878
   -0.676000   -0.022531   -0.005693   -0.003348
   -0.350000   -0.011645    0.010275   -0.007206
    0.667000    0.023265    0.023854    0.017979
    0.524000    0.017839    0.011958   -0.014223
   -0.123000   -0.004246   -0.016234   -0.016931
    1.803000    0.061130    0.016897   -0.003237
    0.155000    0.005859   -0.004469   -0.000458
    0.468000    0.016286   -0.046499    0.038463
   -0.015000    0.000091    0.000738   -0.002601
   -0.807000   -0.027246    0.044535   -0.021658
    1.422000    0.048513    0.032830    0.011588
   -0.311000   -0.010489   -0.007805   -0.053809
   -0.004000   -0.000206   -0.003368   -0.005530
   -0.928000   -0.030623    0.017571   -0.024447
   -0.029000   -0.000047    0.008319    0.016537
    0.102000    0.004198   -0.006015    0.000602
    0.591000    0.019776   -0.013968   -0.000024
    0.764000    0.025203   -0.012524   -0.045766
   -1.477000   -0.048013    0.013939    0.043028
    0.093000    0.003260    0.007990   -0.002337
    0.436000    0.014806    0.006303    0.004193
   -0.146000   -0.004645    0.005204   -0.003090
   -0.750000   -0.025517   -0.028390   -0.023014
   -1.054000   -0.035379    0.035700   -0.005894
   -0.195000   -0.006524    0.013582   -0.014230
    0.468000    0.015651    0.005791   -0.038592
    1.350000    0.045549    0.002519    0.011150
   -0.091000   -0.002004   -0.003008    0.035101
   -0.905000   -0.030700   -0.012898   -0.053266
    1.449000    0.048013    0.013527   -0.029725
   -0.784000   -0.026301   -0.010522   -0.034025
   -0.071000   -0.002080    0.007359    0.006282
    0.542000    0.017863    0.019109   -0.035540
   -0.603000   -0.019842    0.017215   -0.014281
    0.102000    0.003412    0.006360   -0.009913
   -1.585000   -0.053225   -0.015965   -0.009464
   -1.589000   -0.052044   -0.001031    0.029479
    0.064000    0.002497    0.049095    0.015579
   -0.002000   -0.000843   -0.019000   -0.058057
    0.095000    0.003928   -0.004621   -0.003809
   -0.209000   -0.005984   -0.017149    0.052067
   -0.750000   -0.024488    0.035678   -0.014376
   -0.246000   -0.008342    0.008267   -0.005459
   -0.245000   -0.007706   -0.007873    0.006147
    0.414000    0.014300   -0.017735   -0.000698
    0.197000    0.006804    0.000909   -0.008970
   -1.708000   -0.057116    0.009291   -0.007521
    0.010000    0.000819    0.000517   -0.000506
   -0.126000   -0.002691   -0.018752    0.054700
    1.859000    0.062444    0.008269    0.004607
    0.033000    0.001444   -0.001204    0.002942
   -0.001000    0.000743   -0.000885   -0.000246
   -1.465000   -0.048262   -0.004098    0.021511
   -0.588000   -0.019668   -0.001160   -0.002954
    0.444000    0.015868   -0.005398    0.044369
   -0.758000   -0.025232    0.017791   -0.004374
   -0.110000   -0.003262   -0.000423   -0.005261
    0.587000    0.020768    0.022659    0.016299
    0.778000    0.025683    0.019205   -0.057688
   -0.011000    0.000101    0.013388    0.002645
    0.502000    0.017555   -0.003678   -0.000314
   -0.178000   -0.005773    0.023709    0.010415
    0.276000    0.009269   -0.000423   -0.001053
   -0.206000   -0.006840   -0.003934    0.006083
   -0.052000   -0.001914   -0.006699   -0.006810
    0.715000    0.024311   -0.014740    0.022952
   -0.336000   -0.011191   -0.009965   -0.003430
    1.022000    0.034098   -0.001919   -0.023700
    0.145000    0.005462    0.021083    0.011306
   -0.245000   -0.008303   -0.000368   -0.010857
   -0.820000   -0.026608   -0.045657    0.024914
    0.038000    0.001741   -0.001804    0.001856
   -0.711000   -0.023173    0.014188    0.013173
    0.258000    0.008968    0.035366   -0.005844
    0.358000    0.012631    0.034360    0.032960
    0.299000    0.010013   -0.018463   -0.048424
    0.094000    0.003501    0.021492    0.010904
    0.927000    0.031808   -0.012999    0.003047
   -0.137000   -0.003639    0.003619    0.006705
   -0.019000   -0.000896   -0.009723   -0.018045
   -0.035000   -0.000972    0.002250   -0.013506
   -0.082000   -0.001929    0.004125    0.002712
   -0.004000    0.000393   -0.000677    0.005938
   -0.606000   -0.020392   -0.012305   -0.032209
    0.026000    0.001014    0.003693   -0.001701
    0.194000    0.006789    0.008247   -0.009014
   -0.049000   -0.001371   -0.009053    0.006684
    0.051000    0.002458   -0.013384    0.004258
    0.070000    0.002417   -0.015225   -0.002634
    0.070000    0.002408    0.009106   -0.031999
   -0.518000   -0.016735   -0.043997    0.035868
   -0.152000   -0.005458   -0.034133   -0.023669
    1.829000    0.062144    0.012157    0.015588
    0.169000    0.005963    0.013334   -0.004432
    0.048000    0.002417    0.004158    0.002164
    0.636000    0.021425   -0.025271    0.005648
   -0.162000   -0.005067    0.025364    0.007287
    0.310000    0.011480   -0.013504    0.023547
    0.555000    0.018022   -0.019541   -0.036266
   -1.185000   -0.039099   -0.031412    0.017209
    1.688000    0.057132   -0.025485    0.011028
    0.067000    0.002625   -0.004763    0.012298
    0.663000    0.022465   -0.020932    0.016720
   -0.568000   -0.018597   -0.058389   -0.004616
    0.652000    0.021304    0.012039   -0.030452
   -1.045000   -0.034579    0.020924    0.006669
   -0.066000   -0.002079   -0.020030   -0.003783
   -0.201000   -0.005733    0.018131    0.014017
    0.391000    0.013212   -0.013514    0.004055
   -0.027000   -0.000548   -0.000874   -0.000131
   -0.945000   -0.030253    0.050098    0.034596
    0.598000    0.020147   -0.037606   -0.005160
    0.442000    0.015535   -0.030029    0.020842
    0.074000    0.002518   -0.006004    0.000460
   -0.038000   -0.000254    0.009741    0.016400
    0.024000    0.001263   -0.044275    0.028248
   -0.439000   -0.013096   -0.009205    0.056215
    0.722000    0.024006    0.042909   -0.037040
   -0.010000    0.000217   -0.000622    0.001252
    0.370000    0.013291   -0.020094    0.034327
   -0.040000   -0.000643    0.005035   -0.002698
   -0.122000   -0.003019    0.000268    0.028125
   -0.075000   -0.002387   -0.004997    0.000706
    0.633000    0.021814    0.000906    0.010370
    0.130000    0.004852   -0.012244   -0.002258
    0.637000    0.021298    0.008323   -0.010468
   -0.299000   -0.009505    0.014728   -0.021032
   -0.578000   -0.018153    0.019484    0.018984
    0.170000    0.005962    0.005677    0.016539
    0.099000    0.003996   -0.033252    0.017556
    0.201000    0.006861    0.013437    0.003133
    0.108000    0.003441   -0.039907   -0.014411
   -0.624000   -0.020378    0.028222    0.008517
    0.763000    0.025854   -0.036918    0.022559
   -0.251000   -0.007820    0.000317    0.026551
    0.527000    0.017462    0.002110   -0.016614
    0.334000    0.011112   -0.005106   -0.012358
   -1.020000   -0.033396   -0.009650    0.005453
    0.716000    0.023855   -0.006508   -0.012989
   -0.115000   -0.003234   -0.002313   -0.007244
    0.575000    0.019453    0.003969   -0.034003
    1.041000    0.036295    0.038911    0.039637
    0.022000    0.001436    0.001006    0.017768
   -0.606000   -0.019895    0.022531    0.010692
    0.048000    0.002079    0.017335   -0.006931
    0.060000    0.002601    0.002056   -0.000517
   -0.032000   -0.001185    0.048127   -0.014815
   -0.291000   -0.010197    0.015533   -0.046071
    0.029000    0.001310    0.002299    0.003072
   -0.104000   -0.003070    0.000263   -0.008291
   -0.625000   -0.019636    0.025509    0.053499
   -0.741000   -0.025108   -0.007515   -0.023178
    1.078000    0.036712   -0.033738    0.006340
    0.988000    0.032869    0.025895   -0.020696
    1.828000    0.061048    0.009438   -0.026626
    0.334000    0.011784    0.005110   -0.003920
    0.571000    0.019155   -0.049467    0.006652
    0.629000    0.021293   -0.016023    0.002211
   -0.105000   -0.004036   -0.014328   -0.027588
   -1.287000   -0.043118   -0.008934   -0.014235
    0.019000    0.001133   -0.000279    0.002846
    0.110000    0.004383   -0.058271    0.010205
   -0.296000   -0.009175   -0.005357   -0.007590
   -0.014000    0.000510    0.013373    0.009867
    0.156000    0.004652    0.041165   -0.043473
   -0.134000   -0.003876    0.040834    0.025290
    0.490000    0.017033   -0.048988    0.034854
    0.434000    0.014386    0.000173   -0.018644
    0.113000    0.003852    0.003780   -0.001341
    1.311000    0.044521    0.002834    0.011367
   -0.135000   -0.003524   -0.011491    0.011681
   -0.539000   -0.017556    0.023228    0.002113
    0.255000    0.009472   -0.060526    0.023255
   -0.175000   -0.005655   -0.007322   -0.019657
   -0.961000   -0.032025    0.032249   -0.020380
    0.591000    0.020750    0.005443    0.027974
    0.199000    0.006884   -0.001959    0.010120
   -0.164000   -0.004758   -0.040004    0.027421
    0.632000    0.022618   -0.015134    0.047465
   -0.652000   -0.021711    0.055358    0.005492
    0.384000    0.013692   -0.039820    0.010275
   -0.620000   -0.020587   -0.032859   -0.030214
   -0.237000   -0.007604   -0.040275   -0.000435
   -0.349000   -0.011607   -0.025182   -0.007794
   -0.188000   -0.005310   -0.005392    0.008303
    0.009000    0.000191   -0.050637   -0.023394
    0.445000    0.015030    0.003459   -0.008227
   -0.198000   -0.006121    0.007431   -0.009115
    0.916000    0.030306   -0.005492   -0.019171
   -1.212000   -0.040550    0.019123   -0.037213
    1.226000    0.041883   -0.001272    0.039764
    0.323000    0.011656   -0.051325    0.008730
   -0.984000   -0.032487   -0.045664    0.004845
   -0.264000   -0.008792    0.017151   -0.003805
   -0.159000   -0.005047   -0.019665    0.008107
    0.090000    0.003359    0.026677    0.009998
    1.455000    0.049490   -0.032383    0.007371
   -0.490000   -0.016109    0.017960   -0.003071
   -0.541000   -0.017821   -0.009996    0.008068
    0.108000    0.004136   -0.004556   -0.001035
   -1.749000   -0.058475   -0.023265    0.006154
   -0.499000   -0.016018   -0.033573    0.001819
   -0.294000   -0.008983    0.000224   -0.000219
    0.370000    0.012355    0.003714   -0.005217
   -0.624000   -0.020762   -0.014047   -0.006981
    0.077000    0.002941    0.016511   -0.029484
   -0.037000   -0.001218    0.012342   -0.014759
   -1.504000   -0.050083   -0.036134   -0.018937
    0.038000    0.001126    0.019373   -0.042833
   -0.679000   -0.021859   -0.032544    0.037763
   -1.455000   -0.049007   -0.024091   -0.017821
   -0.727000   -0.024490   -0.004973   -0.026686
   -0.507000   -0.016708    0.000813    0.004895
    0.461000    0.016632   -0.017229    0.026668
    1.191000    0.039470   -0.007988   -0.042558
    0.630000    0.021640    0.002166    0.025941
    1.539000    0.052295    0.005107    0.031500
   -0.157000   -0.004773    0.022195    0.004491
   -0.350000   -0.011683   -0.000375   -0.002286
    1.003000    0.033896    0.016874   -0.016586
    0.233000    0.008588   -0.012364   -0.001533
    0.395000    0.014076    0.010407    0.029554
   -0.033000   -0.000360   -0.000408    0.000824
   -0.434000   -0.013450    0.013445    0.019419
    0.543000    0.020162    0.004598    0.062999
    0.269000    0.009395    0.011101   -0.000472
    0.574000    0.019684   -0.041855   -0.018240
    0.736000    0.024591   -0.056170   -0.006164
    0.936000    0.032733    0.011571    0.046073
    0.044000    0.001750    0.008532    0.005865
    0.880000    0.029779   -0.058473    0.001128
   -0.187000   -0.006161    0.002573   -0.014512
   -1.430000   -0.047820   -0.038274   -0.015559
    0.003000    0.000137    0.000137    0.000563
    0.534000    0.017754    0.033498   -0.006180
    0.076000    0.002558   -0.010533   -0.001573
   -0.042000   -0.000685    0.006917   -0.005846
   -0.813000   -0.025719    0.022584    0.038182
    0.128000    0.004324   -0.028146   -0.006102
   -0.109000   -0.003780   -0.008287   -0.009594
   -0.614000   -0.020279   -0.008931   -0.011356
    0.540000    0.018477   -0.005418    0.024407
    0.021000    0.002165    0.012624    0.048285
   -0.155000   -0.004011   -0.018781    0.025282
   -0.020000   -0.000116   -0.011170    0.009012
    1.345000    0.044741   -0.025093   -0.044993
    0.488000    0.016957   -0.012203    0.001200
    0.044000    0.001464   -0.006316   -0.003111
    0.066000    0.002895    0.001714    0.002217
    0.980000    0.034194    0.018942    0.029799
   -1.220000   -0.040680    0.023958   -0.030164
   -0.573000   -0.019381   -0.010730   -0.012183
   -1.237000   -0.040968    0.021247    0.002579
    0.203000    0.007191   -0.015564   -0.023196
    1.454000    0.049353   -0.039054   -0.004891
   -0.426000   -0.013327   -0.043455    0.028702
   -0.228000   -0.006791    0.010188    0.016929
    0.271000    0.009946    0.026815    0.027023
    0.980000    0.033069   -0.026278   -0.027230
    0.134000    0.004222    0.030505   -0.022639
   -0.858000   -0.028424   -0.032059   -0.003056
   -0.134000   -0.003652    0.004874    0.034498
    1.036000    0.035222    0.010995   -0.014750
   -0.315000   -0.010543   -0.009900    0.002249
   -0.396000   -0.012258   -0.032655    0.030745
   -0.023000   -0.000134    0.000703   -0.002445
   -0.915000   -0.030043   -0.013522    0.011435
   -0.878000   -0.028923    0.001775    0.009572
   -0.019000   -0.000069   -0.005662   -0.003587
   -0.576000   -0.019240   -0.009938   -0.028615
    0.264000    0.009477   -0.006466    0.037851
    0.464000    0.015705    0.021217    0.004572
   -0.027000   -0.000276   -0.013835    0.000800
   -1.641000   -0.054739    0.013310   -0.030552
   -0.158000   -0.005989    0.015990   -0.052509
   -0.042000    0.000203   -0.010115    0.057160
   -1.218000   -0.041094   -0.016815   -0.018441
   -0.527000   -0.016916    0.008383   -0.002936
    1.405000    0.047959    0.001802    0.022133
   -0.577000   -0.019513    0.039459   -0.021318
    0.056000    0.002071    0.015083    0.013141
    1.405000    0.047687   -0.006107    0.030544
   -0.724000   -0.023612    0.038194    0.000473
   -0.896000   -0.029716   -0.041189   -0.023797
   -1.336000   -0.043319    0.032820    0.041811
   -1.339000   -0.043901   -0.032194    0.025201
   -1.185000   -0.038425    0.007936    0.028930
   -0.256000   -0.008462   -0.000404   -0.008703
   -0.026000   -0.000783   -0.056661   -0.030506
    0.357000    0.012486    0.021063    0.010628
   -0.126000   -0.003682    0.003164    0.003651
   -0.379000   -0.011812   -0.017150    0.006647
   -0.006000   -0.000057   -0.000379   -0.000173
    0.044000    0.001831   -0.005772    0.007715
    0.124000    0.004438   -0.036525    0.015960
    0.123000    0.004523    0.001083    0.005910
   -0.082000   -0.001948    0.000455    0.002244
    0.385000    0.012417   -0.010541   -0.033706
    1.041000    0.034626    0.039995   -0.016961
    0.037000    0.001993    0.008549   -0.004335
   -0.104000   -0.003285   -0.022859    0.001698
    0.051000    0.001836   -0.015494   -0.007010
   -0.099000   -0.003417    0.038963   -0.011483
   -0.115000   -0.002637    0.014058    0.046940
    0.304000    0.010760    0.033449    0.001029
    0.125000    0.004146    0.006541   -0.007345
   -0.856000   -0.028970   -0.002212   -0.033139
    0.812000    0.027544    0.020370   -0.013258
    0.541000    0.018725   -0.002627   -0.003260
   -0.754000   -0.025925    0.004795   -0.045893
   -0.028000   -0.000802   -0.000176    0.001390
   -0.181000   -0.005924    0.005338   -0.019820
    0.006000    0.000708    0.000073    0.000228
   -0.333000   -0.010339    0.014544   -0.002344
   -0.109000   -0.002817    0.000031   -0.000935
   -0.212000   -0.006278   -0.004568    0.010458
    1.175000    0.038938   -0.005386   -0.028909
    0.047000    0.002109   -0.000579   -0.003294
   -0.142000   -0.003621   -0.061586    0.026483
   -1.348000   -0.045020    0.027911   -0.007250
   -0.291000   -0.009136    0.008137   -0.010240
    0.467000    0.015644    0.008995   -0.008298
   -1.286000   -0.042572    0.004153    0.008733
   -0.062000   -0.002223    0.006664   -0.009157
    0.117000    0.004954    0.006111    0.009979
   -0.814000   -0.027055    0.020250   -0.029899
    0.342000    0.011567   -0.044947   -0.005075
    0.878000    0.029533    0.007948   -0.007817
   -0.886000   -0.029758    0.014168   -0.033625
    0.020000    0.002196    0.031105    0.048037
    0.008000    0.001285    0.020916    0.012299
    0.055000    0.001957    0.011001   -0.012452
   -0.059000   -0.001829    0.000995   -0.001110
   -0.251000   -0.009272    0.022507   -0.058698
   -0.690000   -0.022476    0.009929   -0.002247
    1.443000    0.048314   -0.037316   -0.022821
   -0.143000   -0.004236   -0.005039    0.007142
   -0.871000   -0.028409   -0.012506   -0.002761
    0.227000    0.008454   -0.001317    0.004626
    0.764000    0.025945    0.029726   -0.003553
    0.462000    0.016038    0.027950   -0.012599
   -0.217000   -0.006421   -0.008696    0.001738
    0.384000    0.012858   -0.039726   -0.034015
    0.341000    0.011504    0.003433    0.005778
   -0.268000   -0.008878    0.009632   -0.007489
    0.156000    0.005951    0.002559   -0.002145
    0.236000    0.008433    0.010931   -0.005798
    0.824000    0.027567    0.002536   -0.021317
   -0.376000   -0.013128    0.007955   -0.038784
   -1.361000   -0.045562   -0.028902    0.000977
    0.143000    0.005470    0.004340   -0.008422
   -1.568000   -0.051773    0.037489    0.005040
    0.637000    0.022501   -0.001947    0.057457
    0.009000    0.000406   -0.002463    0.005084
   -0.142000   -0.004624   -0.001100   -0.014219
    0.481000    0.016549    0.011347    0.010537
    1.628000    0.055550    0.014531    0.010881
    1.053000    0.035323    0.037291    0.003077
    0.220000    0.008790   -0.028411    0.043354
   -0.764000   -0.025335   -0.011457   -0.014217
   -0.996000   -0.033175   -0.011461    0.001460
   -0.138000   -0.003833   -0.008921    0.001070
   -0.046000   -0.000860   -0.001097    0.004941
   -0.068000   -0.001816   -0.007514   -0.009652
   -1.795000   -0.059465   -0.009695    0.001278
   -0.331000   -0.010904   -0.046886    0.008645
    0.617000    0.020988   -0.006465    0.020466
   -0.491000   -0.015919    0.007870    0.014199
    0.661000    0.022325    0.003367   -0.026165
    0.452000    0.015332    0.029333    0.006400
   -0.450000   -0.013854    0.017992    0.038823
   -0.469000   -0.015281   -0.013504    0.015308
    0.669000    0.022229   -0.035770   -0.030179
    0.182000    0.006173    0.042855    0.000650
   -1.952000   -0.064503    0.012464    0.011994
   -0.507000   -0.016152   -0.050933    0.034904
    1.526000    0.051357    0.013919   -0.005792
   -0.115000   -0.003612    0.041189    0.000553
   -0.333000   -0.010629    0.011557    0.028664
    0.718000    0.024601   -0.009167    0.012571
    0.150000    0.005613    0.022158    0.013719
   -0.549000   -0.018174   -0.020495   -0.028315
    0.718000    0.024231   -0.018217    0.005084
   -0.031000   -0.000887   -0.001926    0.004052
    0.061000    0.002930   -0.034928    0.030085
   -0.213000   -0.006509   -0.005127    0.012926
    0.668000    0.021965   -0.058378   -0.031257
    1.222000    0.041302    0.005745    0.012167
   -0.218000   -0.005914    0.000985    0.037681
    0.310000    0.010390   -0.047433   -0.004073
    0.849000    0.028815    0.019225   -0.020704
    0.448000    0.015815   -0.043376    0.006336
   -0.917000   -0.030558    0.005983   -0.028634
    0.102000    0.003446    0.000688   -0.003430
   -0.356000   -0.011581   -0.004814   -0.006217
    0.299000    0.010972   -0.006550    0.011111
   -0.122000   -0.003332    0.016113    0.004316
   -0.076000   -0.001945   -0.043922    0.019006
    0.719000    0.024324    0.020696    0.000095
    0.389000    0.012797   -0.025992   -0.041779
    0.547000    0.018371   -0.006733   -0.035267
   -0.222000   -0.006066   -0.015484    0.034776
    0.056000    0.001895   -0.000862   -0.000409
    0.227000    0.008130    0.015426    0.011773
   -0.425000   -0.013263   -0.037342    0.031436
    0.395000    0.013801    0.006398    0.006839
    0.550000    0.019467    0.020369    0.056819
    0.353000    0.013043   -0.017943    0.054639
   -1.642000   -0.054243    0.001693    0.026487
    0.493000    0.016547    0.022757   -0.037708
   -0.549000   -0.017044    0.026680    0.031220
   -0.287000   -0.009267    0.029134   -0.000020
   -0.966000   -0.031523    0.041971   -0.004180
    0.068000    0.002952   -0.000513    0.011733
    0.023000    0.000990    0.001924   -0.009122
   -0.097000   -0.002174    0.017961    0.013174
    0.182000    0.006342    0.014874    0.000571
    0.785000    0.026386    0.004311   -0.004716
   -0.344000   -0.010699   -0.006469    0.017476
    0.986000    0.033641   -0.026882    0.026342
   -0.385000   -0.012345    0.019440   -0.000226
    0.501000    0.016747   -0.003522    0.002159
   -0.119000   -0.003792   -0.002939    0.002626
   -0.015000   -0.000015    0.002579   -0.002907
   -0.435000   -0.014302    0.009825   -0.009563
   -0.637000   -0.021884   -0.003468   -0.040249
    0.201000    0.006787   -0.011711   -0.016049
    0.422000    0.014147    0.019822   -0.006080
    0.338000    0.011303   -0.054572    0.004022
   -0.526000   -0.017167    0.039566   -0.012784
    0.447000    0.015361    0.020992    0.023354
    0.274000    0.009257    0.008214   -0.023033
    0.392000    0.014278   -0.030170    0.051827
   -0.034000   -0.001039   -0.000568   -0.002092
   -0.195000   -0.005746   -0.010952    0.002691
   -0.270000   -0.008163   -0.048708    0.027648
    0.067000    0.002344   -0.046785   -0.029488
    0.125000    0.004314   -0.027450    0.009090
    0.003000    0.000234    0.012762   -0.005840
   -0.625000   -0.020552   -0.008675   -0.004813
    1.185000    0.039575   -0.040446   -0.004166
    0.188000    0.005985   -0.002740   -0.016917
    1.245000    0.041807   -0.046988   -0.024512
   -0.059000   -0.001552    0.006568    0.005931
   -0.884000   -0.028622    0.016685    0.032664
   -0.117000   -0.003033   -0.005906    0.018873
   -0.187000   -0.005183    0.055189    0.026429
   -1.154000   -0.037694    0.043171    0.019973
   -1.202000   -0.040686    0.003570   -0.030500
   -0.086000   -0.003885    0.004510   -0.058119
    0.025000    0.001376    0.005854   -0.002503
   -0.112000   -0.003121   -0.049885    0.039021
    0.498000    0.018063   -0.014726    0.034923
    0.631000    0.021579    0.050269   -0.024008
    0.026000    0.000087    0.029544   -0.055296
   -0.218000   -0.007163    0.004165   -0.005114
   -0.049000   -0.000989   -0.014119   -0.002387
    0.652000    0.021583   -0.024217   -0.043858
    0.207000    0.007326    0.000411    0.000634
   -0.291000   -0.008593    0.002024    0.050992
   -0.261000   -0.008320   -0.025785    0.006416
   -0.019000   -0.000496   -0.000174    0.000048
    0.312000    0.011302   -0.016055    0.023923
    0.931000    0.030595   -0.010486   -0.056764
    0.189000    0.006935   -0.026074   -0.000235
   -0.983000   -0.032507   -0.003227   -0.010432
    0.049000    0.001378    0.006863   -0.016460
   -0.805000   -0.025822   -0.047655    0.020931
    0.507000    0.017308    0.021803   -0.003180
    0.983000    0.033640   -0.020996    0.003725
    0.725000    0.024820   -0.008479   -0.013826
    0.099000    0.003779    0.002619    0.008435
   -0.442000   -0.014506    0.010596   -0.034002
    0.013000    0.001200    0.001473    0.000585
    0.106000    0.003411    0.028486   -0.016466
   -0.002000    0.000792   -0.009806    0.003601
   -0.376000   -0.012188   -0.007597    0.003874
    0.415000    0.013593   -0.062742   -0.011579
   -0.942000   -0.030640    0.010050    0.019755
    0.558000    0.019345    0.013171   -0.010429
   -0.254000   -0.008047   -0.003679    0.004159
   -0.587000   -0.019358   -0.033526   -0.016926
    1.162000    0.039281    0.031445    0.006125
    0.291000    0.009833   -0.003425   -0.000782
   -0.985000   -0.031380   -0.011567    0.058838
   -0.298000   -0.009547    0.031876    0.014710
    0.685000    0.023520   -0.008940   -0.004921
   -0.019000   -0.001115    0.035137   -0.036090
    1.146000    0.038598    0.028215   -0.002300
   -1.083000   -0.035338   -0.015584    0.004307
    0.646000    0.021465   -0.023257   -0.015206
   -0.100000   -0.003553   -0.006606   -0.018340
    0.891000    0.030130    0.006935   -0.027587
    0.951000    0.032077   -0.025087   -0.028014
   -0.278000   -0.008878   -0.014488    0.018778
    0.345000    0.012318   -0.010257    0.031131
   -0.087000   -0.003029   -0.015367   -0.021939
    0.697000    0.024414   -0.026044    0.030545
   -1.147000   -0.037192    0.011389    0.025063
   -0.452000   -0.014683    0.043830    0.002894
   -0.786000   -0.024832   -0.032175    0.045802
    0.904000    0.030210   -0.006787   -0.042286
    0.866000    0.030234    0.054902    0.023275
   -0.138000   -0.004464   -0.060637    0.012334
   -0.374000   -0.011837   -0.002657   -0.004841
   -0.015000   -0.000025   -0.005520   -0.007737
    1.084000    0.036433   -0.012406    0.007409
    0.036000    0.001763    0.000248   -0.003060
   -0.682000   -0.023362    0.039498   -0.033989
    0.260000    0.008602   -0.004584   -0.007514
    0.667000    0.022178    0.010853   -0.030470
   -0.377000   -0.012493    0.030152    0.006418
   -0.486000   -0.015269    0.000735    0.016206
    0.887000    0.030544    0.018614    0.001069
   -0.331000   -0.010106   -0.049951    0.014831
    0.087000    0.002935   -0.001111   -0.020364
   -0.142000   -0.003560    0.055652    0.015871
   -0.414000   -0.013682    0.020015   -0.009908
    0.263000    0.009415    0.019828   -0.010129
   -0.316000   -0.010230   -0.038188    0.000596
    0.000000    0.000032   -0.000964   -0.000304
   -0.939000   -0.032328   -0.021462   -0.052462
    0.057000    0.001735    0.004749   -0.019296
   -0.243000   -0.007617   -0.023569    0.006597
   -0.054000   -0.001423    0.049668   -0.007379
   -0.046000   -0.001209   -0.000350    0.001191
    0.119000    0.003759   -0.011424   -0.026140
    0.534000    0.018875   -0.025051    0.013214
   -0.185000   -0.006248    0.028820   -0.002534
    0.156000    0.005889   -0.007506    0.002984
   -0.056000   -0.001239   -0.001347    0.005487
    0.688000    0.023063    0.019393   -0.021595
    0.956000    0.031945   -0.051099   -0.001142
   -0.004000    0.000146    0.000618    0.003091
    0.489000    0.015679   -0.012227   -0.052533
   -0.953000   -0.032232    0.024410   -0.021354
    1.111000    0.037413    0.047305   -0.029821
   -1.497000   -0.049855   -0.026102   -0.020134
   -0.200000   -0.005611    0.027313    0.044001
   -0.219000   -0.006378   -0.008108    0.009721
   -0.432000   -0.014613    0.021240   -0.008333
    0.999000    0.034430   -0.027138    0.016333
   -0.197000   -0.006676   -0.038073   -0.022476
    1.049000    0.034684   -0.018096   -0.028661
    0.614000    0.020759    0.003986    0.008515
   -0.311000   -0.009806   -0.040513   -0.006969
   -0.673000   -0.022947    0.002871   -0.025280
    0.117000    0.004715    0.028458    0.043412
    0.842000    0.028729   -0.025016   -0.009229
    0.374000    0.012834   -0.013096   -0.026565
    0.715000    0.024358   -0.007275    0.005348
   -1.182000   -0.038733   -0.028671    0.015042
   -0.014000    0.000113   -0.001467    0.002531
    1.035000    0.034239    0.006631   -0.023267
   -0.343000   -0.010875   -0.013463    0.008871
   -0.224000   -0.006982   -0.001875   -0.001770
   -0.221000   -0.006735   -0.007588    0.005590
    0.835000    0.029061    0.015094    0.042180
    0.932000    0.031737   -0.007938   -0.014886
   -0.230000   -0.006841   -0.015829    0.037940
    1.948000    0.065648   -0.007523    0.003824
   -0.050000   -0.001048    0.004585    0.013295
    0.193000    0.006953    0.021941   -0.001701
    0.828000    0.027706   -0.038316   -0.020194
    0.334000    0.011617    0.004479    0.004279
   -0.132000   -0.004460    0.005288   -0.005609
   -1.389000   -0.045426    0.012863    0.023882
   -0.198000   -0.006556    0.001671    0.001335
   -0.193000   -0.006232   -0.063689   -0.017936
   -0.205000   -0.006280    0.007655    0.012195
    0.481000    0.016044   -0.014521   -0.013939
    1.168000    0.039732   -0.007466    0.038977
    0.344000    0.011199    0.019491   -0.021532
   -0.727000   -0.023099   -0.034324    0.036482
   -0.191000   -0.005792    0.006545    0.029051
   -1.049000   -0.034954    0.045200    0.007673
   -0.641000   -0.021307    0.010911   -0.010765
   -0.233000   -0.007832    0.036862   -0.019978
   -0.222000   -0.006760   -0.000572    0.004694
   -0.522000   -0.016658    0.030603    0.041348
   -0.000000    0.000176    0.006594   -0.015057
   -0.298000   -0.008281    0.034639    0.051969
    0.804000    0.027968    0.039183    0.011160
    1.685000    0.056994    0.018606    0.006157
    0.457000    0.015139    0.018931   -0.020651
    0.171000    0.006536   -0.031876    0.001103
    0.265000    0.009319    0.009384    0.007414
   -0.265000   -0.008981    0.002136   -0.044194
    0.750000    0.025392   -0.018865    0.008772
    0.886000    0.029778   -0.018018   -0.029106
    0.990000    0.032694    0.014244   -0.059835
   -0.005000    0.000060   -0.013297   -0.011789
    0.232000    0.008521    0.012637   -0.003620
    0.295000    0.010612    0.000324    0.004074
    0.741000    0.024813   -0.028358   -0.006389
   -0.948000   -0.031457    0.006052    0.007619
   -0.023000   -0.000649   -0.001098   -0.002874
   -1.089000   -0.035529    0.042334    0.020594
   -0.889000   -0.029638    0.001565   -0.041561
   -0.328000   -0.009936   -0.000359    0.017452
   -0.117000   -0.002958    0.001785    0.004873
   -0.710000   -0.022892    0.007413    0.019577
    0.389000    0.012709    0.020646   -0.022293
    0.594000    0.020004    0.032049   -0.019514
   -1.285000   -0.041969   -0.011902    0.044772
   -0.330000   -0.010861   -0.057206    0.004042
   -0.746000   -0.024978   -0.030896   -0.041864
    0.436000    0.015223    0.033121    0.013246
   -0.545000   -0.017462    0.019809    0.028695
    0.103000    0.003520   -0.010552   -0.024929
    0.111000    0.003678   -0.002703   -0.009259
   -0.168000   -0.005110   -0.033867   -0.013261
   -0.337000   -0.010831   -0.054163   -0.018773
   -0.330000   -0.011015    0.003950   -0.033358
    0.102000    0.003792   -0.018342    0.009517
   -0.457000   -0.014492    0.042870    0.027292
   -0.690000   -0.022082   -0.006250    0.049590
    0.520000    0.017600    0.006115   -0.000076
    0.501000    0.018015    0.016658    0.032312
    0.832000    0.027656   -0.014882   -0.010539
   -0.021000   -0.000168   -0.002391   -0.005806
   -0.474000   -0.014988    0.005153    0.008061
    0.459000    0.015769    0.005857   -0.000781
    0.082000    0.003015   -0.000760    0.000358
   -0.080000   -0.002087   -0.004659    0.004730
   -0.362000   -0.011364    0.056270    0.031377
   -1.324000   -0.044195   -0.006795   -0.036609
   -0.016000    0.000263   -0.001082   -0.001624
   -0.638000   -0.021112    0.019873    0.009719
   -0.196000   -0.006190    0.002162    0.009029
    0.579000    0.019728   -0.046382   -0.025551
   -0.064000   -0.001620   -0.003715   -0.015124
    0.270000    0.009716   -0.016690   -0.007053
   -0.283000   -0.009270   -0.011568    0.003407
    0.797000    0.026634    0.034982   -0.001675
   -0.583000   -0.018276   -0.029463    0.023927
    1.016000    0.034675   -0.025843    0.024335
    0.369000    0.013141   -0.000326   -0.000313
   -0.200000   -0.007011    0.021175   -0.030731
    0.272000    0.009529   -0.003047    0.022469
   -0.027000   -0.000767   -0.004588   -0.005866
   -0.283000   -0.008797    0.032918   -0.002518
   -1.732000   -0.057484   -0.002078    0.008960
   -1.005000   -0.032748    0.018967    0.040743
   -0.294000   -0.009738    0.002664   -0.000238
   -1.779000   -0.058856    0.010556   -0.005940
    0.072000    0.002625    0.003431   -0.004032
   -0.432000   -0.013637   -0.002502   -0.000841
    0.093000    0.003495   -0.004955    0.006855
    0.992000    0.034253    0.019517    0.031344
    0.098000    0.003390   -0.002095   -0.001622
    0.121000    0.004093   -0.012872   -0.021184
    0.139000    0.005314   -0.003864   -0.007768
    0.297000    0.010414   -0.010896    0.002407
   -0.338000   -0.010632   -0.035778    0.015852
    0.191000    0.006316    0.035701   -0.030587
   -0.978000   -0.031669   -0.037835    0.023371
    1.005000    0.034214    0.004507   -0.014862
    0.034000    0.001169   -0.006720   -0.000714
    0.228000    0.007948    0.004763    0.014941
    0.656000    0.021093    0.013288   -0.046038
   -1.573000   -0.051588    0.012524    0.038114
   -0.025000   -0.000412   -0.000810   -0.001793
   -0.006000    0.000206    0.000005   -0.000186
   -0.322000   -0.010248   -0.028295    0.006930
    0.032000    0.001884   -0.025873    0.017346
   -0.194000   -0.006540    0.008791   -0.023505
   -0.016000   -0.000254    0.001806   -0.009864
   -0.675000   -0.021273   -0.017965    0.034430
    0.348000    0.012224    0.038311    0.007058
   -0.631000   -0.020686   -0.001950   -0.018377
   -1.173000   -0.039869    0.003681   -0.033584
    1.173000    0.039746   -0.049889    0.016590
    0.544000    0.018257   -0.010954    0.002946
   -0.110000   -0.003734   -0.002496   -0.000761
    0.086000    0.002937   -0.000181   -0.002350
    0.304000    0.011087   -0.006388    0.006210
   -0.648000   -0.020876    0.017901    0.035381
    1.263000    0.043770    0.002034    0.049714
   -0.444000   -0.014757    0.003384   -0.014830
   -1.536000   -0.050351   -0.007733    0.038933
    1.417000    0.048512    0.010035    0.033670
   -0.391000   -0.013214   -0.018509   -0.006650
    0.081000    0.003478    0.010354    0.007622
    0.425000    0.014627   -0.039519    0.021846
    0.018000    0.001126   -0.002980   -0.005975
    0.538000    0.017972   -0.017275   -0.033099
   -0.924000   -0.030375   -0.041159    0.015962
   -0.226000   -0.006881   -0.022856   -0.006553
   -0.176000   -0.005071   -0.054119    0.027788
    0.042000    0.002226   -0.001460    0.001560
    0.094000    0.003567    0.000112    0.003098
   -0.794000   -0.027103   -0.000253   -0.032932
   -0.149000   -0.004779    0.004971    0.002338
   -0.009000    0.000290    0.022678    0.003866
    0.147000    0.005216   -0.004645    0.004867
   -0.936000   -0.031463   -0.003451   -0.010853
   -0.550000   -0.017434   -0.012474    0.016378
   -0.511000   -0.016590   -0.007902    0.002640
   -0.009000   -0.000292   -0.002092    0.003351
   -0.120000   -0.003941    0.001878   -0.009379
    1.027000    0.034676   -0.041109   -0.024392
    0.396000    0.013586   -0.007738    0.001755
   -0.000000    0.000269    0.009989    0.006042
    0.000000   -0.000430   -0.033466   -0.055340
    0.749000    0.025489   -0.013639    0.018116
    0.046000    0.001982    0.022120    0.009173
   -0.284000   -0.009543   -0.007188   -0.005278
    0.252000    0.009482   -0.014471    0.029238
   -1.130000   -0.037506    0.012147   -0.023097
    0.133000    0.004754   -0.024507   -0.008057
   -0.711000   -0.023424   -0.008575    0.009647
   -0.310000   -0.008782   -0.030524    0.049540
    1.320000    0.044540   -0.029265    0.022908
   -0.777000   -0.025275    0.001369    0.033629
    0.832000    0.029219    0.035112    0.047155
    1.629000    0.054752   -0.002982   -0.027880
    0.059000    0.002151    0.002009   -0.001534
    0.186000    0.007724    0.012245    0.048257
    0.129000    0.004390   -0.003562    0.002956
   -1.463000   -0.047572   -0.024428    0.035277
    0.081000    0.003356   -0.057676    0.011249
   -0.078000   -0.002720    0.040953   -0.022654
   -0.302000   -0.009974    0.004540   -0.014908
    0.147000    0.005718   -0.003848    0.005334
   -0.483000   -0.016335    0.001609   -0.026863
    0.039000    0.001394   -0.044538   -0.002082
   -0.867000   -0.028008    0.027503    0.055669
   -1.508000   -0.049648    0.030205    0.006518
    0.752000    0.025232    0.004561   -0.003996
    0.728000    0.024774    0.031136   -0.001813
    0.134000    0.004784    0.051136    0.009430
    0.224000    0.007669   -0.023944   -0.031249
    0.240000    0.008123   -0.000193    0.001764
    0.372000    0.013094   -0.005991    0.006760
   -0.365000   -0.011145    0.003164    0.014254
    0.075000    0.003318   -0.001237   -0.003003
    0.517000    0.018151    0.004120    0.020164
   -0.051000   -0.001050   -0.010906   -0.008283
   -1.261000   -0.041644   -0.021319    0.000425
   -1.473000   -0.049333   -0.008598   -0.015691
    0.020000    0.001055   -0.004371    0.002509
    0.001000    0.000417   -0.004814   -0.003447
    1.062000    0.035982   -0.026682    0.017770
    0.065000    0.002958   -0.009037    0.009796
    0.453000    0.015815    0.031946   -0.005092
   -0.206000   -0.006821    0.004608    0.003201
    0.001000    0.000622    0.001033   -0.000024
    0.434000    0.014993    0.014324    0.000206
    0.234000    0.007678    0.004715   -0.013200
   -0.762000   -0.025299    0.010551   -0.003533
    0.015000    0.001019   -0.002134    0.000561
   -1.916000   -0.064181    0.015248   -0.000910
   -0.740000   -0.024729    0.016357   -0.033409
    0.180000    0.006210   -0.002656    0.000889
    0.303000    0.010642   -0.045932    0.009489
   -1.048000   -0.034356    0.006603    0.015178
    0.217000    0.007816    0.060107    0.000332
    0.657000    0.022282   -0.027322   -0.010023
   -0.936000   -0.031225   -0.008970   -0.018647
   -0.534000   -0.016516    0.039284    0.054254
    0.029000    0.001300   -0.009058    0.005305
   -0.123000   -0.003184   -0.008723    0.011680
   -1.560000   -0.050835    0.023754    0.035538
   -1.019000   -0.034086    0.017038   -0.002997
    0.261000    0.009125    0.033268   -0.006960
    0.048000    0.001037    0.003569   -0.032583
   -0.216000   -0.006713   -0.001239   -0.001056
   -0.627000   -0.020770   -0.000248   -0.025685
   -0.184000   -0.006033   -0.054778    0.009139
   -0.432000   -0.013577    0.038787    0.019988
   -0.133000   -0.003635   -0.000516   -0.000604
    0.859000    0.028202    0.007464   -0.046440
   -0.707000   -0.024054   -0.005383   -0.041515
   -1.278000   -0.042507   -0.038422   -0.005754
   -0.638000   -0.021012   -0.062451    0.000167
   -0.072000   -0.002111    0.002319   -0.002553
    0.342000    0.012152   -0.001417   -0.001214
   -0.823000   -0.026862    0.014246    0.034096
   -1.402000   -0.046254    0.035777    0.015303
    0.563000    0.018750    0.051324   -0.015871
    0.216000    0.007775   -0.006126    0.000823
   -0.931000   -0.030060    0.042859    0.035541
    0.363000    0.012943    0.010818    0.000718
    0.406000    0.014048    0.003997    0.008342
    0.132000    0.005236    0.000007    0.007535
    0.438000    0.015137   -0.005110   -0.006307
    0.315000    0.012037   -0.022393    0.040369
   -0.952000   -0.032062   -0.009484   -0.015383
    0.601000    0.021535    0.035448    0.048677
    0.194000    0.006995    0.053964   -0.020434
    0.180000    0.005844    0.014449   -0.035735
   -0.136000   -0.005095   -0.007838   -0.037261
   -0.095000   -0.002563    0.010291   -0.003485
   -0.061000   -0.002262   -0.018821   -0.010544
    0.680000    0.022773    0.003561   -0.007208
   -0.067000   -0.002352    0.055094   -0.015122
    0.131000    0.004622    0.001193    0.000210
    0.142000    0.005580    0.001389    0.005880
    0.017000    0.000901   -0.014607    0.008788
   -0.310000   -0.010250   -0.005000   -0.003117
    0.219000    0.008276    0.033057    0.011279
    0.216000    0.007149    0.016644   -0.054697
   -0.100000   -0.002980   -0.015853    0.010533
    0.100000    0.004057    0.003695    0.001434
    0.040000    0.000900    0.007655   -0.028541
    0.963000    0.032761   -0.037279    0.018424
   -1.280000   -0.042709   -0.000975   -0.011730
   -0.205000   -0.006119    0.002708    0.022212
   -0.177000   -0.006021    0.020436   -0.013967
   -0.346000   -0.010969    0.013837   -0.000639
   -0.823000   -0.027494   -0.016828   -0.006171
   -0.956000   -0.032411    0.014416   -0.028640
   -1.158000   -0.038797   -0.014220   -0.001445
   -0.125000   -0.003699    0.024490   -0.019178
