   -0.747000   -0.711707   -0.503802   -0.673721
    0.588000    0.606164   -0.558851   -0.029374
    0.199000    0.219498   -0.246225   -0.268206
   -0.558000   -0.526708   -0.785071   -0.633608
   -0.340000   -0.312447   -0.011933   -0.167826
    0.481000    0.473514   -0.102991    0.555419
   -0.524000   -0.499462    0.660239   -0.073196
   -0.496000   -0.486508   -0.742382   -0.182773
    0.099000    0.116894   -0.697766   -0.006566
    0.862000    0.889492   -0.457005   -0.085948
    0.347000    0.386673    0.342289   -0.766788
    0.860000    0.893886   -0.401192   -0.316208
   -0.109000   -0.100881    0.004639   -0.038891
   -0.035000   -0.007158    0.022157   -0.117930
   -0.283000   -0.290715    0.125703    0.699696
   -0.888000   -0.878319    0.197216    0.254835
   -0.166000   -0.168315    0.305247    0.379852
    0.770000    0.807044   -0.065744   -0.328629
   -0.567000   -0.533763    0.382357   -0.514951
   -0.068000   -0.052147    0.089370   -0.143120
   -1.162000   -1.154126   -0.032258    0.065898
   -0.046000   -0.059252   -0.503967    0.544050
   -0.494000   -0.474029    0.229674    0.133729
    1.379000    1.381681    0.341234    0.514870
    1.082000    1.090949    0.041686    0.261529
   -1.056000   -1.050135   -0.512259   -0.020581
    0.194000    0.201104    0.713588    0.206852
   -1.372000   -1.381138   -0.259888    0.568603
   -0.752000   -0.732202   -0.482773   -0.250327
    0.189000    0.191741    0.072629    0.135510
    0.480000    0.467382    0.304455    0.511325
    0.674000    0.673443   -0.131751   -0.002711
   -0.100000   -0.102391    0.083159    0.129722
   -0.096000   -0.071289    0.262611   -0.161178
   -0.462000   -0.455361    0.230594   -0.035066
   -0.029000   -0.018690    0.126239   -0.044554
    0.156000    0.163499    0.810043    0.339473
   -0.696000   -0.685524    0.288582    0.419639
   -0.896000   -0.883347    0.850350    0.355068
   -0.031000   -0.022079    0.011025   -0.026107
    0.154000    0.168322    0.415849    0.307965
    0.154000    0.170895   -0.010353    0.021434
    0.015000    0.020127    0.032579   -0.002293
    0.755000    0.788773    0.896661   -0.332616
    0.127000    0.142421    0.074878   -0.038290
   -0.157000   -0.152511    0.017474   -0.023671
    0.444000    0.459699   -0.087964   -0.392502
   -0.039000   -0.056971   -0.691011    0.580085
   -1.329000   -1.329049   -0.405036    0.371576
   -0.292000   -0.265721    0.219773   -0.133232
   -0.057000   -0.063386    0.088961    0.202020
   -0.704000   -0.685961    0.138131   -0.308201
   -0.129000   -0.124000   -0.273567   -0.034480
   -0.039000   -0.020820   -0.014886   -0.008330
    0.055000    0.057208   -0.012374    0.208122
    0.764000    0.796226    0.130341   -0.729178
   -0.495000   -0.462450    0.027179   -0.748953
   -0.612000   -0.584213   -0.114286   -0.501570
   -0.265000   -0.254280    0.129111   -0.082749
    0.179000    0.186334    0.650498    0.078870
    0.015000    0.015885   -0.020333   -0.008068
   -1.388000   -1.378258   -0.536651   -0.166104
    1.722000    1.735848    0.393172    0.099217
    0.448000    0.460824   -0.107131    0.227620
   -0.000000    0.012673   -0.029619   -0.006863
   -0.489000   -0.458267    0.556000   -0.622827
    0.086000    0.099732   -0.720216    0.137266
    0.283000    0.285463    0.406703    0.523891
    1.461000    1.482017    0.533137   -0.106148
   -0.218000   -0.228908   -0.380861    0.833716
    0.182000    0.201159    0.044758   -0.302079
    0.621000    0.609260   -0.031035    0.358174
   -1.233000   -1.199894    0.260658   -0.612594
   -0.318000   -0.338024    0.057940    0.651416
    1.499000    1.535920    0.061166   -0.371220
    0.209000    0.233019    0.019192   -0.606548
    0.183000    0.196367   -0.265876    0.029761
    0.180000    0.232507    0.294049   -0.878048
   -0.106000   -0.077205    0.182586   -0.137220
   -1.321000   -1.317323    0.367944    0.020343
   -0.571000   -0.542687   -0.598647   -0.224845
    0.058000    0.075673    0.007398    0.089432
    0.394000    0.390778    0.308782    0.359644
   -0.160000   -0.157013   -0.135623    0.157052
    0.017000    0.043365   -0.227451   -0.496635
    0.836000    0.870442    0.335594   -0.737169
    0.653000    0.639526   -0.161676    0.359909
   -0.361000   -0.330988    0.605847   -0.195908
    1.110000    1.115483    0.775645    0.102554
    0.031000    0.049923   -0.076897   -0.158965
    0.196000    0.201575    0.772067    0.253747
    0.315000    0.346283    0.251273   -0.167840
    0.639000    0.669355   -0.310664   -0.673334
    0.317000    0.344611   -0.164589   -0.335437
    0.732000    0.719365    0.412327    0.459961
   -0.639000   -0.636527    0.201178    0.046998
   -0.560000   -0.535991   -0.541686   -0.341428
    0.122000    0.152149    0.450245   -0.765802
    0.873000    0.886757    0.777796   -0.214054
   -0.111000   -0.096199   -0.126079   -0.065271
    0.231000    0.230739   -0.583927    0.453602
    0.455000    0.466053    0.483188    0.145902
   -0.204000   -0.203060   -0.407792    0.063940
    1.333000    1.346373   -0.590027   -0.362761
   -0.525000   -0.502298    0.827250    0.067606
   -0.058000   -0.057295   -0.116756    0.144189
    0.103000    0.102911   -0.234929    0.128626
   -0.001000    0.006071   -0.004961    0.007044
    0.644000    0.665774   -0.050023   -0.080432
   -0.281000   -0.260158    0.498655   -0.542514
   -0.641000   -0.627595   -0.096244   -0.055989
   -0.447000   -0.449897    0.604145    0.087974
   -0.363000   -0.336679    0.613669   -0.748034
    1.405000    1.394732   -0.311199    0.389159
    0.104000    0.124839   -0.045355    0.127640
   -0.982000   -0.995373    0.234257    0.481258
   -0.571000   -0.547828   -0.159965   -0.300265
   -0.130000   -0.104579   -0.067502   -0.100915
    0.762000    0.764791    0.532683    0.533391
   -0.592000   -0.578825   -0.694875   -0.292567
   -0.181000   -0.166589   -0.073780   -0.044079
   -0.368000   -0.349661   -0.503909   -0.132998
   -0.754000   -0.758308    0.252070    0.819566
    0.764000    0.787871    0.276766   -0.307929
   -0.647000   -0.660492    0.038667    0.388693
    0.218000    0.246693   -0.194706   -0.129054
    1.131000    1.169858    0.022995   -0.679159
   -0.334000   -0.303508   -0.620616   -0.563898
    0.106000    0.113299   -0.078889   -0.036975
   -0.166000   -0.153450    0.045314    0.259590
    1.076000    1.096408    0.420070   -0.007047
    0.365000    0.364062   -0.461042    0.059062
   -0.001000    0.014521    0.185717   -0.365567
    1.049000    1.060890   -0.704162    0.110997
   -0.091000   -0.089385   -0.101985    0.187399
   -0.037000   -0.036629   -0.031909    0.054831
    0.193000    0.194088   -0.042021    0.045018
   -0.130000   -0.101923    0.946646   -0.251138
    0.706000    0.703352    0.220763    0.193466
   -0.673000   -0.643602    0.436119   -0.436630
    0.067000    0.075856   -0.304070    0.168481
   -0.327000   -0.302281    0.129001   -0.563168
   -0.514000   -0.470766    0.023647   -0.783382
    0.177000    0.180033   -0.001602   -0.050217
    0.763000    0.743004   -0.409013    0.877989
    0.531000    0.529064    0.387183    0.391336
   -0.597000   -0.593250    0.094680    0.434409
   -1.509000   -1.506121    0.499267    0.173822
    1.783000    1.795884    0.433230    0.128096
   -0.791000   -0.773193   -0.258522   -0.261340
   -0.389000   -0.365382   -0.164838   -0.106360
   -0.829000   -0.843216    0.272892    0.402872
    1.506000    1.503279    0.382806    0.469762
    0.133000    0.156216   -0.538392   -0.561265
    0.122000    0.152554   -0.072048   -0.169177
   -0.153000   -0.136724   -0.136143   -0.047538
    0.516000    0.504576   -0.014386    0.515242
    0.306000    0.311260    0.332674    0.000033
   -0.315000   -0.305687    0.676935    0.245680
    0.169000    0.179964    0.278465   -0.137748
   -1.112000   -1.094075   -0.342681    0.145773
   -1.038000   -1.017159   -0.544953   -0.133123
   -0.781000   -0.765032   -0.166464   -0.150969
   -0.227000   -0.226789   -0.869583    0.551327
    0.337000    0.342601    0.215742   -0.150235
    0.531000    0.542120   -0.194497    0.197633
   -0.787000   -0.798428   -0.094703    0.386604
   -0.251000   -0.234333    0.685638    0.029204
   -1.072000   -1.054030    0.105725   -0.497452
    0.267000    0.279714    0.593305    0.281125
    0.727000    0.757539    0.343456   -0.393476
   -0.377000   -0.337804    0.570937   -0.593274
    0.850000    0.888585   -0.014253   -0.353461
   -0.010000   -0.008273   -0.018622    0.049408
    0.187000    0.207694    0.065819   -0.080981
    0.263000    0.255529   -0.831245    0.632792
   -1.745000   -1.713909    0.279425   -0.344476
    1.119000    1.113965   -0.566507    0.583573
   -0.017000    0.009127   -0.133961   -0.538793
   -0.812000   -0.804557   -0.400315    0.250075
   -1.413000   -1.383236    0.058440   -0.291331
    1.021000    1.022506   -0.101545    0.192780
   -0.415000   -0.385998   -0.226898   -0.176456
    0.039000    0.043939   -0.108334    0.270576
    0.181000    0.178685   -0.372958    0.300032
    0.204000    0.217835   -0.510785    0.117462
   -0.143000   -0.133119    0.095680    0.137660
    0.125000    0.117473    0.487138    0.658540
    1.080000    1.102664    0.214182   -0.443154
    0.493000    0.504011    0.217735    0.106864
    0.203000    0.226557   -0.006005   -0.476928
   -0.384000   -0.353000   -0.353352   -0.260447
   -0.591000   -0.584907   -0.414819    0.054186
   -0.600000   -0.587434    0.679371    0.336629
   -0.583000   -0.563460   -0.212794    0.085615
   -1.351000   -1.307921   -0.081944   -0.532447
    0.342000    0.343577    0.226428    0.409119
    0.809000    0.835406    0.547120   -0.713374
    0.402000    0.421010   -0.274439   -0.223188
    0.992000    1.004676   -0.226351   -0.144982
    0.044000    0.053676    0.015378   -0.056178
   -1.271000   -1.260386   -0.213666   -0.181991
    0.338000    0.332689   -0.541510    0.506969
    1.293000    1.317005    0.735201    0.029333
   -0.385000   -0.367564   -0.258240   -0.173830
    0.453000    0.442792    0.183113    0.295871
   -0.356000   -0.364913   -0.384279    0.415179
    0.046000    0.049580   -0.020002   -0.000353
   -0.038000   -0.025264   -0.652336    0.262383
    1.622000    1.630825    0.242329   -0.201919
    0.053000    0.059425    0.530049    0.327605
   -0.481000   -0.472243    0.227044    0.264212
    0.233000    0.269101    0.182351   -0.356887
    0.067000    0.086662    0.004394   -0.406244
    0.078000    0.107060    0.215406   -0.254481
   -0.073000   -0.050059    0.007327    0.007723
    0.284000    0.299596    0.168117   -0.123170
    0.074000    0.082840   -0.009956   -0.035093
   -0.673000   -0.649865    0.703854   -0.424128
   -0.014000    0.005785   -0.025100    0.025358
   -0.574000   -0.550351    0.160785   -0.064388
    0.169000    0.186653    0.187211   -0.266224
   -0.193000   -0.172048   -0.049895    0.015029
   -0.017000    0.001755    0.000600   -0.005583
    0.090000    0.115569    0.131488   -0.217924
   -0.657000   -0.634440    0.069849   -0.166846
    0.314000    0.315342    0.224839    0.262773
    1.536000    1.539841    0.020862    0.391322
   -0.055000   -0.050643   -0.018066   -0.037630
   -0.962000   -0.933570   -0.038152   -0.253692
    0.242000    0.251925    0.024607    0.255267
    1.296000    1.346215   -0.145177   -0.699216
   -0.361000   -0.351040    0.516155    0.111579
   -0.505000   -0.502041    0.110895   -0.022172
   -0.261000   -0.244807    0.042918   -0.190546
   -0.421000   -0.431378    0.619931    0.642945
    0.067000    0.083135    0.028499   -0.101411
    0.791000    0.812526    0.837833    0.059732
    0.063000    0.070148    0.102307   -0.071834
   -1.036000   -1.019443    0.404243   -0.258469
    0.639000    0.641601    0.293229    0.320844
    0.511000    0.507447    0.526972    0.379428
   -1.240000   -1.230467   -0.408941    0.235036
   -0.036000   -0.022626    0.761361    0.055055
   -0.049000   -0.036024   -0.059128   -0.027131
    0.001000    0.024713   -0.009185   -0.013145
    0.496000    0.523785   -0.058883   -0.162832
    0.059000    0.084041   -0.024982    0.003336
    0.396000    0.401914    0.274216    0.107314
   -0.628000   -0.622150    0.102803    0.304684
   -0.197000   -0.173471    0.126364   -0.174773
   -0.152000   -0.146595    0.055140    0.106357
   -1.340000   -1.301253   -0.061887   -0.572538
    0.845000    0.831132    0.242829    0.503129
   -0.516000   -0.517710   -0.166237    0.021981
   -0.227000   -0.187293    0.137451   -0.397438
   -0.202000   -0.173654   -0.163377   -0.218837
    1.107000    1.126321    0.135801   -0.000939
    0.094000    0.110483   -0.031135    0.041323
   -1.098000   -1.096729   -0.815007   -0.062034
   -1.181000   -1.155111    0.150180   -0.133211
   -0.116000   -0.117262   -0.243680    0.036170
   -0.029000   -0.023345    0.010201    0.038822
   -0.058000   -0.026704    0.339237   -0.425151
    0.147000    0.154112    0.153150    0.096401
   -0.852000   -0.845236    0.210836   -0.165918
   -0.979000   -0.997494    0.059485    0.480646
    0.658000    0.673291    0.216646   -0.333890
   -1.233000   -1.226402   -0.369318    0.099838
   -0.550000   -0.543744   -0.210070    0.116822
    0.043000    0.063621    0.120979   -0.422340
    0.171000    0.186352   -0.113017   -0.156639
    0.028000    0.038018   -0.104380   -0.024136
   -0.469000   -0.475705    0.196298    0.182403
    0.765000    0.792098    0.718628   -0.133159
   -0.182000   -0.168177    0.346131   -0.026504
   -0.727000   -0.714301   -0.045242    0.174683
   -0.556000   -0.559796    0.208793    0.242066
    0.695000    0.691543    0.119007    0.259125
   -0.152000   -0.142379    0.071173    0.012986
   -0.427000   -0.435502    0.823857    0.483198
    1.852000    1.864117    0.360006    0.187993
   -0.296000   -0.272064    0.010179    0.016351
   -0.191000   -0.162406    0.110310   -0.100571
   -1.193000   -1.193706   -0.810681    0.179073
   -0.000000    0.012301    0.005550   -0.009858
   -0.157000   -0.143459   -0.519179   -0.266105
    0.080000    0.097754   -0.012562   -0.090912
   -1.114000   -1.080406    0.549921   -0.376292
   -0.166000   -0.165845    0.621619    0.229516
   -0.244000   -0.243010    0.115341    0.415197
   -0.364000   -0.351856   -0.244431   -0.072068
   -0.119000   -0.095371    0.238604   -0.393653
   -1.478000   -1.454728   -0.107079    0.031625
    0.074000    0.092678   -0.506153   -0.225926
   -1.370000   -1.381411   -0.086530    0.264123
   -0.922000   -0.891651    0.097050   -0.525645
   -0.087000   -0.065141    0.149439   -0.077540
    0.584000    0.604081    0.022374    0.170991
   -0.324000   -0.305217    0.031269   -0.019020
   -0.019000    0.002674    0.155295   -0.277271
    1.108000    1.130187   -0.063860   -0.037127
    0.224000    0.230104   -0.296675   -0.123387
    0.059000    0.068017   -0.037135   -0.042550
    0.288000    0.315885   -0.359006   -0.077995
   -0.570000   -0.557341   -0.839400   -0.360625
   -0.037000   -0.037892    0.098402    0.005897
    0.756000    0.754728   -0.699614    0.261825
    1.726000    1.731714   -0.445119   -0.055586
    0.452000    0.476436    0.204508   -0.244320
    0.933000    0.949592    0.847215    0.323811
   -0.142000   -0.121741   -0.058906   -0.071308
    0.158000    0.161764   -0.204307   -0.117402
    0.087000    0.088986   -0.714733    0.226347
   -0.329000   -0.319115    0.018290   -0.131964
    0.272000    0.266862   -0.548593    0.352519
    0.027000    0.028342    0.752715    0.086096
   -0.185000   -0.213611   -0.195115    0.888430
    1.099000    1.101707    0.659812    0.261915
    1.489000    1.507700    0.317233    0.017119
    0.161000    0.166377   -0.019856    0.002558
    0.223000    0.249514   -0.263850   -0.301589
    1.647000    1.673895    0.048138   -0.292257
    0.047000    0.056603   -0.018573    0.049272
   -0.291000   -0.297114   -0.021208    0.136690
    0.026000    0.027379    0.732389    0.134334
   -0.438000   -0.461225   -0.775071    0.604093
    0.200000    0.205868   -0.217971   -0.149105
   -0.445000   -0.417331    0.544472   -0.421739
   -0.190000   -0.169460   -0.000434   -0.174410
   -0.443000   -0.420239   -0.118753   -0.096618
    0.288000    0.312504    0.925534   -0.475009
   -0.107000   -0.099158   -0.456237    0.015728
   -0.473000   -0.487484    0.041204    0.509182
    0.563000    0.576026    0.650488   -0.283105
   -0.937000   -0.917905   -0.004719   -0.497739
    0.395000    0.408666   -0.941045   -0.291818
   -1.243000   -1.218899    0.245652   -0.013219
    0.345000    0.376946    0.320593   -0.251455
   -0.911000   -0.908899   -0.754769    0.311784
    1.244000    1.258354   -0.258033   -0.113777
    0.178000    0.191345    0.113280   -0.120618
   -1.459000   -1.468627    0.381255    0.429768
    0.607000    0.629546    0.432779   -0.108693
   -0.307000   -0.282590   -0.279054   -0.160008
    1.213000    1.201197   -0.391920    0.626210
   -0.154000   -0.166560   -0.067730    0.540087
    0.024000    0.062413    0.071986   -0.420537
    0.907000    0.948298   -0.537895   -0.563923
    1.567000    1.585772   -0.242557   -0.146638
    0.634000    0.636071    0.164860    0.247197
   -0.231000   -0.205200    0.163899   -0.002556
   -0.046000   -0.008236    0.651304   -0.341234
    0.094000    0.077073   -0.034949    0.463734
   -0.517000   -0.486537   -0.289454   -0.277504
    0.075000    0.075756    0.015839    0.050991
   -0.285000   -0.288467   -0.188921    0.408245
   -0.736000   -0.702119   -0.169841   -0.634780
    1.056000    1.081813   -0.166670   -0.378919
    0.855000    0.873977   -0.565688   -0.519798
    0.181000    0.197038   -0.088406    0.060566
   -1.122000   -1.084891    0.114696   -0.391962
    0.003000    0.027918   -0.010270    0.007773
    0.511000    0.537797   -0.425595   -0.773542
    0.002000    0.010139    1.079506   -0.157675
    0.182000    0.188714    0.553735    0.172685
   -0.412000   -0.397012   -0.182317   -0.068956
    1.226000    1.229982    0.853318    0.073553
    0.600000    0.614257    0.360338    0.161049
    0.194000    0.192193   -0.423038    0.549981
    0.061000    0.062290   -0.008067   -0.021377
    0.621000    0.640272   -0.039975   -0.153928
   -0.090000   -0.085982    0.061623    0.200000
   -0.347000   -0.356384   -0.081755    0.341885
   -1.278000   -1.282377    0.094749    0.395557
    0.209000    0.208611    0.596954    0.253340
    0.407000    0.421549    0.240156   -0.260308
   -1.688000   -1.673006   -0.230908   -0.375630
   -0.368000   -0.361595    0.878791    0.014973
    0.494000    0.507655    0.087854    0.255035
    0.293000    0.298574    0.152414   -0.035339
   -0.025000   -0.013585   -0.032040    0.010707
   -1.020000   -0.999209   -0.555426   -0.132782
    0.158000    0.164529   -0.039121    0.365169
   -0.290000   -0.274488   -0.460459   -0.257473
    0.364000    0.363970   -0.262865    0.226588
   -1.514000   -1.515962   -0.280056   -0.028058
    0.323000    0.362088    0.230796   -0.644269
   -0.700000   -0.697776   -0.464823    0.319721
    0.584000    0.599631   -0.426672   -0.083762
    0.086000    0.106313    0.125248   -0.039326
   -0.247000   -0.241070   -0.528428    0.507434
    0.528000    0.549042   -0.099280   -0.128830
    0.385000    0.395945   -0.094897   -0.005283
   -1.456000   -1.454468   -0.297784    0.190833
   -0.399000   -0.378644   -0.122877   -0.536805
    0.298000    0.325271   -0.075709   -0.094715
   -0.211000   -0.185349   -0.576802   -0.217691
   -0.474000   -0.456502   -0.056132    0.075921
    0.169000    0.181839   -0.177137    0.035871
    0.558000    0.580616    0.055143   -0.062985
   -0.149000   -0.127069    0.043095   -0.024806
    0.190000    0.226685    0.195082   -0.948309
   -0.171000   -0.167905   -0.520578    0.286717
    0.663000    0.661734   -0.248839    0.150006
    1.170000    1.166416   -0.453333    0.194895
    1.383000    1.395952    0.354973   -0.226308
    0.052000    0.058614   -0.107323   -0.119661
    0.249000    0.267365    0.041226   -0.035942
    1.743000    1.755457    0.060705   -0.129129
   -0.871000   -0.861700   -0.440937   -0.230805
    0.555000    0.543561    0.546858    0.496929
   -0.032000   -0.016659   -0.012750    0.014234
    0.025000    0.026446   -0.009322   -0.002948
   -0.064000   -0.024594    0.267885   -0.628191
    0.395000    0.392828   -0.038240    0.315804
   -0.725000   -0.693580    0.099726   -0.382934
    0.016000    0.023320   -0.026505   -0.155240
   -0.760000   -0.729298    0.162186   -0.878721
    0.797000    0.779250   -0.421866    0.486548
    0.854000    0.875326   -0.447748    0.064567
    0.090000    0.086413    0.232347    0.227430
   -0.539000   -0.553298    0.190500    0.711538
    0.202000    0.203813   -0.049024    0.174584
   -1.205000   -1.204667    0.202654    0.099113
    0.070000    0.071359   -0.209081   -0.009336
   -1.458000   -1.454311   -0.417331    0.053476
   -0.490000   -0.473797   -0.265397   -0.279738
    0.027000    0.025495   -0.075080    0.057035
   -0.005000    0.019109   -0.007882    0.005182
   -0.080000   -0.059348   -0.028114    0.041776
   -0.081000   -0.059705   -0.084078    0.042753
    0.570000    0.567705    0.044700    0.437643
    1.289000    1.270024   -0.116854    0.653022
    0.159000    0.171652   -0.054899   -0.037643
   -0.259000   -0.251760   -0.032187    0.180421
    0.258000    0.233815    0.076144    0.856952
   -0.247000   -0.236370   -0.185829    0.047472
    1.173000    1.209815   -0.461922   -0.430810
   -0.163000   -0.149078    0.259352    0.127367
   -0.697000   -0.669508    0.092915   -0.240210
    0.203000    0.216035    0.006165   -0.123406
    0.126000    0.137933    0.017585   -0.001325
    0.273000    0.271163   -0.335968    0.074856
   -1.399000   -1.402003    0.040812    0.273547
   -1.693000   -1.675479   -0.497522    0.130574
    0.313000    0.337091   -0.140392   -0.252047
    0.082000    0.098963   -0.116095   -0.073089
   -0.510000   -0.506938   -0.699265    0.293961
   -0.704000   -0.706785   -0.064911    0.430569
    0.899000    0.925945   -0.260189   -0.089500
    0.079000    0.095543   -0.092588   -0.086118
    0.285000    0.286966   -0.159215   -0.044511
    0.190000    0.241762    0.503784   -0.718526
    0.306000    0.323213    0.179424   -0.456733
    0.895000    0.928299   -0.331242   -0.507738
   -0.666000   -0.650081   -0.136463   -0.142833
   -0.067000   -0.075651   -0.175404    0.271459
    0.443000    0.469696   -0.011348   -0.360516
   -0.238000   -0.207778   -0.071926   -0.376762
    1.055000    1.058128   -0.276364    0.174576
   -0.320000   -0.340803    0.310073    0.599471
   -0.037000   -0.028293   -0.067992   -0.084756
    0.092000    0.104536   -0.419415   -0.133416
    0.070000    0.081688    0.003048    0.037945
    1.303000    1.302667   -0.154145    0.040527
   -0.096000   -0.092167   -0.387312    0.110688
    0.059000    0.049029   -0.334075    0.906866
   -0.821000   -0.799811    0.107939   -0.180507
    0.065000    0.079137    0.043220   -0.025218
   -0.365000   -0.337664    0.171964   -0.101744
    0.375000    0.409714    0.052925   -0.296507
   -1.761000   -1.761273   -0.286328    0.235557
    0.026000    0.041401   -0.006272    0.007301
   -0.329000   -0.329442    0.323367    0.280079
   -0.401000   -0.388325    0.451031   -0.301904
   -0.491000   -0.495879    0.254689    0.234177
    0.357000    0.340109   -0.180147    0.610194
    0.445000    0.485427   -0.061440   -0.521945
   -0.414000   -0.399226    0.092490    0.076815
    0.217000    0.242925   -0.419598   -0.139375
    1.047000    1.059907    0.154766    0.148187
    0.776000    0.779480    0.362918    0.258638
    1.055000    1.087409   -0.112885   -0.617451
   -0.024000   -0.006012   -0.170604    0.095822
   -0.670000   -0.614507   -0.241596   -0.881870
    0.033000    0.045803   -0.005546   -0.002753
    0.008000    0.020800   -0.058215    0.294695
   -0.988000   -0.967054    0.306900    0.000618
    0.587000    0.624667   -0.152291   -0.765313
   -0.918000   -0.920003    0.449134    0.320705
   -0.004000    0.016979    0.431781   -0.281091
   -0.506000   -0.503651   -0.204257    0.296613
    0.606000    0.612466   -0.107873    0.116628
   -0.182000   -0.170660   -0.164425    0.084649
    1.117000    1.134595    0.690844    0.093364
   -0.375000   -0.371493   -0.299836   -0.106545
   -0.292000   -0.290001    0.638713    0.310757
   -0.436000   -0.429677   -0.562209    0.036722
    0.121000    0.138771   -0.021912    0.090676
    0.017000    0.027443    0.066200   -0.000045
    0.138000    0.173877   -0.209119   -0.422455
   -0.404000   -0.372169   -0.239617   -0.298128
   -0.059000   -0.048864    0.009609   -0.032069
   -0.088000   -0.121641    0.006261    0.988285
    1.301000    1.324639    0.447933   -0.115859
    0.417000    0.444917   -0.341156   -0.387210
    0.045000    0.054470    0.127800   -0.070692
    0.060000    0.079372    0.186362    0.124058
    0.302000    0.327718   -0.100079   -0.127428
    0.057000    0.079838   -0.207927    0.013854
   -1.026000   -0.994154   -0.207170   -0.413854
    1.425000    1.447376    0.477890   -0.084823
    1.376000    1.416557   -0.245045   -0.465671
    0.630000    0.641660   -0.515600   -0.206344
   -1.836000   -1.815289    0.260398   -0.013790
   -0.868000   -0.868864   -0.054348    0.536308
    1.486000    1.500086    0.177796   -0.040337
    0.184000    0.191357   -0.241284   -0.242078
    0.186000    0.188746   -0.161883    0.152681
    1.588000    1.580365    0.538310    0.319301
    0.228000    0.236591   -0.041897   -0.136075
    0.058000    0.046604   -0.699102    0.603765
   -0.948000   -0.927101    0.490807   -0.044106
    1.068000    1.055215   -0.263839    0.725299
   -0.188000   -0.172270    0.870316    0.334660
   -0.211000   -0.193437    0.301618   -0.298968
   -0.695000   -0.662502    0.405144   -0.463452
    0.018000    0.036069    0.017055   -0.027961
   -0.074000   -0.073199    0.785377    0.617069
    0.197000    0.213738    0.108003   -0.241782
   -1.294000   -1.283726   -0.136749   -0.133648
   -0.297000   -0.268278   -0.430754   -0.387872
    0.106000    0.117530   -0.181667   -0.026030
    0.341000    0.348845   -0.199317    0.159010
   -0.158000   -0.148796    0.721886    0.288276
    0.138000    0.143012   -0.077011   -0.053668
    0.210000    0.214255    0.964584    0.231718
    0.119000    0.151504    0.306286   -0.683581
   -1.399000   -1.398392   -0.659568    0.275107
    0.738000    0.743064    0.551871    0.189495
   -1.694000   -1.670566   -0.107358   -0.240329
    0.687000    0.715478   -0.073651   -0.290918
   -0.281000   -0.246636   -0.046703   -0.618619
   -0.312000   -0.302427   -0.161870   -0.162126
   -0.090000   -0.060179   -0.615744   -0.448754
   -0.002000    0.010057    0.022382   -0.067013
    1.119000    1.112113   -0.134627    0.184174
   -0.455000   -0.420700    0.314554   -0.302158
    0.413000    0.408481    0.513788    0.680264
    0.084000    0.098622   -0.237196   -0.161544
    0.598000    0.619935    0.112744   -0.611106
    0.051000    0.067802   -0.153744   -0.246195
   -0.086000   -0.058602    0.599976   -0.157433
    0.168000    0.183646   -0.171282    0.179508
   -1.401000   -1.379447   -0.533639    0.048023
   -1.389000   -1.372545   -0.719751   -0.013408
    1.075000    1.080694   -0.317168   -0.179121
    0.223000    0.234546   -0.071621    0.032648
    0.155000    0.163306   -0.142771    0.354866
    0.328000    0.350185   -0.032719   -0.179963
    0.002000    0.005676    0.260128    0.016455
    0.639000    0.638115    0.074266    0.337033
    0.940000    0.923696   -0.063511    0.815545
   -0.863000   -0.868969   -0.557243    0.534481
    0.092000    0.105292    0.213497   -0.149471
   -0.044000   -0.066597    0.292303    0.692983
   -0.125000   -0.117205   -0.087857    0.126708
    0.038000    0.045458   -0.004697   -0.005429
   -0.079000   -0.056284    0.421737   -0.440005
    0.477000    0.490911    0.203148    0.043385
   -0.463000   -0.478769    0.574772    0.518882
    1.750000    1.744548   -0.010388    0.444680
    0.611000    0.614528   -0.177010    0.348554
   -0.660000   -0.664239   -0.272561    0.741137
   -0.757000   -0.747251    0.264444    0.229352
   -0.230000   -0.219045   -0.128971    0.119333
    0.994000    1.003694    0.257490    0.185790
    0.869000    0.875798    0.027872    0.394785
   -0.686000   -0.682794    0.528993    0.550869
    0.167000    0.212034   -0.361346   -0.643100
   -0.257000   -0.249629    0.072152   -0.082735
   -0.159000   -0.148567   -1.061510    0.075232
   -0.089000   -0.058317   -0.371057   -0.339972
    0.414000    0.404026   -0.362554    0.535105
    0.183000    0.174844    0.189575    0.323532
    0.279000    0.292465    0.086956   -0.105396
   -1.370000   -1.380292   -0.094130    0.464869
    0.258000    0.274709    0.084073   -0.009842
    1.700000    1.682614    0.162794    0.542747
    0.923000    0.928638   -0.027398    0.537856
    0.013000    0.011855   -0.009315    0.014633
   -1.702000   -1.693683   -0.288179    0.315939
   -0.344000   -0.309023   -0.153526   -0.438914
    0.773000    0.779568    0.180391   -0.155807
   -0.147000   -0.128128    0.026837   -0.375141
   -0.472000   -0.455475   -0.288934    0.004172
   -1.160000   -1.148693    0.253394    0.083322
   -0.792000   -0.758163   -0.745053   -0.287584
   -0.894000   -0.887846   -0.037414   -0.021676
    1.282000    1.303251   -0.163357   -0.332450
   -0.188000   -0.166343    0.814947    0.104805
    0.053000    0.071528   -0.009596   -0.026792
   -0.525000   -0.516685   -0.190494    0.267532
   -0.341000   -0.341010    0.003708    0.021701
   -0.011000    0.020833   -0.350316   -0.738251
   -0.839000   -0.828024    0.263688    0.411445
    1.508000    1.519551   -0.440467   -0.064101
    0.279000    0.327318    0.361361   -0.669365
    1.647000    1.652168    0.091307    0.183914
    0.112000    0.121309    0.152001   -0.030531
   -0.060000   -0.045084    0.026914    0.042445
   -1.582000   -1.559441    0.040867   -0.177000
    0.150000    0.170860   -0.195472    0.086034
   -0.116000   -0.128612    0.243447    0.533010
    0.650000    0.643898   -0.710506    0.130660
    1.776000    1.809308    0.159210   -0.243849
    0.364000    0.363222    0.789982    0.224368
   -0.267000   -0.258361    0.429842    0.218731
   -0.208000   -0.191289   -0.003720   -0.287740
   -1.043000   -1.003022   -0.022826   -0.667398
    0.908000    0.917042   -0.147904   -0.149146
   -0.616000   -0.616185    0.214033    0.086570
    1.683000    1.702615   -0.167188   -0.323169
    0.407000    0.425861    0.074098   -0.026535
    1.017000    1.022674   -0.536689   -0.030503
    0.044000    0.059308   -0.026980   -0.046426
    0.186000    0.198729    0.179831   -0.095972
   -0.886000   -0.881431   -0.641736    0.072782
    0.187000    0.186614    0.177194    0.050504
   -1.539000   -1.526215    0.531469   -0.055536
    0.112000    0.130114    0.117853   -0.100053
    0.139000    0.144927   -0.239458    0.029832
   -0.081000   -0.068938    0.004569   -0.080408
    0.503000    0.478573    0.231988    0.876302
    0.399000    0.392763   -0.233106    0.716650
   -0.655000   -0.655023   -0.214935    0.288843
   -0.724000   -0.710958   -0.578285    0.085861
   -1.007000   -0.989216   -0.263723   -0.357690
   -0.460000   -0.461676    0.223618    0.518130
   -0.170000   -0.153946   -0.120744   -0.169736
   -0.283000   -0.275533   -0.003757    0.040780
   -0.869000   -0.877212    0.115252    0.342298
    0.425000    0.420718   -0.274897    0.071940
   -0.157000   -0.120688   -0.051502   -0.427863
    0.119000    0.131161   -0.166872    0.062859
   -0.024000   -0.020815    0.054183   -0.069383
   -0.420000   -0.392309    0.559376   -0.178072
    0.659000    0.640380   -0.260075    0.519176
   -0.688000   -0.669842   -0.007522    0.154005
    0.108000    0.129633   -0.031850   -0.015191
   -1.661000   -1.634777    0.235355   -0.361943
   -0.372000   -0.365520    0.299289   -0.109326
    1.021000    1.040202   -0.147190   -0.029529
    0.265000    0.268769   -0.397791   -0.008728
   -0.339000   -0.313183    0.133738   -0.253811
    0.182000    0.204505   -0.240032   -0.027370
    0.941000    0.976253    0.487430   -0.235508
   -0.756000   -0.755619   -0.481222    0.456521
   -0.029000   -0.004726    0.070872   -0.087092
   -0.078000   -0.064743   -0.165905   -0.258360
   -1.822000   -1.793653   -0.163176   -0.366974
    0.925000    0.967488    0.219096   -0.602038
    0.500000    0.512158   -0.302031    0.079186
    0.057000    0.054888   -0.177209    0.476774
    0.367000    0.390989    0.941994   -0.441049
   -0.548000   -0.543181   -0.016326    0.042931
    0.457000    0.478135    0.177544   -0.023632
    0.815000    0.827847    0.164107   -0.300247
    0.284000    0.306387   -0.181949    0.006312
    0.485000    0.520343    0.087745   -0.311696
    0.846000    0.830827    0.140827    0.600860
   -0.096000   -0.098880   -0.536736    0.532788
   -0.397000   -0.388366   -0.315617    0.074495
   -0.163000   -0.155289   -0.529854    0.146860
    1.495000    1.508158   -0.182440   -0.267782
   -0.560000   -0.536207   -0.551994   -0.212375
    1.507000    1.517279    0.127176    0.151413
   -1.486000   -1.473015    0.117942   -0.377467
   -0.668000   -0.635347   -0.497114   -0.346604
   -0.800000   -0.802288   -0.089378    0.060669
   -0.070000   -0.051375   -0.892876   -0.531834
   -0.449000   -0.468988    0.087280    0.540099
    0.887000    0.888637   -0.326208    0.540151
   -0.964000   -0.968041   -0.006093    0.529288
    0.020000    0.035120    0.009524    0.001912
   -0.572000   -0.547458    0.882910   -0.456775
    0.509000    0.505261   -0.884309    0.073231
    0.776000    0.807138   -0.324800   -0.265828
   -0.206000   -0.193790   -0.082494   -0.170397
   -0.312000   -0.269309    0.454507   -0.548613
   -1.559000   -1.537225    0.171460   -0.444882
   -0.025000   -0.017976    0.059646    0.066522
    1.111000    1.124789    0.045862    0.015570
   -0.061000   -0.045657   -0.019626    0.098012
   -0.338000   -0.319103   -0.112524   -0.349862
    0.413000    0.419103    0.080955   -0.093745
   -0.106000   -0.095657   -0.082056    0.003188
    1.659000    1.671196   -0.065903   -0.097880
    1.270000    1.269597    0.324238    0.673429
    0.305000    0.298580   -0.048298    0.898805
   -0.338000   -0.301594   -0.197224   -0.823716
   -0.949000   -0.909909    0.018989   -0.483775
    0.184000    0.211541    0.088872   -0.068184
   -0.221000   -0.198472    0.227433    0.104929
   -0.400000   -0.359682   -0.064764   -0.477464
   -0.525000   -0.508814   -0.470780    0.230660
   -0.897000   -0.902404   -0.410475    0.349919
   -0.267000   -0.277535    0.375133    0.428079
    0.509000    0.511916    0.157669    0.239263
    0.077000    0.072754    0.034858    0.206899
    1.259000    1.300916    0.499647   -0.599412
    0.065000    0.053707    0.805737    0.367972
    0.507000    0.516991   -0.486391   -0.160059
    0.170000    0.194421    0.110877   -0.544824
    0.028000    0.045648   -0.419353    0.106655
    0.368000    0.378692    0.234374   -0.258106
   -0.007000   -0.006863    0.259057    0.174694
    0.039000    0.054230    0.273318   -0.022999
   -0.205000   -0.180274    0.019033   -0.098074
   -1.471000   -1.449421   -0.208126   -0.607286
   -0.056000   -0.048375   -0.483988    0.091556
   -0.262000   -0.239319    0.115351   -0.178738
   -1.259000   -1.254237    0.352523    0.308524
   -0.073000   -0.058747    0.044015   -0.050522
   -0.739000   -0.728057    0.969497    0.026766
   -1.733000   -1.724463    0.354039    0.075203
    0.760000    0.784092   -0.267654   -0.253692
    1.138000    1.166296    0.352504   -0.118973
    0.283000    0.285852    0.073041    0.391076
    1.417000    1.421841    0.185397    0.159778
    0.253000    0.254706   -0.267679    0.094161
   -0.086000   -0.065916   -0.028593   -0.143639
   -1.171000   -1.158335    0.234923   -0.141039
    0.062000    0.066004    0.047532   -0.046073
   -0.187000   -0.173553    0.033727   -0.188456
    0.166000    0.189985    0.076067    0.063579
   -0.188000   -0.179930    0.105747   -0.057154
   -0.251000   -0.246698    0.010051    0.131878
    0.669000    0.704522   -0.767198   -0.427322
   -0.008000    0.010061   -0.157795   -0.122681
    0.035000    0.031572    0.543344    0.384001
    0.470000    0.493089    0.019930   -0.514309
    0.613000    0.624046    0.061737    0.047112
   -1.231000   -1.232849    0.051098    0.071859
   -0.301000   -0.283374   -0.051029   -0.106996
    0.007000    0.022207   -0.014108    0.002807
   -0.047000   -0.030045   -0.259910    0.025744
    0.570000    0.590009   -0.155895   -0.423397
   -0.014000   -0.005303    0.011807    0.006358
   -0.298000   -0.314529   -0.081508    0.433728
   -0.583000   -0.579537   -0.348320    0.383280
   -0.599000   -0.592440    0.014719    0.070349
    0.478000    0.485851    0.528269    0.195021
    0.544000    0.562167    0.151623    0.023821
    1.126000    1.123230    0.615241    0.270409
   -0.333000   -0.319936   -0.712488   -0.256076
   -0.928000   -0.888196    0.615205   -0.618817
    0.646000    0.653125    0.283227   -0.112842
   -0.244000   -0.209942   -0.095275   -0.299431
   -1.099000   -1.112704   -0.225599    0.323598
   -0.919000   -0.913585   -0.333186    0.168096
    1.154000    1.152123    0.546964    0.242029
    0.352000    0.394867    0.222745   -0.716828
   -0.145000   -0.124015    0.662946    0.117639
   -0.135000   -0.124919    0.190498    0.319160
   -1.112000   -1.089739    0.751782   -0.219111
    0.066000    0.088915    0.157410   -0.047804
   -0.454000   -0.428365   -0.910039   -0.463213
   -0.421000   -0.438268   -0.209144    0.470493
   -0.751000   -0.697452    0.377599   -0.830932
   -0.289000   -0.287240    0.214779    0.048839
   -0.516000   -0.504131    0.546584   -0.209555
   -0.357000   -0.337460    0.015268   -0.185865
    1.250000    1.277047    0.068973   -0.522192
   -0.004000    0.021466    0.010530   -0.010956
   -0.256000   -0.220076   -0.711907   -0.627546
    1.164000    1.175024    0.055362    0.255764
    0.078000    0.096342   -0.002053   -0.010410
   -0.944000   -0.932080    0.121387    0.110652
    0.009000    0.021235    0.025207   -0.005522
    0.141000    0.157934   -0.220087   -0.118925
   -0.357000   -0.332094    0.355082   -0.143775
    0.323000    0.331171    0.155334    0.015944
   -0.994000   -0.982057   -0.110058   -0.402543
    0.217000    0.248065   -0.347031   -0.316580
   -0.325000   -0.293118    0.128904   -0.367807
   -0.717000   -0.713389   -0.518989    0.205143
   -0.019000   -0.011497   -0.016392   -0.017485
    0.737000    0.744677    0.028098    0.242112
   -0.156000   -0.159154   -0.192324    0.041426
    0.087000    0.079920    0.316508    0.432858
    0.540000    0.553184    0.911039    0.135860
   -0.310000   -0.302323   -0.235708    0.510294
   -0.715000   -0.695636   -0.672216   -0.227699
    0.058000    0.051460    0.028133    0.688112
   -1.474000   -1.468129    0.415042    0.444161
   -0.061000   -0.053275    0.000196   -0.006831
    0.002000    0.009911    0.022402   -0.011677
   -0.167000   -0.155113    0.163100   -0.036181
    0.237000    0.243102   -0.096681   -0.049655
    0.863000    0.887093    0.204333   -0.118737
    0.224000    0.220645    0.045987    0.341577
    0.859000    0.846983   -0.766810    0.497675
   -0.862000   -0.845874    0.373879   -0.110371
   -1.272000   -1.272801   -0.345244    0.173258
   -0.703000   -0.684558   -0.197952    0.065591
    0.650000    0.683979    0.206679   -0.710654
    0.191000    0.185016   -0.568108    0.707437
    0.435000    0.471150    0.825122   -0.566954
    0.004000    0.029806   -0.010157   -0.017848
    1.409000    1.430150   -0.414897   -0.321001
   -0.033000   -0.019671   -0.781153   -0.035577
   -0.107000   -0.126323   -0.046784    0.602081
   -0.118000   -0.109668    0.062425   -0.018676
   -0.102000   -0.068364    0.223888   -0.590160
   -0.066000   -0.044194    0.006835   -0.011128
    0.028000    0.029673    0.039941    0.061595
   -0.321000   -0.314664    0.281394   -0.098397
    1.192000    1.195136   -0.518315    0.335754
   -0.135000   -0.120508   -0.115458    0.004020
   -0.027000   -0.029238    0.739526    0.401769
   -0.887000   -0.865371   -0.039326    0.015178
   -0.417000   -0.398034    0.124606   -0.079080
   -0.307000   -0.305420   -0.158947    0.073881
   -0.096000   -0.076815   -0.119838    0.162174
    0.155000    0.174696   -0.318670   -0.475255
   -0.443000   -0.434501    0.794788   -0.029176
   -0.156000   -0.137453   -0.219717   -0.183084
    0.110000    0.101999   -0.380439    0.200673
   -0.079000   -0.070335   -0.025774   -0.000162
    0.134000    0.141003   -0.242534   -0.034169
    0.544000    0.572654    0.360468   -0.672908
   -0.471000   -0.457397    0.985422    0.168797
   -0.132000   -0.123354    0.015685    0.075891
   -0.974000   -0.983479   -0.025059    0.289822
    0.378000    0.390439   -0.163288   -0.068127
    1.067000    1.071654   -0.292680    0.157937
    0.007000    0.010818   -0.001717   -0.014215
    0.153000    0.150917   -0.364193    0.189050
    0.004000   -0.002831   -0.133286    0.288877
    0.406000    0.406199    0.995090    0.284641
   -0.669000   -0.677868    0.316061    0.250227
    0.012000    0.025402   -0.015462    0.004208
   -0.039000   -0.018854   -0.026804   -0.008628
    0.497000    0.484738    0.141267    0.733115
    0.683000    0.705957    0.347510   -0.063390
    0.366000    0.391350    0.003141   -0.037118
   -0.066000   -0.060683   -0.094100    0.021014
    0.925000    0.937316   -0.591166   -0.025559
   -0.982000   -0.971326    0.878677   -0.009519
    0.013000    0.036810   -0.155057   -0.015392
   -0.479000   -0.488461   -0.057568    0.271680
   -0.245000   -0.272700    0.085354    0.764545
   -0.415000   -0.416904   -0.053533    0.135914
   -0.336000   -0.332972    0.938859    0.036316
   -0.519000   -0.505720   -0.086766   -0.127758
    0.343000    0.353849   -0.150250   -0.216976
   -0.520000   -0.514327   -0.813942    0.257785
   -0.990000   -0.979553   -0.508423    0.335527
   -0.088000   -0.064723   -0.165864   -0.034867
   -1.609000   -1.581115    0.593313   -0.193265
    0.193000    0.189526    0.262220    0.773711
   -0.018000   -0.041506    0.431093    0.807773
   -0.052000   -0.032133    0.005206   -0.074491
   -0.389000   -0.387011   -0.429793    0.438720
   -1.060000   -1.066132   -0.509446    0.298540
   -0.299000   -0.298196    0.193144    0.160736
   -0.705000   -0.689079    0.754136   -0.052569
   -0.095000   -0.082797    0.983147   -0.313032
    0.606000    0.608994   -0.037141    0.184362
   -0.193000   -0.189309   -0.165495   -0.069497
   -0.076000   -0.044153    0.347923   -0.636151
    1.588000    1.607845    0.397340   -0.049618
    0.311000    0.331833    0.099182   -0.019148
    0.384000    0.415671   -0.149608   -0.284546
    0.119000    0.130242   -0.099004    0.060592
    0.425000    0.453250    0.101943   -0.120644
   -0.425000   -0.389524    0.013533   -0.302276
    0.598000    0.621551   -0.240735   -0.090384
    0.723000    0.732919    0.597941    0.484960
   -0.403000   -0.395918   -0.275889    0.214390
   -0.105000   -0.080976   -0.014156   -0.256704
   -0.124000   -0.104150   -0.013493    0.057429
    0.155000    0.152122   -0.479754    0.060297
    1.061000    1.071806   -0.225314    0.048490
   -0.039000   -0.035395    0.051092   -0.018404
    0.272000    0.270768    0.615216    0.463382
    0.992000    0.975341    0.318987    0.646955
   -0.131000   -0.135441   -0.040813    0.843583
    0.002000    0.013067    0.943310   -0.036828
    1.133000    1.132216   -0.255335    0.392926
   -0.666000   -0.652892   -0.402674    0.193876
   -0.114000   -0.094377    0.060989   -0.011389
   -0.137000   -0.132596   -0.032098   -0.107743
    0.635000    0.632174   -0.603171    0.149783
    0.961000    0.968298   -0.227839    0.023675
   -0.391000   -0.389174   -0.618167    0.397921
    0.160000    0.174059    0.136643   -0.041464
   -0.732000   -0.725630    0.037118    0.027376
    0.181000    0.192305   -0.077668    0.240977
    0.364000    0.361871    0.009902    0.256593
   -0.017000   -0.017502    0.001225    0.006817
    0.278000    0.283232    0.113014    0.184350
    0.882000    0.904244    0.135557   -0.130811
    1.318000    1.322603    0.101591    0.511491
    0.814000    0.826236   -0.322333   -0.080651
    0.043000    0.039641    0.010304    0.786379
   -0.939000   -0.929320    0.187975    0.039488
    0.825000    0.843667    0.326195    0.033160
   -0.261000   -0.257928   -0.703173    0.579739
    0.002000    0.025898    0.026744   -0.016100
    1.308000    1.311105    0.526263    0.199248
    0.342000    0.359978   -0.541357   -0.057826
    0.276000    0.296143    0.098151    0.139102
    0.047000    0.050815    0.449095    0.323961
    0.679000    0.731644    0.121835   -0.805012
    0.201000    0.209580    0.286785   -0.197978
    0.273000    0.291153   -0.453618   -0.145181
    0.659000    0.677795    0.879028   -0.205046
   -0.345000   -0.355599    0.161508    0.369631
   -0.460000   -0.447553   -0.268845    0.239732
    0.191000    0.212405   -0.031363   -0.169973
    0.540000    0.550830    0.101113    0.348594
    0.622000    0.642685   -0.415675   -0.417689
    0.346000    0.372104    0.240782   -0.148341
    0.732000    0.743400   -0.902572    0.079307
   -0.043000   -0.034975    0.507100   -0.089045
    0.019000    0.033481   -0.148338   -0.138399
    0.215000    0.238465   -0.078890   -0.056866
    1.741000    1.767081   -0.261286   -0.295568
   -1.186000   -1.175689    0.164949    0.137226
   -0.122000   -0.109560    0.206125    0.224969
    0.647000    0.636915    0.176384    0.345668
   -0.010000    0.011496   -0.008264   -0.016379
   -0.023000    0.000585    0.021012    0.002539
    1.041000    1.063244   -0.220919   -0.351877
    0.063000    0.107162    0.154181   -0.721631
    0.699000    0.742553    0.002100   -0.857114
    0.594000    0.598145   -0.304540    0.156237
   -0.586000   -0.561849   -0.128126   -0.108971
    1.048000    1.068723    0.260440   -0.050381
    0.069000    0.085387    0.461093   -0.048916
   -0.311000   -0.301569    0.482395    0.177449
   -0.811000   -0.773665   -0.149794   -0.381503
   -0.821000   -0.777611   -0.466622   -0.790200
    0.068000    0.079366    0.018913    0.002170
    0.530000    0.557459   -0.689854   -0.598317
    0.002000    0.011026    0.183169    0.468957
   -0.808000   -0.824822   -0.188288    0.814758
   -1.125000   -1.136148    0.570078    0.410142
    0.034000    0.071903    0.714071   -0.450504
   -0.800000   -0.808252    0.068371    0.198936
    0.319000    0.290579   -0.549085    0.814206
   -0.811000   -0.785241   -0.102363   -0.556303
    0.267000    0.291416    0.189769    0.034241
    0.632000    0.656958    0.398600    0.073500
    0.005000    0.023587   -0.010769   -0.014250
    1.048000    1.067263    0.136811   -0.122302
   -1.012000   -0.994804    0.078767   -0.290166
    0.540000    0.529609   -0.182783    0.912277
   -1.052000   -1.018057    0.291894   -0.380246
   -0.210000   -0.183922    0.005775   -0.454598
    0.420000    0.437507    0.086778    0.254778
    0.010000    0.010982    0.008406    0.112302
   -0.849000   -0.841809    0.274142    0.449428
   -0.636000   -0.612675    0.199709    0.071856
   -0.598000   -0.580615   -0.566237    0.010825
    1.466000    1.482292   -0.209364   -0.425463
   -0.178000   -0.186917    0.125790    0.434443
    1.301000    1.337694    0.064504   -0.497055
   -0.139000   -0.106781    0.093353   -0.418082
    0.908000    0.925780   -0.028515   -0.379977
    0.268000    0.288680   -0.022517   -0.030514
   -1.148000   -1.150506    0.301135    0.272854
    0.720000    0.708122   -0.131282    0.439180
   -0.875000   -0.846489   -0.072142   -0.121743
   -0.004000    0.008452   -0.023766   -0.003713
   -0.639000   -0.619281    0.123588   -0.276574
   -0.227000   -0.218605    0.013393   -0.024658
    0.212000    0.228118    0.870709   -0.426202
    0.308000    0.308899   -0.074538    0.170118
   -0.034000   -0.028983   -0.034062   -0.026814
   -0.006000   -0.003890   -0.068715    0.004547
   -1.813000   -1.798194    0.245557    0.202777
    0.486000    0.484592   -0.553916    0.082058
   -1.148000   -1.137482    0.508479   -0.169056
    0.001000    0.024546   -0.017650    0.029037
   -0.042000   -0.028855   -0.482092   -0.103947
   -0.010000    0.015712    0.028688   -0.006695
   -0.437000   -0.392636    0.120330   -0.883128
    1.759000    1.770311    0.341802   -0.266842
   -0.094000   -0.083495    0.844054    0.003939
   -1.300000   -1.288588    0.051357    0.210683
   -0.568000   -0.544194    0.297600    0.024564
   -0.680000   -0.681628    0.391437    0.240992
   -0.232000   -0.216436   -0.212261    0.098551
   -0.762000   -0.775239    0.666305    0.566750
    0.586000    0.572881   -0.218990    0.665743
   -0.612000   -0.601640   -0.259078   -0.100536
   -0.314000   -0.306855    0.094977   -0.064371
    0.097000    0.096272    0.078742    0.634106
   -0.066000   -0.053757    0.032379   -0.048878
    0.960000    0.944400   -0.561438    0.409742
   -0.845000   -0.858944    0.310011    0.435364
   -0.086000   -0.067809   -0.041231   -0.080135
   -0.135000   -0.168123    0.116217    0.934992
    1.173000    1.181167    0.418310    0.028544
    0.761000    0.760215    0.761679    0.240392
    1.470000    1.468860   -0.545242   -0.003350
   -0.688000   -0.682078   -0.220799    0.277768
    0.314000    0.339509   -0.300046   -0.391208
   -1.239000   -1.239012   -0.222452    0.653325
   -0.932000   -0.919503    0.807754   -0.129894
    0.816000    0.823116   -0.551211   -0.165569
   -0.750000   -0.737393   -0.213166    0.010031
   -0.066000   -0.052885   -0.206910   -0.241507
    0.235000    0.277526   -0.622098   -0.567601
    0.195000    0.192015    0.245023    0.078054
    1.401000    1.438854    0.198541   -0.626789
    0.187000    0.197105   -0.078601    0.346945
    0.311000    0.345637   -0.068527   -0.348444
   -0.288000   -0.281992   -0.376859    0.548096
    0.272000    0.263581    0.376548    0.397559
   -0.977000   -0.983589    0.574351    0.393303
   -0.890000   -0.896215   -0.192494    0.572248
   -1.627000   -1.592664   -0.208905   -0.269146
   -0.100000   -0.104403    0.682659    0.230488
    0.241000    0.254239    0.111240   -0.103969
    0.377000    0.394101   -0.238983    0.100971
   -1.163000   -1.150277   -0.393400    0.045002
   -0.030000   -0.012139   -0.050631    0.032277
   -1.325000   -1.323883    0.122545    0.207925
    0.477000    0.493114    0.208836   -0.250331
   -1.126000   -1.117611    0.097870    0.075563
   -0.911000   -0.909822    0.552086    0.095685
    1.140000    1.177707    0.344541   -0.436893
    0.606000    0.620897    0.324257    0.087455
   -0.056000   -0.040249   -0.136999   -0.084926
   -0.083000   -0.088356   -0.019392    0.229913
   -0.292000   -0.277360    0.061546   -0.227523
    0.037000    0.060303   -0.008001   -0.020352
   -1.313000   -1.316664   -0.379214    0.524667
    0.856000    0.832091   -0.152136    0.886699
    0.436000    0.437618    0.017379    0.017485
   -0.010000   -0.008365    0.050626   -0.036241
    0.459000    0.489104   -0.064428   -0.408263
    1.012000    1.057550    0.080142   -0.719035
    0.013000    0.037258    0.000548   -0.010929
   -0.430000   -0.408022   -0.409533   -0.403466
   -0.439000   -0.464372   -0.410779    0.637857
    0.017000    0.030794    0.016499   -0.037173
    0.013000    0.030461   -0.093045    0.029766
   -1.424000   -1.414921   -0.710305   -0.143965
    0.782000    0.802827   -0.029124    0.115549
    0.748000    0.761104   -0.087912    0.154603
   -0.061000   -0.049988   -0.005445    0.022348
   -0.803000   -0.773056    0.128280   -0.307560
    0.191000    0.216714   -0.557548   -0.251512
   -0.109000   -0.099694    0.056461   -0.093609
   -0.083000   -0.073037    0.019940   -0.037630
    0.161000    0.162376    0.055247    0.032882
    0.194000    0.171659    0.147844    0.864551
   -1.329000   -1.312445   -0.677529   -0.403161
    0.190000    0.196239    0.227882   -0.060973
    1.080000    1.094261    0.392680    0.121320
    0.685000    0.705672    0.230178   -0.050500
   -0.468000   -0.427051   -0.004977   -0.490911
   -0.212000   -0.197114    0.080361   -0.131754
    0.633000    0.673750   -0.455283   -0.524704
    0.254000    0.256557    0.017390    0.212018
   -0.520000   -0.508665   -0.034093   -0.337886
   -0.502000   -0.499621   -0.117585    0.094876
    0.035000    0.041797   -0.001196    0.095562
    0.216000    0.230402   -0.095349   -0.055816
    0.146000    0.151132   -0.136399   -0.017500
   -0.598000   -0.615268    0.177874    0.512228
   -0.315000   -0.272293    0.089154   -0.573701
   -0.506000   -0.492954    0.491182   -0.117955
   -0.010000    0.005800   -0.004358   -0.018889
   -0.054000   -0.050790    0.179708    0.014671
    0.644000    0.659278    0.109699   -0.158973
   -0.453000   -0.434650    0.088955   -0.102856
   -0.057000   -0.054286   -0.037841    0.004403
   -1.914000   -1.891585    0.256065   -0.213104
    0.567000    0.602263    0.477715   -0.425018
   -0.596000   -0.608541    0.015286    0.361116
   -0.134000   -0.103673   -0.124542   -0.528722
   -1.181000   -1.184872    0.402607    0.659281
   -0.024000   -0.017748    0.042073    0.066150
    1.084000    1.095507    0.138668    0.043561
   -1.345000   -1.354576    0.285274    0.463826
   -0.449000   -0.443646   -1.034201    0.012854
   -0.529000   -0.523308    0.197400   -0.011416
   -0.561000   -0.534060    0.586362   -0.074978
    0.006000    0.013581    0.120917    0.075909
   -0.337000   -0.326251    0.565965    0.101760
   -0.539000   -0.527498   -0.520809    0.182070
    0.614000    0.630545   -0.035868   -0.278433
   -0.391000   -0.385751    0.174867    0.314229
   -0.977000   -0.972415   -0.291024   -0.168208
   -0.968000   -0.942129    0.295325   -0.224522
   -0.762000   -0.733172    0.849421   -0.295441
   -0.500000   -0.531802    0.132839    0.894519
    0.346000    0.372818   -0.120759   -0.039653
   -0.646000   -0.623672   -0.272377   -0.240934
   -0.545000   -0.544874   -0.028110    0.157506
   -0.389000   -0.387827   -0.277360   -0.022562
    1.511000    1.533666   -0.472014   -0.239619
   -0.399000   -0.375856    0.107337   -0.064251
   -0.305000   -0.297429    0.101954    0.111525
    0.021000    0.031055   -0.098429    0.208860
    0.014000    0.020742    0.083090    0.015148
    0.473000    0.490064    0.433396   -0.043408
    0.507000    0.522961   -0.244331    0.238857
   -0.193000   -0.178216    1.031281    0.136105
   -0.707000   -0.694024    0.321110   -0.317124
    0.007000    0.006899   -0.026680    0.012006
    0.062000    0.065627    0.172420   -0.026583
   -0.212000   -0.238471   -0.136644    0.895988
   -0.338000   -0.346502   -0.326415    0.225617
    1.183000    1.183725   -0.431897    0.364644
   -0.989000   -0.996745    0.155409    0.431007
    0.104000    0.124049   -0.018695    0.002410
    0.227000    0.222260   -1.041687    0.296013
   -0.467000   -0.458960   -0.073894    0.058644
   -0.102000   -0.066720   -0.100608   -0.295688
    1.020000    1.030534   -0.209797    0.034821
    0.017000    0.042895    0.014262   -0.015527
    0.028000    0.060784   -0.526841   -0.367396
    0.063000    0.086370    0.867862   -0.207005
   -0.757000   -0.733375    0.892558   -0.156160
   -1.444000   -1.405925    0.512224   -0.445650
   -1.314000   -1.275979   -0.467421   -0.609536
   -0.963000   -0.973815   -0.171049    0.259448
   -0.073000   -0.066063   -0.207093    0.024726
   -1.369000   -1.354161    0.776664    0.071803
   -0.020000   -0.019238    0.001833   -0.012199
   -0.313000   -0.290491    0.378880   -0.489150
    0.631000    0.628115    0.398210    0.278158
    1.165000    1.178222   -0.368656    0.003480
    0.073000    0.076441   -0.021012    0.173749
   -0.473000   -0.480053   -0.059510    0.156369
    0.262000    0.273367   -0.057245    0.049389
    0.371000    0.374543    0.304421    0.024011
    0.628000    0.642785   -0.031441    0.011395
    0.367000    0.387905    0.086465    0.040587
    0.161000    0.175572    0.062206   -0.037620
   -0.207000   -0.212894   -0.046543    0.215696
    0.132000    0.149603    0.048903   -0.099778
    0.868000    0.867248   -0.302372    0.344930
    1.579000    1.611885   -0.154211   -0.239326
   -0.231000   -0.213998   -0.109158    0.121977
    0.459000    0.444582   -0.720010    0.666107
    0.934000    0.967835   -0.227542   -0.589065
   -0.272000   -0.246941   -0.211294   -0.107981
   -0.335000   -0.309774    0.086148   -0.358294
   -0.037000   -0.028733    0.147870    0.010693
    0.067000    0.062642   -0.040905    0.113161
    1.263000    1.288128    0.642830   -0.044082
    0.750000    0.800241    0.419524   -0.798648
    0.078000    0.083027    0.047644   -0.035528
    0.081000    0.107103    0.343753   -0.091936
   -0.171000   -0.149966    0.121165   -0.140589
    0.410000    0.412466   -0.265282    0.485649
   -0.292000   -0.283024    0.090763    0.288489
   -0.963000   -0.985193   -0.551525    0.623048
   -0.817000   -0.816842   -0.792961    0.204822
    0.112000    0.132063    0.090244   -0.076924
   -0.030000   -0.013680    0.462054   -0.012655
   -0.292000   -0.274765    0.293827    0.013261
    1.208000    1.204488   -0.178339    0.219674
   -0.458000   -0.439805    0.091654   -0.053499
   -0.180000   -0.192675   -0.278270    0.351840
   -0.111000   -0.066217   -0.078083   -0.592812
    0.022000    0.026683    0.027022   -0.001912
    0.840000    0.842572   -0.120179    0.647338
   -0.942000   -0.946216   -0.052119    0.453569
   -0.542000   -0.535114    0.030210    0.120934
    0.347000    0.365958   -0.650686   -0.340684
   -1.123000   -1.089504    0.422450   -0.328110
    0.296000    0.289388    0.023210    0.199163
    0.808000    0.830725   -0.461609    0.062935
    0.062000    0.100764   -0.038762   -0.385879
    0.678000    0.704514    0.366127   -0.260598
   -0.676000   -0.673928   -0.092417    0.049118
   -0.350000   -0.348200    0.166785    0.106507
    0.667000    0.696001    0.388922   -0.261984
    0.524000    0.533993    0.193015    0.209509
   -0.123000   -0.127134   -0.264833    0.246741
    1.803000    1.828391    0.270361    0.054291
    0.155000    0.175270   -0.072501    0.005637
    0.468000    0.486526   -0.752803   -0.568773
   -0.015000    0.002746    0.012103    0.037553
   -0.807000   -0.814045    0.721765    0.324015
    1.422000    1.450976    0.532659   -0.164330
   -0.311000   -0.313841   -0.130642    0.789524
   -0.004000   -0.006162   -0.054871    0.080238
   -0.928000   -0.915522    0.283620    0.362540
   -0.029000   -0.001402    0.136817   -0.242994
    0.102000    0.125546   -0.097510   -0.010082
    0.591000    0.591640   -0.227600   -0.000887
    0.764000    0.754660   -0.208603    0.670992
   -1.477000   -1.434067    0.227766   -0.627190
    0.093000    0.097631    0.129947    0.034292
    0.436000    0.442999    0.102719   -0.061522
   -0.146000   -0.138884    0.084704    0.045230
   -0.750000   -0.763591   -0.462503    0.336425
   -1.054000   -1.057067    0.578807    0.092521
   -0.195000   -0.194979    0.220020    0.209757
    0.468000    0.468675    0.090755    0.566686
    1.350000    1.362431    0.039538   -0.160612
   -0.091000   -0.060163   -0.045757   -0.516816
   -0.905000   -0.918525   -0.213188    0.783075
    1.449000    1.436971    0.214706    0.439937
   -0.784000   -0.786849   -0.173153    0.499990
   -0.071000   -0.062175    0.120428   -0.092358
    0.542000    0.534948    0.307587    0.523032
   -0.603000   -0.593206    0.278881    0.211809
    0.102000    0.102215    0.102839    0.145437
   -1.585000   -1.590917   -0.260519    0.142532
   -1.589000   -1.554823   -0.015931   -0.428814
    0.064000    0.075270    0.799359   -0.225063
   -0.002000   -0.025167   -0.313358    0.850514
    0.095000    0.117496   -0.075205    0.054839
   -0.209000   -0.179465   -0.274053   -0.767434
   -0.750000   -0.731762    0.578543    0.215637
   -0.246000   -0.249442    0.134306    0.080467
   -0.245000   -0.230631   -0.127039   -0.091577
    0.414000    0.427748   -0.288594    0.008388
    0.197000    0.203644    0.014207    0.131135
   -1.708000   -1.706402    0.148799    0.117630
    0.010000    0.024495    0.008657    0.006745
   -0.126000   -0.081047   -0.299892   -0.806271
    1.859000    1.867483    0.130422   -0.060926
    0.033000    0.043168   -0.019045   -0.044068
   -0.001000    0.022207   -0.014108    0.002807
   -1.465000   -1.442207   -0.065870   -0.312695
   -0.588000   -0.588278   -0.018744    0.043500
    0.444000    0.474181   -0.084196   -0.652535
   -0.758000   -0.754283    0.288741    0.066806
   -0.110000   -0.097564   -0.006928    0.076600
    0.587000    0.621340    0.369453   -0.237598
    0.778000    0.769210    0.306804    0.848329
   -0.011000    0.003157    0.218124   -0.038403
    0.502000    0.525245   -0.060125    0.004010
   -0.178000   -0.172399    0.386398   -0.151460
    0.276000    0.277326   -0.006895    0.014775
   -0.206000   -0.204689   -0.063051   -0.090321
   -0.052000   -0.057303   -0.109079    0.098790
    0.715000    0.727002   -0.238384   -0.337942
   -0.336000   -0.334894   -0.161764    0.049137
    1.022000    1.020624   -0.034769    0.348746
    0.145000    0.163565    0.343816   -0.164977
   -0.245000   -0.248356   -0.006423    0.159005
   -0.820000   -0.796288   -0.738970   -0.369678
    0.038000    0.052056   -0.028884   -0.028156
   -0.711000   -0.692739    0.231516   -0.191744
    0.258000    0.268705    0.574660    0.088277
    0.358000    0.377949    0.561192   -0.481699
    0.299000    0.299855   -0.304373    0.709020
    0.094000    0.104923    0.350440   -0.159044
    0.927000    0.951620   -0.212435   -0.044776
   -0.137000   -0.108847    0.059698   -0.098876
   -0.019000   -0.026818   -0.159181    0.263576
   -0.035000   -0.029013    0.035832    0.197919
   -0.082000   -0.057665    0.067597   -0.040191
   -0.004000    0.011718   -0.010213   -0.088032
   -0.606000   -0.610165   -0.201973    0.472529
    0.026000    0.030382    0.060196    0.024579
    0.194000    0.203249    0.133506    0.132410
   -0.049000   -0.041136   -0.146257   -0.099707
    0.051000    0.073393   -0.216935   -0.064410
    0.070000    0.072178   -0.247434    0.036690
    0.070000    0.072296    0.145756    0.470109
   -0.518000   -0.501132   -0.711168   -0.531245
   -0.152000   -0.163535   -0.556285    0.344335
    1.829000    1.858190    0.194827   -0.221667
    0.169000    0.178570    0.216604    0.065541
    0.048000    0.072352    0.068034   -0.032166
    0.636000    0.640865   -0.411034   -0.084869
   -0.162000   -0.151252    0.413067   -0.105366
    0.310000    0.343130   -0.217557   -0.347567
    0.555000    0.539551   -0.321379    0.530678
   -1.185000   -1.169280   -0.508635   -0.253697
    1.688000    1.708820   -0.417801   -0.158322
    0.067000    0.078421   -0.076156   -0.181841
    0.663000    0.671839   -0.339531   -0.247060
   -0.568000   -0.556898   -0.948246    0.062961
    0.652000    0.637857    0.192779    0.447914
   -1.045000   -1.033386    0.339855   -0.093976
   -0.066000   -0.062369   -0.325500    0.053205
   -0.201000   -0.171287    0.296042   -0.204935
    0.391000    0.395181   -0.219484   -0.061155
   -0.027000   -0.016408   -0.013891    0.001133
   -0.945000   -0.903253    0.815113   -0.501878
    0.598000    0.602749   -0.612563    0.072868
    0.442000    0.464396   -0.486651   -0.308820
    0.074000    0.075271   -0.097296   -0.008010
   -0.038000   -0.007580    0.159909   -0.240850
    0.024000    0.037189   -0.716793   -0.419383
   -0.439000   -0.391952   -0.144825   -0.827570
    0.722000    0.718950    0.694429    0.547272
   -0.010000    0.006482   -0.009692   -0.019175
    0.370000    0.397119   -0.323829   -0.506345
   -0.040000   -0.019159    0.081945    0.039367
   -0.122000   -0.090430    0.006925   -0.413978
   -0.075000   -0.071474   -0.080804   -0.011495
    0.633000    0.652550    0.015119   -0.152235
    0.130000    0.145085   -0.199030    0.031426
    0.637000    0.637441    0.134014    0.154269
   -0.299000   -0.284138    0.238133    0.309975
   -0.578000   -0.542574    0.318074   -0.277091
    0.170000    0.178294    0.093802   -0.243208
    0.099000    0.119125   -0.538746   -0.261355
    0.201000    0.205387    0.218854   -0.045584
    0.108000    0.102740   -0.649745    0.207819
   -0.624000   -0.608944    0.459149   -0.122117
    0.763000    0.773107   -0.599229   -0.333553
   -0.251000   -0.233993    0.007584   -0.390757
    0.527000    0.522671    0.032634    0.243800
    0.334000    0.332558   -0.084067    0.180485
   -1.020000   -0.998657   -0.156275   -0.079467
    0.716000    0.713919   -0.107662    0.190303
   -0.115000   -0.096740   -0.037806    0.105564
    0.575000    0.582450    0.061282    0.499301
    1.041000    1.085283    0.634942   -0.577243
    0.022000    0.042870    0.018060   -0.261719
   -0.606000   -0.594608    0.366929   -0.154720
    0.048000    0.062424    0.281515    0.102619
    0.060000    0.077840    0.033642    0.007040
   -0.032000   -0.034779    0.781462    0.221456
   -0.291000   -0.304849    0.249352    0.677965
    0.029000    0.039207    0.037900   -0.045671
   -0.104000   -0.091822    0.003980    0.121176
   -0.625000   -0.586697    0.418100   -0.783793
   -0.741000   -0.751074   -0.123502    0.340711
    1.078000    1.098295   -0.550070   -0.093838
    0.988000    0.983819    0.418329    0.306652
    1.828000    1.826609    0.146654    0.396463
    0.334000    0.352660    0.082749    0.057411
    0.571000    0.572872   -0.804270   -0.101445
    0.629000    0.637005   -0.260912   -0.033754
   -0.105000   -0.120786   -0.234727    0.403464
   -1.287000   -1.289193   -0.146359    0.211565
    0.019000    0.033865   -0.004003   -0.042580
    0.110000    0.130643   -0.946017   -0.155117
   -0.296000   -0.274523   -0.087225    0.110587
   -0.014000    0.015374    0.218428   -0.144524
    0.156000    0.139807    0.666190    0.641458
   -0.134000   -0.115430    0.665682   -0.368431
    0.490000    0.508940   -0.793638   -0.515857
    0.434000    0.430627    0.001108    0.273332
    0.113000    0.115300    0.061582    0.019291
    1.311000    1.331685    0.044787   -0.163948
   -0.135000   -0.105598   -0.185424   -0.173325
   -0.539000   -0.524728    0.377741   -0.028760
    0.255000    0.282789   -0.981746   -0.346785
   -0.175000   -0.169190   -0.120169    0.287601
   -0.961000   -0.957116    0.522118    0.304551
    0.591000    0.620510    0.090458   -0.410465
    0.199000    0.205850   -0.030857   -0.149533
   -0.164000   -0.142887   -0.647295   -0.406981
    0.632000    0.675941   -0.242505   -0.698154
   -0.652000   -0.648233    0.899444   -0.074524
    0.384000    0.409333   -0.646675   -0.154414
   -0.620000   -0.616207   -0.535712    0.441422
   -0.237000   -0.227882   -0.654009    0.002482
   -0.349000   -0.347479   -0.409320    0.111991
   -0.188000   -0.158961   -0.086573   -0.123118
    0.009000    0.005483   -0.824790    0.338987
    0.445000    0.449828    0.055411    0.120657
   -0.198000   -0.183009    0.120432    0.134013
    0.916000    0.907065   -0.092182    0.281655
   -1.212000   -1.212215    0.307561    0.551933
    1.226000    1.252157   -0.019154   -0.581321
    0.323000    0.348372   -0.833725   -0.132642
   -0.984000   -0.972035   -0.740694   -0.073984
   -0.264000   -0.262763    0.278772    0.057014
   -0.159000   -0.151246   -0.318512   -0.121461
    0.090000    0.100758    0.434655   -0.145242
    1.455000    1.480501   -0.529412   -0.106713
   -0.490000   -0.481563    0.291853    0.046798
   -0.541000   -0.533146   -0.161389   -0.119491
    0.108000    0.123699   -0.073918    0.014085
   -1.749000   -1.747420   -0.378100   -0.086845
   -0.499000   -0.479524   -0.544772   -0.029794
   -0.294000   -0.268713    0.004024    0.002754
    0.370000    0.369734    0.059920    0.076367
   -0.624000   -0.621186   -0.228337    0.101588
    0.077000    0.088299    0.266350    0.433802
   -0.037000   -0.036232    0.199786    0.217232
   -1.504000   -1.497609   -0.588104    0.279192
    0.038000    0.034048    0.311900    0.630154
   -0.679000   -0.654156   -0.525144   -0.557866
   -1.455000   -1.465311   -0.392683    0.263775
   -0.727000   -0.732577   -0.082476    0.392448
   -0.507000   -0.499729    0.013932   -0.071918
    0.461000    0.497203   -0.278092   -0.393383
    1.191000    1.181690   -0.135855    0.625507
    0.630000    0.647124    0.036967   -0.380792
    1.539000    1.563561    0.082819   -0.457610
   -0.157000   -0.142512    0.361385   -0.064591
   -0.350000   -0.349487   -0.005865    0.033212
    1.003000    1.014460    0.271780    0.245739
    0.233000    0.256861   -0.201053    0.020844
    0.395000    0.420914    0.171555   -0.433720
   -0.033000   -0.010786   -0.006238   -0.012860
   -0.434000   -0.402111    0.220184   -0.284419
    0.543000    0.602364    0.079680   -0.925028
    0.269000    0.281193    0.180535    0.007218
    0.574000    0.589068   -0.682874    0.264597
    0.736000    0.735780   -0.915007    0.086809
    0.936000    0.978548    0.191013   -0.674412
    0.044000    0.052410    0.139426   -0.086170
    0.880000    0.890988   -0.952273   -0.019788
   -0.187000   -0.184234    0.041068    0.212885
   -1.430000   -1.430053   -0.622523    0.228909
    0.003000    0.004089    0.002580   -0.008993
    0.534000    0.531529    0.544052    0.093230
    0.076000    0.076451   -0.171087    0.021494
   -0.042000   -0.020380    0.112300    0.085780
   -0.813000   -0.768520    0.369302   -0.558307
    0.128000    0.129194   -0.457848    0.086649
   -0.109000   -0.113135   -0.135082    0.139602
   -0.614000   -0.606670   -0.145585    0.166330
    0.540000    0.552497   -0.086328   -0.359113
    0.021000    0.064589    0.209188   -0.709149
   -0.155000   -0.120325   -0.302743   -0.373828
   -0.020000   -0.003634   -0.180493   -0.134095
    1.345000    1.339564   -0.415268    0.660740
    0.488000    0.507282   -0.198608   -0.018921
    0.044000    0.043755   -0.102630    0.044443
    0.066000    0.086623    0.028292   -0.033163
    0.980000    1.022581    0.309419   -0.434743
   -1.220000   -1.215927    0.386464    0.448886
   -0.573000   -0.579849   -0.174853    0.178248
   -1.237000   -1.224178    0.344445   -0.032768
    0.203000    0.215193   -0.254884    0.338760
    1.454000    1.476766   -0.639223    0.072696
   -0.426000   -0.399218   -0.703029   -0.425964
   -0.228000   -0.203065    0.167205   -0.248435
    0.271000    0.297607    0.438131   -0.395269
    0.980000    0.989890   -0.431495    0.398757
    0.134000    0.126748    0.494414    0.334519
   -0.858000   -0.850479   -0.520517    0.042967
   -0.134000   -0.109348    0.082235   -0.507233
    1.036000    1.054104    0.176133    0.218499
   -0.315000   -0.315494   -0.160254   -0.034358
   -0.396000   -0.367134   -0.527521   -0.455145
   -0.023000   -0.003994    0.011552    0.035258
   -0.915000   -0.898513   -0.218591   -0.168219
   -0.878000   -0.864806    0.029572   -0.139430
   -0.019000   -0.002095   -0.091994    0.051492
   -0.576000   -0.575654   -0.163248    0.419819
    0.264000    0.283107   -0.101900   -0.557254
    0.464000    0.470029    0.345237   -0.065802
   -0.027000   -0.008405   -0.224480   -0.013644
   -1.641000   -1.635810    0.212814    0.456204
   -0.158000   -0.178926    0.256271    0.772286
   -0.042000    0.005569   -0.159452   -0.841657
   -1.218000   -1.228918   -0.274446    0.272274
   -0.527000   -0.505853    0.136303    0.043934
    1.405000    1.434209    0.028628   -0.321329
   -0.577000   -0.583021    0.639716    0.317499
    0.056000    0.062050    0.246455   -0.192481
    1.405000    1.425892   -0.099279   -0.445295
   -0.724000   -0.705444    0.620384   -0.002452
   -0.896000   -0.889298   -0.670364    0.347245
   -1.336000   -1.293574    0.534139   -0.607916
   -1.339000   -1.312587   -0.520877   -0.370634
   -1.185000   -1.148286    0.130333   -0.422171
   -0.256000   -0.253123   -0.006838    0.127349
   -0.026000   -0.023666   -0.923318    0.443038
    0.357000    0.373662    0.343314   -0.154879
   -0.126000   -0.110135    0.052072   -0.054040
   -0.379000   -0.353568   -0.277672   -0.099584
   -0.006000   -0.001708   -0.005861    0.001783
    0.044000    0.054667   -0.092914   -0.114581
    0.124000    0.132346   -0.592103   -0.238133
    0.123000    0.135301    0.018296   -0.087462
   -0.082000   -0.058284    0.007926   -0.033629
    0.385000    0.371768   -0.174361    0.493587
    1.041000    1.036374    0.647996    0.253144
    0.037000    0.059737    0.138904    0.063700
   -0.104000   -0.098511   -0.370976   -0.027565
    0.051000    0.054837   -0.252152    0.100963
   -0.099000   -0.101668    0.632726    0.171689
   -0.115000   -0.078936    0.232339   -0.689260
    0.304000    0.322249    0.543982   -0.012826
    0.125000    0.124145    0.105972    0.107724
   -0.856000   -0.866526   -0.038158    0.488075
    0.812000    0.824400    0.329421    0.196620
    0.541000    0.560282   -0.043348    0.047415
   -0.754000   -0.775446    0.074789    0.675842
   -0.028000   -0.024001   -0.002421   -0.021156
   -0.181000   -0.177121    0.085595    0.291121
    0.006000    0.021195    0.001503   -0.004068
   -0.333000   -0.309064    0.236519    0.035383
   -0.109000   -0.084277    0.000794    0.013056
   -0.212000   -0.187891   -0.073020   -0.154698
    1.175000    1.165517   -0.092160    0.425449
    0.047000    0.063098   -0.009406    0.047605
   -0.142000   -0.109027   -0.997937   -0.394785
   -1.348000   -1.345121    0.451654    0.113273
   -0.291000   -0.273169    0.131824    0.150758
    0.467000    0.468214    0.145415    0.122174
   -1.286000   -1.272393    0.067447   -0.124890
   -0.062000   -0.066409    0.107939    0.134435
    0.117000    0.148202    0.100358   -0.146805
   -0.814000   -0.808893    0.326899    0.442485
    0.342000    0.345884   -0.731312    0.070586
    0.878000    0.883787    0.127612    0.115961
   -0.886000   -0.889812    0.227783    0.496973
    0.020000    0.065809    0.509380   -0.703759
    0.008000    0.038638    0.341194   -0.179583
    0.055000    0.058740    0.178126    0.183155
   -0.059000   -0.054704    0.016430    0.015695
   -0.251000   -0.277092    0.361797    0.864028
   -0.690000   -0.672022    0.161320    0.034449
    1.443000    1.446097   -0.612587    0.335494
   -0.143000   -0.126807   -0.080940   -0.106047
   -0.871000   -0.849751   -0.203091    0.040434
    0.227000    0.252901   -0.020920   -0.068740
    0.764000    0.776483    0.482549    0.054811
    0.462000    0.480187    0.453365    0.186937
   -0.217000   -0.192182   -0.140772   -0.026900
    0.384000    0.384846   -0.649176    0.495977
    0.341000    0.344166    0.056298   -0.085170
   -0.268000   -0.265457    0.156338    0.110452
    0.156000    0.178074    0.041606    0.031012
    0.236000    0.252458    0.177365    0.085412
    0.824000    0.825155    0.038498    0.313505
   -0.376000   -0.392625    0.126723    0.570412
   -1.361000   -1.362345   -0.469283   -0.013741
    0.143000    0.163741    0.070076    0.123365
   -1.568000   -1.546129    0.607035   -0.064869
    0.637000    0.672361   -0.027260   -0.843916
    0.009000    0.012105   -0.039321   -0.075641
   -0.142000   -0.138296   -0.018613    0.208203
    0.481000    0.495105    0.185199   -0.154194
    1.628000    1.661328    0.233912   -0.153963
    1.053000    1.056892    0.605618   -0.040994
    0.220000    0.262316   -0.458012   -0.639896
   -0.764000   -0.757899   -0.186857    0.208629
   -0.996000   -0.992116   -0.185941   -0.020959
   -0.138000   -0.114782   -0.144526   -0.017152
   -0.046000   -0.025779   -0.017098   -0.073418
   -0.068000   -0.054370   -0.122557    0.140476
   -1.795000   -1.776717   -0.158561   -0.013412
   -0.331000   -0.326699   -0.760516   -0.131418
    0.617000    0.627651   -0.103825   -0.301115
   -0.491000   -0.476009    0.129231   -0.208067
    0.661000    0.668334    0.051974    0.384361
    0.452000    0.458932    0.477384   -0.091956
   -0.450000   -0.414123    0.295378   -0.569198
   -0.469000   -0.457275   -0.217773   -0.226399
    0.669000    0.665430   -0.585230    0.440439
    0.182000    0.185165    0.696906   -0.006412
   -1.952000   -1.926129    0.200639   -0.167184
   -0.507000   -0.483787   -0.823847   -0.517660
    1.526000    1.536423    0.222914    0.089624
   -0.115000   -0.107475    0.669743   -0.004918
   -0.333000   -0.317828    0.190251   -0.420645
    0.718000    0.735870   -0.148698   -0.185063
    0.150000    0.168071    0.361468   -0.200319
   -0.549000   -0.543907   -0.334746    0.414380
    0.718000    0.724865   -0.296551   -0.075833
   -0.031000   -0.026574   -0.030643   -0.060422
    0.061000    0.087115   -0.564845   -0.445635
   -0.213000   -0.194835   -0.081900   -0.191001
    0.668000    0.657535   -0.953133    0.454790
    1.222000    1.235441    0.092560   -0.175985
   -0.218000   -0.177035    0.019304   -0.554340
    0.310000    0.310647   -0.771571    0.055634
    0.849000    0.862514    0.310072    0.305899
    0.448000    0.472926   -0.705004   -0.096666
   -0.917000   -0.913836    0.095200    0.422880
    0.102000    0.103132    0.011157    0.049710
   -0.356000   -0.346477   -0.078288    0.090569
    0.299000    0.328123   -0.105550   -0.164345
   -0.122000   -0.099491    0.262545   -0.062635
   -0.076000   -0.058714   -0.711756   -0.283576
    0.719000    0.727910    0.336028    0.000393
    0.389000    0.383131   -0.426461    0.610956
    0.547000    0.550017   -0.112906    0.516987
   -0.222000   -0.181804   -0.248406   -0.513090
    0.056000    0.056677   -0.013768    0.005194
    0.227000    0.243309    0.251852   -0.172305
   -0.425000   -0.397248   -0.603545   -0.465661
    0.395000    0.412921    0.104519   -0.100421
    0.550000    0.581864    0.335529   -0.832990
    0.353000    0.389439   -0.287102   -0.804633
   -1.642000   -1.620379    0.027850   -0.384041
    0.493000    0.495588    0.366830    0.555129
   -0.549000   -0.509281    0.435776   -0.456316
   -0.287000   -0.276787    0.473735    0.002583
   -0.966000   -0.941746    0.680934    0.067435
    0.068000    0.088222   -0.007129   -0.173165
    0.023000    0.029691    0.030849    0.133452
   -0.097000   -0.064857    0.293237   -0.192653
    0.182000    0.189896    0.242037   -0.007828
    0.785000    0.789587    0.068924    0.069884
   -0.344000   -0.320166   -0.103336   -0.257865
    0.986000    1.006007   -0.436296   -0.387408
   -0.385000   -0.368978    0.316170    0.004853
    0.501000    0.501044   -0.057336   -0.032343
   -0.119000   -0.113499   -0.047182   -0.039502
   -0.015000   -0.000396    0.042010    0.042214
   -0.435000   -0.427672    0.159268    0.141286
   -0.637000   -0.654693   -0.059001    0.591652
    0.201000    0.203073   -0.191592    0.234089
    0.422000    0.423500    0.321744    0.090458
    0.338000    0.337859   -0.886937   -0.063707
   -0.526000   -0.512844    0.642096    0.191851
    0.447000    0.459528    0.343097   -0.341676
    0.274000    0.277205    0.131750    0.338317
    0.392000    0.426343   -0.486082   -0.764147
   -0.034000   -0.031072   -0.009060    0.029971
   -0.195000   -0.172039   -0.177368   -0.041111
   -0.270000   -0.244814   -0.788522   -0.410977
    0.067000    0.069993   -0.762863    0.428789
    0.125000    0.128764   -0.445212   -0.136506
    0.003000    0.007171    0.207283    0.086198
   -0.625000   -0.614828   -0.140921    0.070201
    1.185000    1.184216   -0.660571    0.060327
    0.188000    0.179147   -0.045770    0.247563
    1.245000    1.251463   -0.769366    0.358709
   -0.059000   -0.046387    0.107551   -0.087270
   -0.884000   -0.855383    0.273078   -0.477469
   -0.117000   -0.090888   -0.094115   -0.278550
   -0.187000   -0.154248    0.898870   -0.383617
   -1.154000   -1.125710    0.701302   -0.286542
   -1.202000   -1.216506    0.055550    0.451605
   -0.086000   -0.116066    0.069112    0.853535
    0.025000    0.041247    0.095252    0.036541
   -0.112000   -0.094094   -0.806804   -0.578241
    0.498000    0.539893   -0.236732   -0.514329
    0.631000    0.646247    0.815323    0.356579
    0.026000    0.003065    0.476378    0.814146
   -0.218000   -0.214229    0.067674    0.074964
   -0.049000   -0.029729   -0.229334    0.033161
    0.652000    0.646243   -0.398435    0.641948
    0.207000    0.219200    0.006874   -0.009980
   -0.291000   -0.257178    0.037148   -0.749859
   -0.261000   -0.249199   -0.418009   -0.097035
   -0.019000   -0.014835   -0.002492   -0.001433
    0.312000    0.337785   -0.258989   -0.353295
    0.931000    0.916249   -0.176932    0.832842
    0.189000    0.207307   -0.423770    0.000678
   -0.983000   -0.972103   -0.053115    0.154631
    0.049000    0.041372    0.110535    0.241685
   -0.805000   -0.772821   -0.771713   -0.311341
    0.507000    0.518044    0.354085    0.048155
    0.983000    1.006416   -0.342673   -0.055048
    0.725000    0.742808   -0.139869    0.202517
    0.099000    0.113040    0.043488   -0.124432
   -0.442000   -0.433789    0.170009    0.500513
    0.013000    0.035918    0.024281   -0.009206
    0.106000    0.102459    0.462053    0.243674
   -0.002000    0.023568   -0.158782   -0.054479
   -0.376000   -0.364680   -0.122721   -0.057959
    0.415000    0.406583   -1.021436    0.165039
   -0.942000   -0.915867    0.164481   -0.288108
    0.558000    0.579009    0.212986    0.153978
   -0.254000   -0.240778   -0.059056   -0.061973
   -0.587000   -0.579430   -0.545487    0.245969
    1.162000    1.175141    0.510452   -0.085700
    0.291000    0.294171   -0.055697    0.010572
   -0.985000   -0.938176   -0.183559   -0.865036
   -0.298000   -0.285104    0.519297   -0.213592
    0.685000    0.703774   -0.146478    0.071668
   -0.019000   -0.032844    0.568775    0.532678
    1.146000    1.154892    0.457214    0.037551
   -1.083000   -1.056784   -0.252697   -0.062942
    0.646000    0.642360   -0.380180    0.221457
   -0.100000   -0.106289   -0.108471    0.268245
    0.891000    0.901948    0.109348    0.406048
    0.951000    0.960212   -0.412093    0.410237
   -0.278000   -0.265807   -0.233489   -0.277771
    0.345000    0.368136   -0.164173   -0.458679
   -0.087000   -0.090706   -0.251183    0.320366
    0.697000    0.729910   -0.421534   -0.450238
   -1.147000   -1.111446    0.186166   -0.365113
   -0.452000   -0.438451    0.712475   -0.038338
   -0.786000   -0.743006   -0.518560   -0.675859
    0.904000    0.904508   -0.115339    0.620700
    0.866000    0.904525    0.894034   -0.336430
   -0.138000   -0.134128   -0.983782   -0.186743
   -0.374000   -0.354113   -0.043137    0.070567
   -0.015000   -0.000766   -0.090027    0.112487
    1.084000    1.089912   -0.202808   -0.108152
    0.036000    0.052753    0.004075    0.044248
   -0.682000   -0.698173    0.639384    0.504164
    0.260000    0.257383   -0.075056    0.109333
    0.667000    0.663998    0.173425    0.448117
   -0.377000   -0.373211    0.490644   -0.091723
   -0.486000   -0.456702    0.013523   -0.238299
    0.887000    0.913921    0.301864   -0.013524
   -0.331000   -0.302900   -0.809773   -0.222617
    0.087000    0.087906   -0.019465    0.298329
   -0.142000   -0.105699    0.905771   -0.228490
   -0.414000   -0.408979    0.324808    0.147294
    0.263000    0.281940    0.321663    0.149810
   -0.316000   -0.306441   -0.619943   -0.012448
    0.000000    0.000954   -0.015370    0.003655
   -0.939000   -0.967324   -0.352238    0.770670
    0.057000    0.052043    0.075936    0.283146
   -0.243000   -0.228145   -0.382002   -0.099540
   -0.054000   -0.041870    0.807014    0.112384
   -0.046000   -0.036185   -0.005258   -0.018241
    0.119000    0.112531   -0.187659    0.382307
    0.534000    0.564453   -0.406593   -0.196178
   -0.185000   -0.186505    0.468494    0.039347
    0.156000    0.176110   -0.121603   -0.045179
   -0.056000   -0.037107   -0.021115   -0.081453
    0.688000    0.690443    0.313088    0.318599
    0.956000    0.955831   -0.832764    0.014244
   -0.004000    0.004345    0.010597   -0.046096
    0.489000    0.469552   -0.203648    0.769901
   -0.953000   -0.963466    0.394793    0.318043
    1.111000    1.119947    0.765703    0.442643
   -1.497000   -1.490664   -0.425486    0.297749
   -0.200000   -0.167603    0.447339   -0.644736
   -0.219000   -0.190924   -0.130586   -0.144168
   -0.432000   -0.436771    0.344794    0.124335
    0.999000    1.029824   -0.441494   -0.240402
   -0.197000   -0.200024   -0.620172    0.326533
    1.049000    1.038250   -0.298624    0.420469
    0.614000    0.621033    0.065116   -0.124831
   -0.311000   -0.293757   -0.658381    0.098541
   -0.673000   -0.686319    0.045051    0.372375
    0.117000    0.141095    0.466072   -0.636028
    0.842000    0.859705   -0.408854    0.134232
    0.374000    0.384172   -0.215335    0.388547
    0.715000    0.728717   -0.118549   -0.078904
   -1.182000   -1.158303   -0.464331   -0.221624
   -0.014000    0.003339   -0.023332   -0.038045
    1.035000    1.024838    0.104427    0.343033
   -0.343000   -0.325489   -0.217609   -0.131987
   -0.224000   -0.208896   -0.030219    0.025279
   -0.221000   -0.201593   -0.122453   -0.083406
    0.835000    0.868878    0.248189   -0.617453
    0.932000    0.949814   -0.131720    0.218748
   -0.230000   -0.204987   -0.253752   -0.559630
    1.948000    1.963358   -0.127321   -0.049683
   -0.050000   -0.031376    0.075901   -0.195667
    0.193000    0.208254    0.356731    0.026191
    0.828000    0.829251   -0.626208    0.294181
    0.334000    0.347576    0.073173   -0.063065
   -0.132000   -0.133336    0.085869    0.082255
   -1.389000   -1.357167    0.209434   -0.346200
   -0.198000   -0.196117    0.027643   -0.020049
   -0.193000   -0.186877   -1.036063    0.257917
   -0.205000   -0.187814    0.125701   -0.179111
    0.481000    0.480107   -0.237586    0.203176
    1.168000    1.187887   -0.119801   -0.570576
    0.344000    0.335395    0.315221    0.317261
   -0.727000   -0.691258   -0.554135   -0.539105
   -0.191000   -0.173276    0.108953   -0.426975
   -1.049000   -1.044018    0.733757   -0.105909
   -0.641000   -0.637121    0.176702    0.159646
   -0.233000   -0.233755    0.597919    0.296535
   -0.222000   -0.202251   -0.008545   -0.069605
   -0.522000   -0.497663    0.500136   -0.604822
   -0.000000    0.005417    0.106295    0.221062
   -0.298000   -0.247271    0.566735   -0.761009
    0.804000    0.836864    0.637497   -0.160192
    1.685000    1.704584    0.299630   -0.084133
    0.457000    0.453292    0.306043    0.304366
    0.171000    0.195297   -0.517963   -0.019434
    0.265000    0.278844    0.153259   -0.108762
   -0.265000   -0.268616    0.031690    0.649079
    0.750000    0.759549   -0.306847   -0.129916
    0.886000    0.891398   -0.296903    0.426513
    0.990000    0.979089    0.225267    0.879834
   -0.005000    0.001718   -0.216777    0.171362
    0.232000    0.255083    0.205276    0.053567
    0.295000    0.317482    0.005635   -0.060428
    0.741000    0.742449   -0.462630    0.091942
   -0.948000   -0.940432    0.098756   -0.109963
   -0.023000   -0.019419   -0.017743    0.041408
   -1.089000   -1.061121    0.687947   -0.296125
   -0.889000   -0.886489    0.022568    0.612316
   -0.328000   -0.297272   -0.004098   -0.256991
   -0.117000   -0.088500    0.029747   -0.072137
   -0.710000   -0.684424    0.121987   -0.286613
    0.389000    0.380614    0.333892    0.328561
    0.594000    0.598961    0.519324    0.288953
   -1.285000   -1.254352   -0.190488   -0.656763
   -0.330000   -0.325493   -0.928538   -0.064544
   -0.746000   -0.747552   -0.504698    0.613215
    0.436000    0.455624    0.539501   -0.192158
   -0.545000   -0.521899    0.324045   -0.419877
    0.103000    0.105377   -0.173378    0.364590
    0.111000    0.110072   -0.044452    0.135064
   -0.168000   -0.153146   -0.551086    0.191420
   -0.337000   -0.324473   -0.881125    0.271016
   -0.330000   -0.329455    0.062040    0.490165
    0.102000    0.113212   -0.297114   -0.142075
   -0.457000   -0.432685    0.698475   -0.397059
   -0.690000   -0.660399   -0.097585   -0.729355
    0.520000    0.526646    0.099172    0.001301
    0.501000    0.538733    0.273285   -0.473455
    0.832000    0.827608   -0.243983    0.154058
   -0.021000   -0.005010   -0.039010    0.084374
   -0.474000   -0.448227    0.084664   -0.118161
    0.459000    0.471874    0.095000    0.011530
    0.082000    0.090193   -0.012070   -0.006067
   -0.080000   -0.062507   -0.074996   -0.070603
   -0.362000   -0.338947    0.916441   -0.455856
   -1.324000   -1.321546   -0.113190    0.540932
   -0.016000    0.007871   -0.017398    0.023047
   -0.638000   -0.631046    0.323647   -0.140579
   -0.196000   -0.185185    0.036214   -0.133098
    0.579000    0.590457   -0.757225    0.371630
   -0.064000   -0.048436   -0.061255    0.221196
    0.270000    0.290639   -0.271923    0.101630
   -0.283000   -0.277453   -0.187278   -0.051579
    0.797000    0.797094    0.568180    0.027746
   -0.583000   -0.547026   -0.476227   -0.354366
    1.016000    1.036977   -0.419679   -0.357731
    0.369000    0.393169   -0.005391    0.004039
   -0.200000   -0.209422    0.342201    0.452938
    0.272000    0.284865   -0.047607   -0.330975
   -0.027000   -0.022954   -0.074711    0.085080
   -0.283000   -0.262668    0.535046    0.039646
   -1.732000   -1.717378   -0.034536   -0.125977
   -1.005000   -0.978475    0.310345   -0.595509
   -0.294000   -0.291276    0.043667    0.003295
   -1.779000   -1.758209    0.169264    0.094932
    0.072000    0.078594    0.055715    0.058791
   -0.432000   -0.407955   -0.040316    0.011889
    0.093000    0.104455   -0.079733   -0.101876
    0.992000    1.024315    0.318912   -0.457368
    0.098000    0.101399   -0.033935    0.022921
    0.121000    0.122476   -0.210795    0.309404
    0.139000    0.159010   -0.063267    0.113063
    0.297000    0.311472   -0.176927   -0.036850
   -0.338000   -0.318485   -0.579498   -0.236493
    0.191000    0.189494    0.578274    0.451687
   -0.978000   -0.947405   -0.612205   -0.345835
    1.005000    1.023943    0.070614    0.219559
    0.034000    0.034916   -0.108997    0.009182
    0.228000    0.237713    0.078768   -0.219769
    0.656000    0.631693    0.211804    0.676733
   -1.573000   -1.540762    0.204237   -0.554363
   -0.025000   -0.012335   -0.012991    0.025558
   -0.006000    0.006164    0.000382    0.002001
   -0.322000   -0.306894   -0.458713   -0.104745
    0.032000    0.056015   -0.418775   -0.257752
   -0.194000   -0.195484    0.141448    0.345593
   -0.016000   -0.007540    0.028882    0.144359
   -0.675000   -0.636440   -0.288797   -0.507592
    0.348000    0.366058    0.623468   -0.100892
   -0.631000   -0.618776   -0.032712    0.270224
   -1.173000   -1.192120    0.057184    0.496812
    1.173000    1.188902   -0.812182   -0.244747
    0.544000    0.546180   -0.178215   -0.044379
   -0.110000   -0.111735   -0.040248    0.010305
    0.086000    0.087896   -0.002872    0.033771
    0.304000    0.331616   -0.103333   -0.092339
   -0.648000   -0.623936    0.293390   -0.518085
    1.263000    1.308335    0.035362   -0.726741
   -0.444000   -0.441382    0.054234    0.218110
   -1.536000   -1.504370   -0.123839   -0.568969
    1.417000    1.450434    0.163637   -0.489870
   -0.391000   -0.395500   -0.300797    0.095813
    0.081000    0.104109    0.169151   -0.111815
    0.425000    0.437166   -0.640776   -0.324306
    0.018000    0.033676   -0.048632    0.086793
    0.538000    0.538039   -0.284224    0.484361
   -0.924000   -0.908834   -0.666701   -0.237301
   -0.226000   -0.206092   -0.371532    0.093774
   -0.176000   -0.152362   -0.876497   -0.413448
    0.042000    0.066581   -0.023325   -0.023782
    0.094000    0.106699    0.002312   -0.046238
   -0.794000   -0.810666   -0.006297    0.484995
   -0.149000   -0.142902    0.081336   -0.034548
   -0.009000    0.008943    0.369191   -0.055501
    0.147000    0.155965   -0.074905   -0.072610
   -0.936000   -0.940921   -0.056765    0.160661
   -0.550000   -0.521611   -0.200981   -0.241918
   -0.511000   -0.496334   -0.127779   -0.039583
   -0.009000   -0.008778   -0.033418   -0.050145
   -0.120000   -0.117857    0.030159    0.137326
    1.027000    1.037996   -0.672788    0.356357
    0.396000    0.406419   -0.125772   -0.026894
   -0.000000    0.008134    0.163145   -0.088627
    0.000000   -0.012900   -0.548430    0.809481
    0.749000    0.762312   -0.220998   -0.266724
    0.046000    0.059513    0.360520   -0.133542
   -0.284000   -0.285562   -0.116805    0.076467
    0.252000    0.283284   -0.232719   -0.431355
   -1.130000   -1.121287    0.195375    0.343160
    0.133000    0.142096   -0.398886    0.115650
   -0.711000   -0.700620   -0.138273   -0.142116
   -0.310000   -0.263278   -0.491407   -0.731398
    1.320000    1.332072   -0.476528   -0.335370
   -0.777000   -0.755703    0.024785   -0.493616
    0.832000    0.873648    0.574126   -0.688813
    1.629000    1.638545   -0.054851    0.412862
    0.059000    0.064369    0.032809    0.021968
    0.186000    0.230787    0.203027   -0.708635
    0.129000    0.131302   -0.057441   -0.044453
   -1.463000   -1.421888   -0.394446   -0.517475
    0.081000    0.099899   -0.936190   -0.170454
   -0.078000   -0.080801    0.664283    0.335969
   -0.302000   -0.298292    0.073030    0.219060
    0.147000    0.171015   -0.061932   -0.079406
   -0.483000   -0.488604    0.024492    0.394899
    0.039000    0.041362   -0.723800    0.026315
   -0.867000   -0.836660    0.450050   -0.814646
   -1.508000   -1.482938    0.489243   -0.087972
    0.752000    0.755035    0.073139    0.059238
    0.728000    0.741438    0.505682    0.029302
    0.134000    0.143702    0.832130   -0.134554
    0.224000    0.229522   -0.391888    0.456385
    0.240000    0.243018   -0.002878   -0.026611
    0.372000    0.391663   -0.096921   -0.100297
   -0.365000   -0.333345    0.052871   -0.209596
    0.075000    0.099273   -0.020111    0.043277
    0.517000    0.542864    0.068415   -0.296070
   -0.051000   -0.031497   -0.177595    0.120063
   -1.261000   -1.245244   -0.346216   -0.005506
   -1.473000   -1.474733   -0.141280    0.234131
    0.020000    0.031505   -0.070540   -0.037972
    0.001000    0.012442   -0.078220    0.049502
    1.062000    1.076217   -0.434077   -0.261227
    0.065000    0.088337   -0.145826   -0.145430
    0.453000    0.473512    0.518945    0.077056
   -0.206000   -0.203994    0.075519   -0.047195
    0.001000    0.018632    0.017095   -0.000285
    0.434000    0.448698    0.232818   -0.002297
    0.234000    0.229870    0.075705    0.193602
   -0.762000   -0.756395    0.171254    0.053722
    0.015000    0.030459   -0.034347   -0.009163
   -1.916000   -1.916717    0.245101    0.022849
   -0.740000   -0.739438    0.263499    0.493382
    0.180000    0.185766   -0.042926   -0.013990
    0.303000    0.318026   -0.745913   -0.143470
   -1.048000   -1.026942    0.108061   -0.220667
    0.217000    0.234554    0.977331   -0.000056
    0.657000    0.666743   -0.445906    0.145138
   -0.936000   -0.933941   -0.146897    0.274671
   -0.534000   -0.493185    0.641853   -0.793637
    0.029000    0.038781   -0.146503   -0.079454
   -0.123000   -0.095412   -0.140456   -0.173080
   -1.560000   -1.518050    0.386142   -0.515279
   -1.019000   -1.018831    0.276209    0.047641
    0.261000    0.273404    0.540462    0.104476
    0.048000    0.031194    0.055709    0.478237
   -0.216000   -0.200848   -0.019820    0.014833
   -0.627000   -0.621269   -0.005605    0.377806
   -0.184000   -0.181020   -0.888827   -0.139354
   -0.432000   -0.405453    0.631747   -0.290195
   -0.133000   -0.108742   -0.008069    0.008169
    0.859000    0.844472    0.116452    0.682553
   -0.707000   -0.719615   -0.090228    0.610304
   -1.278000   -1.271345   -0.624101    0.083852
   -0.638000   -0.629179   -1.013700   -0.007523
   -0.072000   -0.063122    0.037834    0.037026
    0.342000    0.363599   -0.023181    0.017159
   -0.823000   -0.802852    0.233699   -0.498984
   -1.402000   -1.381422    0.580366   -0.217165
    0.563000    0.561562    0.833202    0.237148
    0.216000    0.232575   -0.099410   -0.013286
   -0.931000   -0.897678    0.697762   -0.516658
    0.363000    0.387346    0.175909   -0.010191
    0.406000    0.420272    0.065594   -0.122688
    0.132000    0.156597    0.000928   -0.111417
    0.438000    0.452939   -0.083810    0.091782
    0.315000    0.359520   -0.360613   -0.595380
   -0.952000   -0.958944   -0.155026    0.226736
    0.601000    0.643944    0.579941   -0.711886
    0.194000    0.209988    0.875980    0.304315
    0.180000    0.175188    0.232246    0.525378
   -0.136000   -0.152412   -0.129986    0.546164
   -0.095000   -0.076538    0.167327    0.051438
   -0.061000   -0.067817   -0.306397    0.152650
    0.680000    0.681513    0.056736    0.106126
   -0.067000   -0.069565    0.894652    0.226728
    0.131000    0.138281    0.019632   -0.003711
    0.142000    0.166928    0.023249   -0.086983
    0.017000    0.026764   -0.236385   -0.131085
   -0.310000   -0.306679   -0.081072    0.044936
    0.219000    0.247875    0.538414   -0.163450
    0.216000    0.214341    0.266396    0.803973
   -0.100000   -0.089387   -0.256411   -0.156830
    0.100000    0.121412    0.060420   -0.021480
    0.040000    0.027137    0.122463    0.419216
    0.963000    0.979848   -0.606101   -0.271975
   -1.280000   -1.276803   -0.017055    0.175498
   -0.205000   -0.183100    0.046097   -0.326807
   -0.177000   -0.179841    0.331422    0.206523
   -0.346000   -0.327929    0.225141    0.010290
   -0.823000   -0.822466   -0.273499    0.090066
   -0.956000   -0.969056    0.232055    0.424095
   -1.158000   -1.160111   -0.231092    0.022274
   -0.125000   -0.110321    0.396933    0.283361
