# First column is original location on swiss roll
# Next columns are points in diffusion space
# Note that first (trivial) eigenvector not used.
# In gnuplot to plot the first dimensions try:
#   plot 'dmap.dat' u 2:3:1 w points palette
# time =     0.000000
# bandwidth =   100.000000
    1.000000   -0.029504   -0.010888   -0.007028
    1.000000   -0.031943   -0.000420    0.017260
    1.000000   -0.035458   -0.008539    0.003211
    1.000000   -0.034943   -0.007882   -0.004283
    1.000000   -0.034585    0.000370   -0.015396
    1.000000   -0.039452   -0.010116   -0.012364
    1.000000   -0.035648   -0.010439    0.007300
    1.000000   -0.038250   -0.010774   -0.012108
    1.000000   -0.034781   -0.014130   -0.004996
    1.000000   -0.031817   -0.008536   -0.008166
    1.000000   -0.041755   -0.010269    0.001810
    1.000000   -0.034877   -0.008089    0.001668
    1.000000   -0.035199   -0.001016    0.001122
    1.000000   -0.038975    0.000624   -0.005696
    1.000000   -0.038167   -0.006043    0.021401
    1.000000   -0.036675   -0.010078    0.000258
    1.000000   -0.035291   -0.005622   -0.005820
    1.000000   -0.033867   -0.008805   -0.002667
    1.000000   -0.031822   -0.004114   -0.015761
    1.000000   -0.037559   -0.007884   -0.001383
    1.000000   -0.031935   -0.014783    0.003630
    1.000000   -0.032507   -0.003330   -0.000965
    1.000000   -0.034578   -0.006167   -0.009767
    1.000000   -0.037930   -0.010872   -0.021313
    1.000000   -0.037203   -0.011768    0.001682
    1.000000   -0.035172   -0.005229   -0.014165
    1.000000   -0.033751   -0.011634    0.010925
    1.000000   -0.035027   -0.006836    0.001941
    1.000000   -0.034398   -0.014097    0.017053
    1.000000   -0.034422   -0.000267    0.015657
    1.000000   -0.034356   -0.006927    0.004755
    1.000000   -0.032098   -0.013886    0.000611
    1.000000   -0.029811    0.001111   -0.005242
    1.000000   -0.038049   -0.004604    0.008305
    1.000000   -0.032276   -0.007838    0.005372
    1.000000   -0.037937   -0.013905    0.022447
    1.000000   -0.035924   -0.005874   -0.010165
    1.000000   -0.039984   -0.005612   -0.003349
    1.000000   -0.034211   -0.009176   -0.000467
    1.000000   -0.034706   -0.003264   -0.006008
    1.000000   -0.034688   -0.008236    0.002652
    1.000000   -0.039441   -0.001508   -0.007270
    1.000000   -0.029767   -0.004455   -0.017893
    1.000000   -0.031607   -0.004267    0.027750
    1.000000   -0.037483   -0.007112   -0.002998
    1.000000   -0.037400   -0.007711    0.012561
    1.000000   -0.041605   -0.013319   -0.003555
    1.000000   -0.033688   -0.008825    0.003487
    1.000000   -0.031847   -0.008204    0.002994
    1.000000   -0.028265   -0.012470   -0.016541
    1.000000   -0.035543   -0.008182    0.003790
    1.000000   -0.034627   -0.011400   -0.003266
    1.000000   -0.040560   -0.003689    0.021385
    1.000000   -0.035246   -0.010203   -0.011636
    1.000000   -0.034967   -0.012785   -0.024048
    1.000000   -0.036603   -0.005442    0.001121
    1.000000   -0.030814   -0.011229   -0.001116
    1.000000   -0.033417   -0.009318   -0.006819
    1.000000   -0.034566   -0.006512   -0.008508
    1.000000   -0.035408   -0.008358   -0.001329
    1.000000   -0.035766   -0.015163   -0.013266
    1.000000   -0.039040   -0.008065    0.019179
    1.000000   -0.034949   -0.008979   -0.004317
    1.000000   -0.038726   -0.010486    0.018597
    1.000000   -0.034166   -0.009570    0.002060
    1.000000   -0.031804   -0.006465    0.005001
    1.000000   -0.032822   -0.008437    0.014511
    1.000000   -0.033165   -0.005843   -0.012363
    1.000000   -0.036666   -0.008183    0.007998
    1.000000   -0.035042   -0.006789   -0.004394
    1.000000   -0.034909   -0.013004    0.015608
    1.000000   -0.037911   -0.008968   -0.018383
    1.000000   -0.035353   -0.006690   -0.005484
    1.000000   -0.030184   -0.006990   -0.007581
    1.000000   -0.033263   -0.003095    0.019916
    1.000000   -0.031417   -0.008869   -0.023162
    1.000000   -0.038269   -0.010963   -0.006971
    1.000000   -0.038899   -0.015986    0.022425
    1.000000   -0.029090   -0.002148   -0.006798
    1.000000   -0.032299   -0.008766    0.000926
    1.000000   -0.031766   -0.008653    0.004317
    1.000000   -0.035474   -0.004769    0.007279
    1.000000   -0.034088   -0.006679   -0.002098
    1.000000   -0.027047   -0.004927    0.014580
    1.000000   -0.035543   -0.001251   -0.001266
    1.000000   -0.035196   -0.010853   -0.007574
    1.000000   -0.038426   -0.004139    0.003751
    1.000000   -0.035726   -0.008357   -0.012138
    1.000000   -0.036947   -0.008788   -0.010451
    1.000000   -0.032960   -0.009120   -0.002683
    1.000000   -0.033940   -0.008352    0.000830
    1.000000   -0.033972   -0.009855   -0.005256
    1.000000   -0.029473   -0.012747   -0.000623
    1.000000   -0.038748   -0.008656   -0.006669
    1.000000   -0.036516   -0.000960   -0.017489
    1.000000   -0.040019   -0.016151    0.007708
    1.000000   -0.033478   -0.005149    0.021344
    1.000000   -0.032807   -0.008010    0.027150
    1.000000   -0.035449   -0.010023   -0.004908
    1.000000   -0.033577   -0.006680    0.004805
    1.000000   -0.038326   -0.010098    0.003130
    1.000000   -0.029975   -0.014282   -0.002676
    1.000000   -0.029953   -0.008142   -0.002822
    1.000000   -0.036113   -0.009632    0.013238
    1.000000   -0.042344   -0.006389    0.004208
    1.000000   -0.036661   -0.007699   -0.004423
    1.000000   -0.035090   -0.020253    0.005826
    1.000000   -0.035015   -0.008263   -0.002453
    1.000000   -0.035714   -0.005139   -0.006518
    1.000000   -0.030923   -0.009272   -0.008583
    1.000000   -0.034388   -0.016171   -0.010163
    1.000000   -0.034125   -0.009672   -0.005040
    1.000000   -0.032062   -0.006582    0.002596
    1.000000   -0.032182   -0.006330    0.020568
    1.000000   -0.029154   -0.005788    0.014315
    1.000000   -0.036965   -0.008131   -0.002254
    1.000000   -0.027645   -0.005398    0.012161
    1.000000   -0.039849   -0.011837   -0.012622
    1.000000   -0.032637   -0.001001   -0.000643
    1.000000   -0.033306   -0.009456    0.000311
    1.000000   -0.032488   -0.001706   -0.006915
    1.000000   -0.025995   -0.010085   -0.006822
    1.000000   -0.040963   -0.014361    0.018646
    1.000000   -0.034830   -0.011998   -0.026013
    1.000000   -0.029599   -0.004192    0.004472
    1.000000   -0.039136   -0.008795    0.002481
    1.000000   -0.030725   -0.004990   -0.014939
    1.000000   -0.031396   -0.011827   -0.017559
    1.000000   -0.032644   -0.008799    0.007330
    1.000000   -0.035358   -0.014367   -0.000319
    1.000000   -0.032278   -0.012227    0.009299
    1.000000   -0.036018   -0.008417    0.002907
    1.000000   -0.040694   -0.009151    0.005780
    1.000000   -0.030537   -0.000946    0.010743
    1.000000   -0.035793   -0.010425    0.023742
    1.000000   -0.035353   -0.005961   -0.000693
    1.000000   -0.034259   -0.007944    0.001749
    1.000000   -0.031839   -0.009771    0.013868
    1.000000   -0.028990   -0.010069   -0.011179
    1.000000   -0.036388   -0.001178   -0.012112
    1.000000   -0.037661   -0.012688    0.002055
    1.000000   -0.039408    0.000353   -0.008961
    1.000000   -0.037082   -0.012908    0.008622
    1.000000   -0.034564   -0.009539    0.021926
    1.000000   -0.030991   -0.005196   -0.000088
    1.000000   -0.035548   -0.009633    0.006342
    1.000000   -0.030305   -0.005250   -0.013455
    1.000000   -0.035704   -0.010579   -0.000165
    1.000000   -0.034654   -0.010319   -0.003605
    1.000000   -0.034654   -0.008013   -0.003608
    1.000000   -0.031573   -0.001467    0.002247
    1.000000   -0.039799   -0.013613    0.007724
    1.000000   -0.029284   -0.009919    0.010662
    1.000000   -0.033144   -0.012119    0.001066
    1.000000   -0.034130   -0.005603    0.004150
    1.000000   -0.032709   -0.007904    0.010078
    1.000000   -0.035470   -0.010951    0.022422
    1.000000   -0.028933   -0.007474    0.007731
    1.000000   -0.041316   -0.010741    0.016232
    1.000000   -0.029996   -0.015284   -0.007483
    1.000000   -0.036283   -0.018682    0.000963
    1.000000   -0.037217   -0.009543   -0.003933
    1.000000   -0.034154   -0.006251   -0.001185
    1.000000   -0.033633   -0.008984   -0.006346
    1.000000   -0.032742   -0.014986   -0.019075
    1.000000   -0.030647   -0.011392    0.005022
    1.000000   -0.033548   -0.007940    0.014876
    1.000000   -0.032690   -0.008831   -0.010367
    1.000000   -0.030643   -0.012212   -0.005172
    1.000000   -0.037037   -0.007847    0.005450
    1.000000   -0.029405    0.000437    0.005723
    1.000000   -0.033260   -0.005839   -0.024533
    1.000000   -0.036495   -0.004138    0.020941
    1.000000   -0.031860    0.001209   -0.013521
    1.000000   -0.029433   -0.009312    0.003513
    1.000000   -0.036358   -0.002603   -0.027473
    1.000000   -0.035057   -0.005092   -0.003857
    1.000000   -0.036948   -0.014468   -0.004933
    1.000000   -0.033419   -0.017709    0.006850
    1.000000   -0.031889   -0.000665    0.002441
    1.000000   -0.032815   -0.013404    0.000036
    1.000000   -0.037027   -0.013523    0.006497
    1.000000   -0.034574   -0.008448    0.000155
    1.000000   -0.033479   -0.008498    0.000739
    1.000000   -0.034994   -0.008537    0.002532
    1.000000   -0.034061   -0.004337    0.014552
    1.000000   -0.031910   -0.000504    0.017749
    1.000000   -0.035058   -0.007775    0.000743
    1.000000   -0.030844   -0.004673   -0.011825
    1.000000   -0.038250   -0.017597    0.015299
    1.000000   -0.042014   -0.009811    0.003618
    1.000000   -0.032570   -0.009841   -0.010314
    1.000000   -0.033677   -0.012656   -0.014947
    1.000000   -0.038902   -0.000222   -0.011653
    1.000000   -0.034950   -0.008232    0.003045
    1.000000   -0.037505   -0.006586    0.015701
    1.000000   -0.035317   -0.001894   -0.005629
    1.000000   -0.035219   -0.012738    0.002269
    1.000000   -0.042063   -0.006825    0.003535
    1.000000   -0.039182   -0.002720    0.011861
    1.000000   -0.035363   -0.009721   -0.000126
    1.000000   -0.039641   -0.009029    0.016242
    1.000000   -0.040656   -0.012279    0.010464
    1.000000   -0.036205   -0.009094    0.002385
    1.000000   -0.033732   -0.009149   -0.002580
    1.000000   -0.033801   -0.016932   -0.001944
    1.000000   -0.036612   -0.008306    0.001360
    1.000000   -0.032272   -0.001868    0.001742
    1.000000   -0.031935   -0.002990   -0.006947
    1.000000   -0.038061   -0.005512    0.016450
    1.000000   -0.033409   -0.009905    0.026205
    1.000000   -0.033681   -0.008016    0.003372
    1.000000   -0.038326   -0.013563   -0.004949
    1.000000   -0.040307   -0.004548   -0.009189
    1.000000   -0.033978   -0.001039   -0.018397
    1.000000   -0.037169   -0.013915    0.019938
    1.000000   -0.029911   -0.005413    0.021170
    1.000000   -0.033595   -0.009631    0.000049
    1.000000   -0.032910   -0.006363    0.010195
    1.000000   -0.030939   -0.009445   -0.015088
    1.000000   -0.039049   -0.014668    0.006754
    1.000000   -0.032231   -0.009828   -0.013025
    1.000000   -0.033424   -0.004539    0.010479
    1.000000   -0.035653   -0.005959    0.004227
    1.000000   -0.034712   -0.009176    0.001587
    1.000000   -0.032696   -0.007526    0.003724
    1.000000   -0.027413   -0.012662   -0.000097
    1.000000   -0.034499   -0.004447   -0.000731
    1.000000   -0.034319   -0.009248    0.001934
    1.000000   -0.035100   -0.009147   -0.000773
    1.000000   -0.034886   -0.008234   -0.004200
    1.000000   -0.030274   -0.011171   -0.021926
    1.000000   -0.029538   -0.004601   -0.004621
    1.000000   -0.035411   -0.012374   -0.017899
    1.000000   -0.035478   -0.004884   -0.001846
    1.000000   -0.034019   -0.009460    0.002284
    1.000000   -0.034633   -0.002144    0.015251
    1.000000   -0.028779   -0.006690    0.025321
    1.000000   -0.032695   -0.002874   -0.000997
    1.000000   -0.032813   -0.012429    0.006343
    1.000000   -0.037903   -0.016738    0.004745
    1.000000   -0.033839   -0.015813    0.004417
    1.000000   -0.039313   -0.000660   -0.006296
    1.000000   -0.036906   -0.011494    0.015129
    1.000000   -0.038563   -0.009921   -0.007451
    1.000000   -0.031557   -0.000665   -0.014425
    1.000000   -0.031139   -0.010124    0.021366
    1.000000   -0.034404   -0.008978   -0.000280
    1.000000   -0.031636   -0.010591   -0.000191
    1.000000   -0.028711   -0.003669   -0.009731
    1.000000   -0.040638   -0.010640    0.003275
    1.000000   -0.039728   -0.008688   -0.021816
    1.000000   -0.034586   -0.009177    0.005659
    1.000000   -0.040908   -0.004896    0.019234
    1.000000   -0.034502   -0.008431    0.004325
    1.000000   -0.033806   -0.006751   -0.000805
    1.000000   -0.027743   -0.004047    0.001037
    1.000000   -0.030676   -0.010188    0.003412
    1.000000   -0.035994   -0.009186    0.001955
    1.000000   -0.029784   -0.008502    0.005748
    1.000000   -0.038029   -0.006589    0.001491
    1.000000   -0.035774   -0.011562   -0.001283
    1.000000   -0.033827   -0.007940   -0.000085
    1.000000   -0.035713   -0.008763   -0.002658
    1.000000   -0.039591   -0.015331    0.007870
    1.000000   -0.032184   -0.008501    0.003297
    1.000000   -0.036569   -0.006605    0.012059
    1.000000   -0.034547   -0.009421    0.015743
    1.000000   -0.035505   -0.007570    0.001977
    1.000000   -0.037955   -0.010818    0.002259
    1.000000   -0.034555   -0.002483   -0.001827
    1.000000   -0.034526   -0.010730    0.001266
    1.000000   -0.034350   -0.012845   -0.009415
    1.000000   -0.033574   -0.012372   -0.000591
    1.000000   -0.034677   -0.009888    0.000352
    1.000000   -0.027609   -0.003217   -0.012307
    1.000000   -0.038697   -0.009549    0.009040
    1.000000   -0.034219   -0.009483   -0.014231
    1.000000   -0.032974   -0.006516    0.003248
    1.000000   -0.036956   -0.001915    0.009471
    1.000000   -0.026488   -0.006088   -0.000701
    1.000000   -0.028490   -0.008180   -0.019159
    1.000000   -0.032669   -0.001459   -0.000089
    1.000000   -0.034895    0.001572    0.001717
    1.000000   -0.033061   -0.008389    0.027332
    1.000000   -0.038714   -0.007964   -0.005940
    1.000000   -0.030315   -0.001657   -0.002937
    1.000000   -0.030936   -0.008636    0.005909
    1.000000   -0.032200   -0.003364   -0.021428
    1.000000   -0.030702   -0.007774    0.000671
    1.000000   -0.037080   -0.012764    0.005885
    1.000000   -0.033412   -0.006955   -0.000752
    1.000000   -0.032669   -0.010608    0.020352
    1.000000   -0.037603   -0.011082   -0.023087
    1.000000   -0.041107   -0.003691    0.005756
    1.000000   -0.036324   -0.003740    0.006837
    1.000000   -0.038282   -0.005187    0.015290
    1.000000   -0.039526   -0.006344    0.004544
    1.000000   -0.032418   -0.005196   -0.006319
    1.000000   -0.033550   -0.007555    0.008197
    1.000000   -0.034822   -0.004260   -0.021917
    1.000000   -0.035040   -0.006864   -0.013845
    1.000000   -0.035045   -0.015901    0.000839
    1.000000   -0.034613   -0.013928    0.001033
    1.000000   -0.032970   -0.000873    0.013345
    1.000000   -0.032875   -0.013122    0.003859
    1.000000   -0.028637    0.000281   -0.004532
    1.000000   -0.035155   -0.011247   -0.002329
    1.000000   -0.035059   -0.008128   -0.002877
    1.000000   -0.033916   -0.009239    0.005103
    1.000000   -0.034032   -0.008821   -0.000252
    1.000000   -0.042011   -0.012383    0.005381
    1.000000   -0.031693   -0.009653    0.033107
    1.000000   -0.030470   -0.010190    0.027178
    1.000000   -0.039431   -0.012445    0.019189
    1.000000   -0.034123   -0.009905    0.010049
    1.000000   -0.035373   -0.011498   -0.004699
    1.000000   -0.034982   -0.006963    0.003305
    1.000000   -0.035201   -0.007691    0.002003
    1.000000   -0.033247   -0.009379    0.018301
    1.000000   -0.032832   -0.010543   -0.005086
    1.000000   -0.032219   -0.003157    0.004944
    1.000000   -0.036742   -0.008620   -0.008169
    1.000000   -0.036952   -0.014450    0.013458
    1.000000   -0.034768   -0.007513   -0.025720
    1.000000   -0.034542   -0.010243   -0.000427
    1.000000   -0.037768   -0.012165   -0.003728
    1.000000   -0.037303   -0.008535   -0.009666
    1.000000   -0.034105   -0.003200   -0.019377
    1.000000   -0.027786   -0.007863    0.014479
    1.000000   -0.038556   -0.003989   -0.005648
    1.000000   -0.034257   -0.006651    0.002341
    1.000000   -0.038402   -0.002757   -0.016058
    1.000000   -0.037224   -0.000573    0.015026
    1.000000   -0.034130   -0.009520   -0.008002
    1.000000   -0.036543   -0.005183    0.010133
    1.000000   -0.033869   -0.004582   -0.006447
    1.000000   -0.034579   -0.008769    0.002434
    1.000000   -0.035677   -0.004146    0.011260
    1.000000   -0.033471   -0.009931   -0.026689
    1.000000   -0.034791   -0.007179   -0.001248
    1.000000   -0.036622   -0.003224    0.011995
    1.000000   -0.035836   -0.005839    0.001428
    1.000000   -0.036443   -0.005019   -0.002337
    1.000000   -0.037441   -0.009728    0.003310
    1.000000   -0.037920   -0.010169    0.025765
    1.000000   -0.040527   -0.010737   -0.002454
    1.000000   -0.031970   -0.008672   -0.005808
    1.000000   -0.035056   -0.010603    0.000855
    1.000000   -0.035407   -0.006764   -0.000802
    1.000000   -0.033484   -0.010240    0.017343
    1.000000   -0.034785   -0.013510   -0.011111
    1.000000   -0.035578   -0.006884   -0.028050
    1.000000   -0.036867   -0.006166    0.011923
    1.000000   -0.036756   -0.008523    0.003374
    1.000000   -0.038601    0.000780    0.010812
    1.000000   -0.034885   -0.008967    0.000174
    1.000000   -0.038055   -0.000684   -0.001930
    1.000000   -0.032321   -0.000326   -0.003028
    1.000000   -0.034351   -0.012338   -0.008526
    1.000000   -0.030495   -0.011748    0.028764
    1.000000   -0.033635   -0.006814    0.010299
    1.000000   -0.033456   -0.009318    0.003238
    1.000000   -0.034178   -0.016741   -0.016623
    1.000000   -0.040162   -0.004621   -0.013060
    1.000000   -0.035359   -0.011615    0.001567
    1.000000   -0.028311   -0.005514    0.003913
    1.000000   -0.036128   -0.006653   -0.000899
    1.000000   -0.035930   -0.007602   -0.001535
    1.000000   -0.033429   -0.005020    0.001201
    1.000000   -0.039880   -0.006869   -0.015748
    1.000000   -0.035452   -0.007725    0.011902
    1.000000   -0.028507   -0.003945   -0.021523
    1.000000   -0.037052   -0.006380   -0.018057
    1.000000   -0.036079   -0.012734   -0.000183
    1.000000   -0.031422   -0.006618   -0.007901
    1.000000   -0.041880   -0.015458    0.001366
    1.000000   -0.029945   -0.014445   -0.018845
    1.000000   -0.036874   -0.016793    0.006278
    1.000000   -0.033549   -0.009075    0.002197
    1.000000   -0.040858   -0.009418    0.013120
    1.000000   -0.033670   -0.005797    0.012368
    1.000000   -0.031245   -0.009803   -0.016956
    1.000000   -0.029251   -0.015102    0.012360
    1.000000   -0.026463   -0.009393    0.011533
    1.000000   -0.034756   -0.007825    0.025154
    1.000000   -0.034038   -0.008474    0.010696
    1.000000   -0.039265   -0.014741   -0.010622
    1.000000   -0.029665   -0.008361   -0.016400
    1.000000   -0.035832   -0.007391   -0.016907
    1.000000   -0.036768   -0.008003   -0.008934
    1.000000   -0.034175   -0.009696    0.003314
    1.000000   -0.033104   -0.006511    0.001232
    1.000000   -0.033352   -0.007857   -0.002081
    1.000000   -0.033486   -0.005191   -0.001252
    1.000000   -0.027179   -0.009383   -0.005655
    1.000000   -0.032264   -0.018730   -0.002914
    1.000000   -0.037235   -0.011450   -0.020466
    1.000000   -0.028923   -0.000674   -0.015897
    1.000000   -0.032723   -0.007573   -0.003556
    1.000000   -0.031442   -0.007737   -0.008012
    1.000000   -0.033989   -0.003062   -0.015192
    1.000000   -0.035707   -0.012899    0.009301
    1.000000   -0.033178   -0.015944   -0.021488
    1.000000   -0.035251   -0.009773   -0.005021
    1.000000   -0.030474   -0.007937    0.025831
    1.000000   -0.033171   -0.013501   -0.000943
    1.000000   -0.035093   -0.008924   -0.009853
    1.000000   -0.034907   -0.000794   -0.001835
    1.000000   -0.032385   -0.009708    0.000183
    1.000000   -0.033641   -0.011165   -0.005927
    1.000000   -0.034414    0.001540    0.014052
    1.000000   -0.036238   -0.011535    0.012528
    1.000000   -0.039079   -0.007054   -0.011869
    1.000000   -0.034787   -0.012617   -0.001694
    1.000000   -0.027027   -0.007045    0.012688
    1.000000   -0.032037   -0.009589    0.003622
    1.000000   -0.035183   -0.010331   -0.006219
    1.000000   -0.034242   -0.005362   -0.000795
    1.000000   -0.033536   -0.011494   -0.017189
    1.000000   -0.028565   -0.008647   -0.029427
    1.000000   -0.032380   -0.005468   -0.002870
    1.000000   -0.030023    0.000301    0.015680
    1.000000   -0.037386   -0.002080    0.014236
    1.000000   -0.033319   -0.011659    0.004015
    1.000000   -0.033198   -0.008529    0.007128
    1.000000   -0.038583   -0.008145   -0.013774
    1.000000   -0.033236   -0.008624    0.002769
    1.000000   -0.039098   -0.012271    0.008751
    1.000000   -0.036211   -0.000635   -0.006637
    1.000000   -0.034524   -0.013193    0.002445
    1.000000   -0.037495   -0.006625   -0.001313
    1.000000   -0.033437   -0.008833   -0.008164
    1.000000   -0.035146   -0.005078   -0.001510
    1.000000   -0.029086   -0.006794   -0.005713
    1.000000   -0.034812   -0.011893   -0.033189
    1.000000   -0.033354    0.000271   -0.014909
    1.000000   -0.040369   -0.011247    0.006011
    1.000000   -0.036387   -0.003422    0.005028
    1.000000   -0.034861    0.000314   -0.009241
    1.000000   -0.037948   -0.008225    0.007632
    1.000000   -0.034692   -0.013752   -0.019534
    1.000000   -0.035566   -0.009034    0.003350
    1.000000   -0.035317   -0.010155   -0.010174
    1.000000   -0.032077   -0.015672    0.010121
    1.000000   -0.035261   -0.008463   -0.001117
    1.000000   -0.041302   -0.010148    0.009260
    1.000000   -0.032838   -0.008313   -0.002841
    1.000000   -0.035687   -0.010160   -0.000787
    1.000000   -0.035832   -0.006052   -0.009223
    1.000000   -0.032956   -0.006545    0.001096
    1.000000   -0.036033   -0.008962    0.005742
    1.000000   -0.038874   -0.010422    0.022737
    1.000000   -0.037222   -0.012348   -0.001825
    1.000000   -0.035207   -0.015403   -0.007092
    1.000000   -0.027407   -0.006228   -0.001028
    1.000000   -0.034247   -0.008573   -0.000197
    1.000000   -0.041060   -0.010505    0.002900
    1.000000   -0.031440   -0.009859   -0.002652
    1.000000   -0.034662   -0.009815   -0.000012
    1.000000   -0.030615   -0.004564   -0.019223
    1.000000   -0.031081   -0.011118    0.006006
    1.000000   -0.031247   -0.015532   -0.009808
    1.000000   -0.031409   -0.009168    0.007359
    1.000000   -0.034725   -0.008098   -0.001069
    1.000000   -0.034054   -0.004227    0.002271
    1.000000   -0.036932   -0.006022   -0.009187
    1.000000   -0.033414   -0.006005   -0.004954
    1.000000   -0.032292   -0.004577    0.006101
    1.000000   -0.033391   -0.006896   -0.008205
    1.000000   -0.039697   -0.004767    0.007177
    1.000000   -0.036153   -0.009299   -0.020555
    1.000000   -0.039220   -0.007804    0.009939
    1.000000   -0.038994   -0.004197    0.008170
    1.000000   -0.035077   -0.008905    0.008417
    1.000000   -0.031097   -0.006968   -0.011007
    1.000000   -0.032535   -0.007862    0.017284
    1.000000   -0.034282   -0.010059   -0.002752
    1.000000   -0.030783   -0.006489    0.001692
    1.000000   -0.030622   -0.003501    0.006520
    1.000000   -0.031807   -0.000985    0.005976
    1.000000   -0.037495   -0.011743   -0.001199
    1.000000   -0.034091   -0.007626   -0.004761
    1.000000   -0.033168   -0.003793    0.013683
    1.000000   -0.034251   -0.008442    0.003634
    1.000000   -0.033428   -0.008386   -0.001650
    1.000000   -0.032211   -0.000601   -0.008739
    1.000000   -0.034290   -0.007738   -0.001242
    1.000000   -0.037363   -0.010329   -0.023980
    1.000000   -0.036052   -0.008128    0.000312
    1.000000   -0.039021   -0.007785   -0.013388
    1.000000   -0.031040   -0.007393   -0.014935
    1.000000   -0.035810   -0.017153   -0.006527
    1.000000   -0.035762   -0.000068    0.010354
    1.000000   -0.035690   -0.018255    0.022661
    1.000000   -0.032648   -0.005306   -0.002746
    1.000000   -0.035504   -0.008765   -0.002359
    1.000000   -0.036041   -0.007389   -0.004145
    1.000000   -0.034226   -0.008983   -0.000079
    1.000000   -0.032686   -0.006988   -0.011230
    2.000000    0.016427   -0.006139   -0.020305
    2.000000    0.019973   -0.021448    0.010270
    2.000000    0.023532   -0.023738   -0.002065
    2.000000    0.013154   -0.037057   -0.010418
    2.000000    0.023864   -0.027564   -0.002664
    2.000000    0.023880   -0.026544   -0.005262
    2.000000    0.029557   -0.026641    0.001921
    2.000000    0.035854   -0.020537   -0.036950
    2.000000    0.028200   -0.038316   -0.017551
    2.000000    0.014443   -0.017647    0.006699
    2.000000    0.028849   -0.033291    0.006231
    2.000000    0.033124   -0.043248   -0.015349
    2.000000    0.013676   -0.008452   -0.000056
    2.000000    0.030510   -0.033442   -0.029104
    2.000000    0.011212   -0.022653    0.030647
    2.000000    0.031360   -0.028082   -0.056687
    2.000000    0.023202   -0.020831    0.009149
    2.000000    0.021854   -0.013211   -0.020492
    2.000000    0.023315   -0.020863   -0.003726
    2.000000    0.021693   -0.032337    0.009169
    2.000000    0.031178   -0.023996    0.003650
    2.000000    0.025464   -0.022913   -0.024019
    2.000000    0.016191   -0.014414   -0.028799
    2.000000    0.027520   -0.046532   -0.004143
    2.000000    0.025348   -0.026780   -0.001098
    2.000000    0.026992   -0.013317    0.038260
    2.000000    0.027498   -0.025839   -0.003088
    2.000000    0.026074   -0.010865    0.048366
    2.000000    0.018673   -0.040460   -0.012144
    2.000000    0.022489   -0.031241    0.002966
    2.000000    0.023470   -0.023822   -0.014586
    2.000000    0.026051   -0.041813   -0.008878
    2.000000    0.023667   -0.018327    0.037951
    2.000000    0.011329   -0.033392   -0.031869
    2.000000    0.025255   -0.030014   -0.001934
    2.000000    0.030348   -0.017027   -0.017222
    2.000000    0.008682   -0.034044   -0.005549
    2.000000    0.022433   -0.033546    0.012435
    2.000000    0.032529   -0.030953   -0.041017
    2.000000    0.029610   -0.006279    0.024717
    2.000000    0.025101   -0.030906    0.019489
    2.000000    0.022456   -0.016491   -0.004862
    2.000000    0.024444   -0.024082   -0.001690
    2.000000    0.030078   -0.025252   -0.033780
    2.000000    0.021125   -0.029691    0.043782
    2.000000    0.017743   -0.023743   -0.002069
    2.000000    0.024354   -0.022026   -0.005675
    2.000000    0.029420   -0.030379   -0.024105
    2.000000    0.017008   -0.026071   -0.020353
    2.000000    0.023453   -0.047511    0.019564
    2.000000    0.029017   -0.027012   -0.006529
    2.000000    0.013308   -0.032218    0.030224
    2.000000    0.028392   -0.027124    0.014282
    2.000000    0.025516   -0.019785    0.035790
    2.000000    0.033315   -0.023672    0.006022
    2.000000    0.016738   -0.023448    0.024340
    2.000000    0.027153   -0.019990   -0.019749
    2.000000    0.020493   -0.030339    0.029487
    2.000000    0.024610   -0.027418    0.008676
    2.000000    0.024840   -0.019366    0.002167
    2.000000    0.023134   -0.019312    0.001453
    2.000000    0.014884   -0.027094    0.009820
    2.000000    0.012737   -0.026056   -0.015552
    2.000000    0.011140   -0.020108    0.017933
    2.000000    0.024490   -0.023007    0.011693
    2.000000    0.014044   -0.026799    0.033437
    2.000000    0.022023   -0.048158    0.018511
    2.000000    0.035305   -0.031192   -0.001830
    2.000000    0.026297   -0.031402   -0.024857
    2.000000    0.029169   -0.009928    0.042064
    2.000000    0.014088   -0.039829   -0.003495
    2.000000    0.012748   -0.014280   -0.003184
    2.000000    0.032557   -0.028475    0.045103
    2.000000    0.010566   -0.012940    0.029236
    2.000000    0.009820   -0.026762    0.017118
    2.000000    0.032379   -0.011264    0.005699
    2.000000    0.032483   -0.033894   -0.033579
    2.000000    0.021188   -0.022804    0.004036
    2.000000    0.022355   -0.020352   -0.018431
    2.000000    0.030960   -0.011938   -0.044809
    2.000000    0.029785   -0.031090    0.025213
    2.000000    0.022391   -0.027915   -0.061050
    2.000000    0.025163   -0.023364    0.002151
    2.000000    0.022788   -0.023822    0.004842
    2.000000    0.032311   -0.003396   -0.004731
    2.000000    0.026405   -0.006670   -0.013322
    2.000000    0.029050   -0.011325    0.049547
    2.000000    0.022906   -0.030287   -0.024168
    2.000000    0.023621   -0.026404    0.002493
    2.000000    0.022813   -0.014762   -0.022829
    2.000000    0.031954   -0.030653    0.016096
    2.000000    0.020474   -0.030858   -0.036871
    2.000000    0.016885   -0.028067    0.058903
    2.000000    0.024899   -0.025758    0.001189
    2.000000    0.018374   -0.021040   -0.010590
    2.000000    0.025324   -0.009407   -0.050705
    2.000000    0.026156   -0.036317   -0.001391
    2.000000    0.026072   -0.024410   -0.016557
    2.000000    0.022273   -0.034422   -0.028356
    2.000000    0.024238   -0.025072   -0.002229
    2.000000    0.032999   -0.022746   -0.022319
    2.000000    0.024895   -0.012293    0.010717
    2.000000    0.019346   -0.004402   -0.015263
    2.000000    0.013596   -0.030869   -0.001565
    2.000000    0.030142   -0.016855    0.005062
    2.000000    0.019262   -0.016662    0.020072
    2.000000    0.032718   -0.009394    0.010882
    2.000000    0.029466   -0.022807   -0.059119
    2.000000    0.021591   -0.026507   -0.018047
    2.000000    0.016635   -0.021637    0.031453
    2.000000    0.024221   -0.026811    0.002428
    2.000000    0.028032   -0.009356    0.024916
    2.000000    0.026928   -0.037129   -0.050325
    2.000000    0.016228   -0.012633   -0.035553
    2.000000    0.029087   -0.013706    0.044549
    2.000000    0.031618   -0.037124   -0.003758
    2.000000    0.023968   -0.027283   -0.004445
    2.000000    0.029127   -0.040306   -0.013144
    2.000000    0.026724   -0.031302   -0.024216
    2.000000    0.024559   -0.030783    0.018622
    2.000000    0.016569   -0.020031    0.022511
    2.000000    0.024320   -0.025083   -0.000512
    2.000000    0.017283   -0.009142    0.005852
    2.000000    0.016123   -0.022332   -0.060178
    2.000000    0.022079   -0.015763    0.010793
    2.000000    0.025025   -0.033151   -0.012121
    2.000000    0.023906   -0.025418   -0.000485
    2.000000    0.009760   -0.010519   -0.005888
    2.000000    0.023822   -0.027096   -0.005025
    2.000000    0.028188   -0.019738    0.000539
    2.000000    0.012821   -0.026515   -0.007064
    2.000000    0.018380   -0.015577    0.037458
    2.000000    0.023362   -0.028134   -0.008881
    2.000000    0.024606   -0.024173    0.005644
    2.000000    0.016275   -0.027671   -0.024148
    2.000000    0.012317   -0.027506   -0.003852
    2.000000    0.023369   -0.036474    0.048605
    2.000000    0.010767   -0.028873    0.035029
    2.000000    0.017345   -0.025679    0.000786
    2.000000    0.031150   -0.045235   -0.035571
    2.000000    0.024883   -0.022697    0.015889
    2.000000    0.030123   -0.026210   -0.021910
    2.000000    0.018554   -0.004201    0.001952
    2.000000    0.033563   -0.043452   -0.032264
    2.000000    0.023867   -0.021652    0.058619
    2.000000    0.024316   -0.023909    0.001793
    2.000000    0.023935   -0.021324   -0.019680
    2.000000    0.013277   -0.010639    0.006667
    2.000000    0.024495   -0.024670   -0.000516
    2.000000    0.025605   -0.028094   -0.018518
    2.000000    0.022322   -0.009530    0.029352
    2.000000    0.024763   -0.027210    0.009139
    2.000000    0.025476   -0.010714   -0.035330
    2.000000    0.030415   -0.021370   -0.054958
    2.000000    0.033018   -0.005891    0.008449
    2.000000    0.024043   -0.031095    0.002354
    2.000000    0.024128   -0.024408   -0.001589
    2.000000    0.031428   -0.031740    0.030395
    2.000000    0.026362   -0.023017    0.006133
    2.000000    0.023938   -0.039956    0.027119
    2.000000    0.026096   -0.019788   -0.000465
    2.000000    0.034591   -0.032659    0.017141
    2.000000    0.030265   -0.010690   -0.009239
    2.000000    0.022233   -0.040295    0.042419
    2.000000    0.025931   -0.020286    0.032276
    2.000000    0.025479   -0.027180    0.021877
    2.000000    0.017663   -0.023472   -0.004754
    2.000000    0.020487   -0.030152    0.061050
    2.000000    0.030863   -0.028282   -0.008369
    2.000000    0.024292   -0.025614    0.008312
    2.000000    0.029591   -0.038340    0.016042
    2.000000    0.031910   -0.023744   -0.034210
    2.000000    0.016735   -0.037502    0.023937
    2.000000    0.026600   -0.010210   -0.002565
    2.000000    0.027406   -0.030289    0.036703
    2.000000    0.029003   -0.021386   -0.014143
    2.000000    0.026952   -0.011983    0.021817
    2.000000    0.024326   -0.025272   -0.001855
    2.000000    0.025698   -0.031319    0.055298
    2.000000    0.027919   -0.030968    0.017201
    2.000000    0.022433   -0.008264    0.016628
    2.000000    0.012578   -0.026522   -0.016459
    2.000000    0.012660   -0.009801    0.009044
    2.000000    0.022432   -0.025110    0.006783
    2.000000    0.032341   -0.026116    0.032820
    2.000000    0.024651   -0.022897   -0.000981
    2.000000    0.023223   -0.024429   -0.009135
    2.000000    0.025370   -0.026278   -0.001181
    2.000000    0.010649   -0.008308    0.001328
    2.000000    0.019387   -0.011036   -0.012908
    2.000000    0.024421   -0.029035   -0.031972
    2.000000    0.030429   -0.030789    0.001504
    2.000000    0.021876    0.000155   -0.018373
    2.000000    0.021722   -0.019184    0.009526
    2.000000    0.026561   -0.032845   -0.014102
    2.000000    0.036261   -0.016262   -0.007128
    2.000000    0.027632   -0.028605    0.022880
    2.000000    0.023945   -0.034695   -0.011312
    2.000000    0.022462   -0.043594    0.003326
    2.000000    0.028178   -0.022671    0.023650
    2.000000    0.025144   -0.024181   -0.000217
    2.000000    0.015902   -0.023307    0.033653
    2.000000    0.021115   -0.044403    0.016880
    2.000000    0.012527   -0.030292    0.002988
    2.000000    0.024412   -0.025109   -0.003145
    2.000000    0.028232   -0.042774   -0.032876
    2.000000    0.018165   -0.042828   -0.010099
    2.000000    0.023066   -0.000502   -0.022868
    2.000000    0.021900   -0.026877   -0.025296
    2.000000    0.019809   -0.013935    0.016756
    2.000000    0.012387   -0.026065    0.002141
    2.000000    0.031960   -0.030779   -0.005652
    2.000000    0.033514   -0.025738   -0.002415
    2.000000    0.015300   -0.010614   -0.022370
    2.000000    0.033256   -0.031329    0.020208
    2.000000    0.030945   -0.041383    0.005358
    2.000000    0.032823   -0.009827    0.024660
    2.000000    0.027756   -0.006529   -0.004314
    2.000000    0.009605   -0.015805    0.021210
    2.000000    0.016877   -0.030150   -0.045176
    2.000000    0.025957   -0.023018   -0.000178
    2.000000    0.027359   -0.026976   -0.037280
    2.000000    0.036114   -0.012076   -0.013071
    2.000000    0.025352   -0.026076    0.001523
    2.000000    0.016827   -0.020434   -0.012693
    2.000000    0.029326   -0.026565   -0.017378
    2.000000    0.024565   -0.011042    0.021264
    2.000000    0.032493   -0.030843   -0.038042
    2.000000    0.027298   -0.025674    0.018516
    2.000000    0.026836   -0.037606   -0.015348
    2.000000    0.029326   -0.035438    0.024499
    2.000000    0.028326   -0.004028    0.031465
    2.000000    0.016785   -0.042201   -0.015520
    2.000000    0.032086   -0.030989   -0.040260
    2.000000    0.023910   -0.026455   -0.002472
    2.000000    0.024787   -0.031041   -0.033764
    2.000000    0.025559   -0.026959    0.006907
    2.000000    0.023859   -0.024382   -0.003897
    2.000000    0.026174   -0.006449    0.001541
    2.000000    0.023607   -0.024381   -0.000527
    2.000000    0.023602   -0.016817    0.016255
    2.000000    0.024885   -0.019778    0.014263
    2.000000    0.015615   -0.043758    0.002438
    2.000000    0.030484   -0.018894    0.055412
    2.000000    0.038086   -0.033996   -0.030782
    2.000000    0.025449   -0.020985    0.029406
    2.000000    0.031164   -0.022395    0.004893
    2.000000    0.025007   -0.045292    0.039954
    2.000000    0.024123   -0.021778    0.007432
    2.000000    0.022501   -0.030604   -0.015635
    2.000000    0.024008   -0.012548   -0.025231
    2.000000    0.019698   -0.015708    0.030913
    2.000000    0.027675   -0.009549    0.008603
    2.000000    0.027030   -0.022596    0.020380
    2.000000    0.037268   -0.037309   -0.037331
    2.000000    0.009616   -0.030462    0.000007
    2.000000    0.033167   -0.029218    0.021903
    2.000000    0.025788   -0.023156   -0.007639
    2.000000    0.025380   -0.027793    0.004343
    2.000000    0.024826   -0.025061   -0.000415
    2.000000    0.017750   -0.016330   -0.001346
    2.000000    0.023928   -0.026890   -0.010213
    2.000000    0.025847   -0.017128   -0.033967
    2.000000    0.025796   -0.011215   -0.020170
    2.000000    0.023258   -0.028722    0.005604
    2.000000    0.024675   -0.027810   -0.003384
    2.000000    0.029879   -0.019535    0.007041
    2.000000    0.016989   -0.029223    0.058283
    2.000000    0.023832   -0.025326   -0.001841
    2.000000    0.018479   -0.041812    0.003837
    2.000000    0.020277   -0.015250    0.058701
    2.000000    0.024040   -0.027691    0.018606
    2.000000    0.025565   -0.025562    0.003926
    2.000000    0.030597   -0.022939    0.003852
    2.000000    0.025067   -0.026525    0.000025
    2.000000    0.041138   -0.028611   -0.004953
    2.000000    0.018923   -0.026083   -0.007522
    2.000000    0.024477   -0.027632   -0.025550
    2.000000    0.022482   -0.028824    0.020900
    2.000000    0.021660   -0.026609    0.028877
    2.000000    0.014928   -0.026440   -0.006932
    2.000000    0.022585   -0.022921    0.000571
    2.000000    0.016083   -0.044211    0.004680
    2.000000    0.030165   -0.023365   -0.005949
    2.000000    0.024524   -0.025546   -0.001421
    2.000000    0.019014   -0.013198   -0.030116
    2.000000    0.026570   -0.043459   -0.003526
    2.000000    0.027112   -0.025911    0.003011
    2.000000    0.009910   -0.027341    0.036119
    2.000000    0.032868   -0.035069    0.017364
    2.000000    0.028174   -0.036480    0.036134
    2.000000    0.013684   -0.014030    0.024224
    2.000000    0.026336   -0.027913   -0.004366
    2.000000    0.022047   -0.022425    0.002221
    2.000000    0.023423   -0.028970    0.004581
    2.000000    0.026246   -0.029689    0.000651
    2.000000    0.028755   -0.004502   -0.018718
    2.000000    0.032758   -0.037233   -0.011593
    2.000000    0.018390   -0.014984    0.020363
    2.000000    0.023158   -0.022678    0.001255
    2.000000    0.015981   -0.025245   -0.041030
    2.000000    0.019173   -0.040920    0.002157
    2.000000    0.025745   -0.026296    0.006023
    2.000000    0.009920   -0.018940   -0.006271
    2.000000    0.025209   -0.028765    0.007817
    2.000000    0.025336   -0.025543    0.023073
    2.000000    0.021730   -0.018079   -0.012236
    2.000000    0.023824   -0.024077   -0.010616
    2.000000    0.024175   -0.024047   -0.000032
    2.000000    0.024931   -0.031058   -0.034349
    2.000000    0.022596   -0.025089   -0.007436
    2.000000    0.019971   -0.007440   -0.002729
    2.000000    0.027392   -0.038842    0.002507
    2.000000    0.032567   -0.038100    0.008705
    2.000000    0.024415   -0.024375    0.019811
    2.000000    0.026371   -0.026339    0.015012
    2.000000    0.020457   -0.019312    0.016826
    2.000000    0.013017   -0.026762    0.037898
    2.000000    0.027032   -0.034479   -0.011931
    2.000000    0.024426   -0.008528    0.005012
    2.000000    0.027497   -0.027684   -0.021496
    2.000000    0.021034   -0.029256   -0.015251
    2.000000    0.028736   -0.034301    0.020814
    2.000000    0.024271   -0.024963   -0.000457
    2.000000    0.028308   -0.028240   -0.040147
    2.000000    0.024811   -0.025384   -0.001590
    2.000000    0.018546   -0.011632    0.030427
    2.000000    0.026632   -0.044487   -0.025378
    2.000000    0.022832   -0.024941   -0.001356
    2.000000    0.024992   -0.011305   -0.006450
    2.000000    0.012070   -0.031893    0.019601
    2.000000    0.024763   -0.024824   -0.067077
    2.000000    0.026864   -0.023712   -0.003549
    2.000000    0.039453   -0.030888    0.013798
    2.000000    0.019005   -0.032286    0.043024
    2.000000    0.019134   -0.035630   -0.011830
    2.000000    0.022941   -0.030478   -0.018251
    2.000000    0.024237   -0.024417   -0.001337
    2.000000    0.024466   -0.024261    0.000535
    2.000000    0.022141   -0.030587    0.001795
    2.000000    0.029914   -0.024876   -0.055213
    2.000000    0.031852   -0.007715    0.025402
    2.000000    0.038288   -0.015799    0.007158
    2.000000    0.029894   -0.006667    0.030363
    2.000000    0.033321   -0.026836    0.034325
    2.000000    0.022409   -0.022914    0.008349
    2.000000    0.023877   -0.024555   -0.059793
    2.000000    0.030071   -0.040211    0.012777
    2.000000    0.028175   -0.030219    0.001301
    2.000000    0.016207   -0.021325   -0.045937
    2.000000    0.020781   -0.027332   -0.006436
    2.000000    0.026506   -0.038607   -0.042997
    2.000000    0.030079   -0.034938   -0.025325
    2.000000    0.024441   -0.023546   -0.007262
    2.000000    0.020801   -0.012644   -0.032917
    2.000000    0.025633   -0.014175   -0.005518
    2.000000    0.015369   -0.009948   -0.027735
    2.000000    0.022026   -0.033829    0.014898
    2.000000    0.039710   -0.025539   -0.030064
    2.000000    0.021043   -0.032996   -0.030177
    2.000000    0.025071   -0.025115    0.000068
    2.000000    0.028259   -0.023570    0.038788
    2.000000    0.027855   -0.033790    0.029012
    2.000000    0.028452   -0.034767    0.025032
    2.000000    0.024743   -0.022497    0.019759
    2.000000    0.024060   -0.029808    0.023304
    2.000000    0.016293   -0.011262    0.015704
    2.000000    0.020848   -0.028429   -0.008763
    2.000000    0.024366   -0.025179   -0.000235
    2.000000    0.024498   -0.011219    0.000134
    2.000000    0.027685   -0.021005   -0.014263
    2.000000    0.023636   -0.018731   -0.007237
    2.000000    0.024654   -0.025007    0.006522
    2.000000    0.024463   -0.024946   -0.003747
    2.000000    0.024976   -0.025725   -0.007630
    2.000000    0.024524   -0.026236    0.045527
    2.000000    0.037413   -0.015469   -0.002724
    2.000000    0.023056   -0.007036    0.005366
    2.000000    0.025403   -0.017565    0.051982
    2.000000    0.025069   -0.025914   -0.002176
    2.000000    0.025061   -0.025161    0.035337
    2.000000    0.024516   -0.022390    0.008331
    2.000000    0.027866   -0.034756    0.040551
    2.000000    0.025569   -0.029963   -0.003101
    2.000000    0.019184   -0.011328   -0.038390
    2.000000    0.024235   -0.025336   -0.001051
    2.000000    0.032237   -0.040235   -0.049010
    2.000000    0.026767   -0.038979    0.010628
    2.000000    0.020519   -0.041909    0.002699
    2.000000    0.017185   -0.015236    0.037729
    2.000000    0.024160   -0.026933   -0.008186
    2.000000    0.024398   -0.025020   -0.001107
    2.000000    0.031967   -0.039463    0.000131
    2.000000    0.019835   -0.044395   -0.011545
    2.000000    0.026315   -0.011414    0.045128
    2.000000    0.026661   -0.009174    0.048063
    2.000000    0.024488   -0.020316    0.002683
    2.000000    0.025043   -0.021001    0.025341
    2.000000    0.024757   -0.009647   -0.024140
    2.000000    0.025329   -0.023739   -0.010985
    2.000000    0.027119   -0.029064    0.002642
    2.000000    0.012581   -0.023255    0.021745
    2.000000    0.023564   -0.027255    0.002452
    2.000000    0.016660   -0.010787   -0.044047
    2.000000    0.032390   -0.021419    0.019763
    2.000000    0.021361   -0.032203   -0.010381
    2.000000    0.011580   -0.030065   -0.012037
    2.000000    0.019491   -0.020237   -0.002465
    2.000000    0.026478   -0.018650   -0.018677
    2.000000    0.037531   -0.039889    0.022768
    2.000000    0.025788   -0.022754   -0.001325
    2.000000    0.022068   -0.022620   -0.024725
    2.000000    0.014380   -0.030158   -0.022725
    2.000000    0.025308   -0.019670    0.023269
    2.000000    0.027043   -0.011917   -0.043387
    2.000000    0.024059   -0.011135   -0.010837
    2.000000    0.022345   -0.010614   -0.038548
    2.000000    0.028878   -0.018409   -0.056635
    2.000000    0.024905   -0.029512    0.045012
    2.000000    0.023973   -0.029822    0.006926
    2.000000    0.026567   -0.028223   -0.006626
    2.000000    0.021219   -0.026537   -0.001988
    2.000000    0.031964   -0.031477   -0.007016
    2.000000    0.024727   -0.025960   -0.004974
    2.000000    0.024062   -0.028790    0.001204
    2.000000    0.031567   -0.036839    0.003330
    2.000000    0.016338   -0.015102    0.055757
    2.000000    0.024056   -0.023963    0.007075
    2.000000    0.035505   -0.039064    0.023502
    2.000000    0.023353   -0.000368   -0.001520
    2.000000    0.030819   -0.019795   -0.002772
    2.000000    0.026101   -0.024471   -0.000276
    2.000000    0.027981   -0.026142   -0.000480
    2.000000    0.022076   -0.029011    0.036527
    2.000000    0.023877   -0.024858   -0.001229
    2.000000    0.026332   -0.023569   -0.032283
    2.000000    0.032459   -0.048553   -0.000702
    2.000000    0.024281   -0.025047   -0.000695
    2.000000    0.010486   -0.019883    0.006015
    2.000000    0.024100   -0.025021   -0.000437
    2.000000    0.026605   -0.028233   -0.048394
    2.000000    0.022542   -0.014314   -0.017844
    2.000000    0.027309   -0.029767    0.025866
    2.000000    0.031726   -0.007170    0.010295
    2.000000    0.019413   -0.032624    0.002406
    2.000000    0.019741   -0.018608   -0.011713
    2.000000    0.032034   -0.017692   -0.008229
    2.000000    0.024214   -0.024483   -0.005092
    2.000000    0.028229   -0.011220   -0.055860
    2.000000    0.026306   -0.024954    0.000094
    2.000000    0.025125   -0.022526   -0.003517
    2.000000    0.025274   -0.044692    0.022685
    2.000000    0.031283   -0.010032   -0.032884
    2.000000    0.023718   -0.029875    0.002335
    2.000000    0.024264   -0.025075   -0.000469
    2.000000    0.024966   -0.028041   -0.005653
    2.000000    0.026938   -0.031031   -0.028490
    2.000000    0.009875   -0.009836    0.010450
    2.000000    0.027820   -0.034400    0.011911
    2.000000    0.029115   -0.035573    0.037421
    2.000000    0.016198   -0.033556    0.007139
    2.000000    0.024069   -0.025448    0.000258
    2.000000    0.026220   -0.029738   -0.004183
    2.000000    0.025601   -0.025782   -0.000861
    2.000000    0.021045   -0.034276    0.029498
    2.000000    0.016571   -0.021167    0.029925
    2.000000    0.019457   -0.030574   -0.027264
    2.000000    0.025112   -0.028415    0.017253
    2.000000    0.021570   -0.024149    0.011078
    2.000000    0.027325   -0.022648   -0.001208
    2.000000    0.023556   -0.024208    0.005119
    2.000000    0.021156   -0.041883   -0.027465
    2.000000    0.022628   -0.021452   -0.011756
    2.000000    0.028574   -0.013658    0.053388
    2.000000    0.016247   -0.002268    0.016648
    2.000000    0.029561   -0.026028   -0.031903
    2.000000    0.024725   -0.031081    0.010279
    2.000000    0.024276   -0.026803   -0.005433
    2.000000    0.025289   -0.023812   -0.037983
    2.000000    0.026349   -0.018817    0.017087
    2.000000    0.024006   -0.027041    0.000725
    2.000000    0.016925   -0.031477   -0.007214
    2.000000    0.035540   -0.018118    0.028433
    2.000000    0.010670   -0.014860    0.018900
    2.000000    0.023429   -0.023680   -0.002276
    2.000000    0.026702   -0.022316    0.001346
    2.000000    0.030839   -0.022827   -0.026240
    2.000000    0.026941   -0.033362    0.037913
    2.000000    0.028371   -0.028072    0.012533
    2.000000    0.025116   -0.020727   -0.025868
    2.000000    0.013045   -0.027968    0.003412
    2.000000    0.032469   -0.014788    0.033726
    2.000000    0.027890   -0.034529   -0.000447
    2.000000    0.024356   -0.024485   -0.001594
    2.000000    0.022163   -0.029267    0.003783
    2.000000    0.020206   -0.026818   -0.040172
    2.000000    0.013246   -0.021517   -0.007481
    2.000000    0.019323   -0.020093   -0.006618
    2.000000    0.023685   -0.023758    0.066045
    2.000000    0.028607   -0.047395   -0.026944
    3.000000    0.014975    0.051091    0.007378
    3.000000    0.009651    0.033855   -0.026725
    3.000000   -0.004406    0.042239   -0.023648
    3.000000    0.008922    0.034870   -0.019659
    3.000000    0.027767    0.037056   -0.071816
    3.000000    0.019355    0.032361    0.042999
    3.000000    0.008526    0.035633   -0.030953
    3.000000    0.011479    0.025121   -0.002127
    3.000000    0.028733    0.013173   -0.050892
    3.000000    0.019055    0.048026    0.092011
    3.000000    0.012230    0.031003    0.002004
    3.000000    0.007890    0.042019   -0.019045
    3.000000    0.020485    0.023561   -0.048508
    3.000000    0.009507    0.034326   -0.002325
    3.000000    0.006482    0.061844    0.038341
    3.000000    0.017539    0.029792    0.008627
    3.000000    0.010324    0.032030   -0.001713
    3.000000    0.007560    0.027454    0.037395
    3.000000    0.006325    0.029104   -0.075803
    3.000000    0.026976    0.028529   -0.080442
    3.000000    0.009796    0.031165    0.004873
    3.000000   -0.004112    0.036681   -0.008940
    3.000000    0.010611    0.032531   -0.004553
    3.000000    0.012077    0.038740   -0.008427
    3.000000    0.008333    0.010012   -0.009953
    3.000000    0.026505    0.049432   -0.039974
    3.000000    0.012333    0.041442   -0.001221
    3.000000    0.004784    0.021813   -0.058811
    3.000000    0.016699    0.070119   -0.019334
    3.000000    0.021544    0.039346    0.014953
    3.000000    0.009738    0.034708   -0.001398
    3.000000   -0.003421    0.008704   -0.010919
    3.000000    0.008441    0.037345    0.016441
    3.000000    0.015520    0.035879   -0.009496
    3.000000    0.024235    0.030703   -0.012034
    3.000000   -0.001038    0.020594   -0.026035
    3.000000   -0.002783    0.021091   -0.009055
    3.000000   -0.007253    0.034900   -0.027052
    3.000000   -0.007899    0.023575   -0.006332
    3.000000    0.015544    0.030028   -0.033361
    3.000000    0.016639    0.026704    0.018640
    3.000000    0.020239    0.047633    0.019634
    3.000000    0.018241    0.044754   -0.086712
    3.000000    0.007159    0.042225   -0.003721
    3.000000    0.002723    0.057348    0.066434
    3.000000    0.006661    0.023210    0.010604
    3.000000    0.028644    0.011551   -0.010114
    3.000000    0.012174    0.024559   -0.058179
    3.000000    0.007191    0.044415    0.047811
    3.000000    0.009565    0.036746    0.001680
    3.000000    0.004017    0.038521    0.003346
    3.000000    0.001493    0.068115   -0.017786
    3.000000    0.018366    0.015808   -0.059503
    3.000000    0.005226   -0.002872   -0.008389
    3.000000    0.010398    0.021357   -0.007224
    3.000000   -0.008080    0.034870   -0.062749
    3.000000   -0.010867    0.024285    0.003015
    3.000000    0.014802    0.019744    0.033479
    3.000000    0.011336    0.034892    0.004368
    3.000000    0.001463    0.043814    0.047298
    3.000000    0.001772    0.015761    0.041375
    3.000000    0.010573    0.038657    0.005797
    3.000000    0.011899    0.031360    0.005477
    3.000000   -0.002563    0.017731    0.028263
    3.000000    0.006689    0.024237    0.007385
    3.000000    0.019789    0.034730   -0.016664
    3.000000    0.020733    0.030111   -0.076356
    3.000000   -0.004246    0.012137   -0.048741
    3.000000    0.009710    0.024875    0.008406
    3.000000   -0.005100    0.017205    0.013490
    3.000000   -0.012619    0.045022    0.025023
    3.000000    0.020536    0.003420   -0.031055
    3.000000    0.014196    0.041046   -0.007388
    3.000000    0.008893    0.051824    0.076208
    3.000000    0.012648    0.046416   -0.002952
    3.000000    0.017644    0.027522   -0.035711
    3.000000    0.022599    0.045211    0.029055
    3.000000    0.031366    0.045216    0.009917
    3.000000    0.004012    0.044357    0.057252
    3.000000    0.008002    0.033205    0.007496
    3.000000   -0.003439    0.053569    0.049035
    3.000000    0.011695    0.030255   -0.004691
    3.000000   -0.005262    0.013005   -0.022066
    3.000000    0.019315    0.047103    0.003042
    3.000000    0.013718    0.029639   -0.036099
    3.000000    0.010928    0.032625    0.000928
    3.000000    0.011338    0.030939    0.004396
    3.000000    0.010523    0.032344    0.001956
    3.000000   -0.004871    0.039549   -0.044901
    3.000000    0.026015    0.022056    0.063031
    3.000000    0.015103    0.048700    0.001770
    3.000000    0.014445    0.042618    0.083139
    3.000000    0.001131    0.049343    0.035031
    3.000000    0.006905    0.046281    0.033351
    3.000000   -0.005360    0.024380    0.056948
    3.000000   -0.001903    0.012519   -0.030240
    3.000000    0.016363    0.048381    0.036541
    3.000000   -0.008755    0.032000   -0.030312
    3.000000    0.018626    0.019950   -0.030534
    3.000000    0.012019    0.041205    0.007894
    3.000000    0.007187    0.036051    0.034144
    3.000000    0.008562    0.029048    0.024397
    3.000000    0.018185    0.033668    0.006216
    3.000000   -0.002011    0.012316   -0.036112
    3.000000    0.009055    0.031016    0.018273
    3.000000    0.018565    0.053903   -0.046140
    3.000000    0.007734    0.038149   -0.079571
    3.000000    0.004208    0.035275    0.004179
    3.000000    0.013665    0.036605    0.075715
    3.000000    0.027423    0.048167   -0.030743
    3.000000    0.009574    0.031289    0.005880
    3.000000   -0.009155    0.043877    0.014898
    3.000000   -0.007256    0.016495   -0.040383
    3.000000   -0.003233    0.034598    0.011783
    3.000000    0.023851    0.028308   -0.078940
    3.000000    0.011998    0.034382   -0.006058
    3.000000    0.017347    0.034556    0.048298
    3.000000   -0.001853    0.028047    0.020394
    3.000000    0.010248   -0.001957    0.040368
    3.000000   -0.012882    0.025915   -0.006687
    3.000000    0.007777    0.031268   -0.001529
    3.000000    0.010586    0.033232   -0.001876
    3.000000    0.010457    0.032583    0.001411
    3.000000    0.011534    0.022395    0.013005
    3.000000   -0.004541    0.036449    0.009935
    3.000000   -0.006362    0.027874   -0.036682
    3.000000    0.015516    0.041925    0.008264
    3.000000    0.012940    0.038329    0.049257
    3.000000    0.011999    0.032756   -0.005791
    3.000000    0.007410    0.000644   -0.012557
    3.000000    0.009131    0.038042    0.012868
    3.000000    0.012461    0.019798    0.012822
    3.000000    0.008674    0.058434    0.064072
    3.000000    0.004256    0.010719    0.015540
    3.000000    0.000963    0.033694    0.004093
    3.000000    0.001823    0.030569    0.021019
    3.000000    0.013748    0.063638    0.060642
    3.000000    0.010018    0.026153    0.008458
    3.000000    0.005999    0.032788    0.004770
    3.000000    0.012138    0.035509   -0.000809
    3.000000    0.007677    0.039658   -0.001204
    3.000000    0.007467    0.033249   -0.003184
    3.000000    0.001728    0.039283    0.091594
    3.000000   -0.001303    0.049066   -0.008674
    3.000000    0.009377    0.054200   -0.062517
    3.000000    0.004828    0.021367   -0.004664
    3.000000    0.005682    0.024968    0.028442
    3.000000    0.022945    0.018452    0.000546
    3.000000   -0.004387    0.060236    0.005836
    3.000000    0.009281    0.022410   -0.031927
    3.000000    0.008645    0.034613   -0.003259
    3.000000    0.006817    0.020240   -0.030759
    3.000000    0.012341    0.034788    0.017787
    3.000000    0.011937    0.032872   -0.000519
    3.000000    0.006566    0.052122    0.063257
    3.000000    0.002125    0.018890   -0.059000
    3.000000    0.002093    0.020818    0.019239
    3.000000   -0.012813    0.042537   -0.005288
    3.000000    0.023075    0.033211   -0.043038
    3.000000    0.007802    0.043747    0.023934
    3.000000    0.016167    0.026157    0.094688
    3.000000    0.010292    0.032656    0.002513
    3.000000    0.010430    0.032667    0.001069
    3.000000    0.020855    0.051149   -0.035861
    3.000000    0.014885    0.022590   -0.017819
    3.000000    0.010769    0.034865    0.005450
    3.000000    0.011742    0.027988    0.000107
    3.000000    0.023140    0.028412    0.070555
    3.000000    0.005688    0.066430   -0.040957
    3.000000    0.009234    0.030985   -0.002089
    3.000000    0.022812    0.009940    0.003714
    3.000000    0.010480    0.033315   -0.000400
    3.000000    0.010682    0.038548   -0.032205
    3.000000    0.009037    0.028972    0.001825
    3.000000   -0.000802    0.030900    0.044667
    3.000000    0.008237    0.025970    0.011886
    3.000000    0.021021    0.041682    0.089155
    3.000000   -0.004561    0.026095    0.004671
    3.000000    0.008390    0.038784   -0.063682
    3.000000    0.010796    0.021492    0.018975
    3.000000    0.005592    0.011098    0.055564
    3.000000    0.013794    0.016137   -0.028674
    3.000000    0.002913    0.027349    0.093371
    3.000000    0.023789    0.016331    0.039754
    3.000000    0.021062    0.034595    0.014266
    3.000000    0.020792    0.012161   -0.068488
    3.000000    0.024140    0.050496   -0.021162
    3.000000    0.010133    0.033139   -0.025551
    3.000000    0.014117    0.007027    0.048053
    3.000000    0.013979    0.031761   -0.002323
    3.000000    0.011153    0.019058    0.053350
    3.000000   -0.003820    0.042064   -0.028896
    3.000000    0.028005    0.007782    0.005958
    3.000000    0.011738    0.027806    0.027682
    3.000000    0.024816    0.003718    0.028560
    3.000000    0.009674    0.032966   -0.013313
    3.000000   -0.004290    0.046968    0.027612
    3.000000    0.010418    0.052477   -0.034957
    3.000000    0.009060    0.022092    0.064699
    3.000000    0.016829    0.042243   -0.003995
    3.000000   -0.000696    0.044023    0.016073
    3.000000    0.009634    0.026892   -0.021408
    3.000000   -0.006694    0.021234   -0.043899
    3.000000    0.023070    0.020977    0.012634
    3.000000    0.005410    0.048777   -0.051807
    3.000000    0.006772    0.032074    0.044817
    3.000000    0.006800    0.014787    0.002576
    3.000000    0.004478    0.031495   -0.001192
    3.000000    0.016398    0.009503    0.029318
    3.000000    0.010067    0.035022   -0.013707
    3.000000    0.016721    0.039940   -0.041789
    3.000000    0.018458    0.049023   -0.020830
    3.000000    0.009731    0.032016   -0.020973
    3.000000    0.027968    0.037278   -0.009347
    3.000000   -0.004886    0.039728    0.066417
    3.000000    0.010944    0.031699    0.001606
    3.000000    0.008896    0.039041    0.058194
    3.000000    0.009537    0.033267    0.003639
    3.000000   -0.003123    0.035939    0.037165
    3.000000    0.026645    0.025628   -0.028530
    3.000000    0.015169    0.032264   -0.041727
    3.000000    0.008677    0.036758   -0.028511
    3.000000    0.012115    0.039268   -0.100496
    3.000000   -0.002085    0.010691    0.011368
    3.000000    0.002605    0.033224   -0.065014
    3.000000    0.006756    0.029213   -0.025241
    3.000000   -0.000277    0.044780    0.008787
    3.000000    0.010555    0.032779    0.000257
    3.000000    0.011019    0.033192   -0.000413
    3.000000    0.015263    0.048167   -0.095506
    3.000000    0.013043    0.030352   -0.009999
    3.000000    0.012578    0.024912   -0.024531
    3.000000    0.001383    0.035982    0.010166
    3.000000    0.023428    0.033316    0.036828
    3.000000    0.012075    0.033157    0.001015
    3.000000    0.012007    0.038379    0.003665
    3.000000    0.010190    0.031639   -0.017792
    3.000000   -0.000634    0.019543   -0.012973
    3.000000    0.018231    0.036138    0.000291
    3.000000    0.014817    0.062554   -0.045190
    3.000000    0.026077    0.030542    0.027073
    3.000000    0.011155    0.044424   -0.067313
    3.000000    0.005031   -0.000732    0.001763
    3.000000    0.020139    0.013649   -0.066569
    3.000000    0.007736    0.031601   -0.012267
    3.000000    0.001031    0.031019    0.026333
    3.000000    0.005028    0.026650   -0.015323
    3.000000   -0.010121    0.030805   -0.028071
    3.000000    0.007979    0.045705   -0.059249
    3.000000    0.011987    0.040066    0.043497
    3.000000    0.022627    0.025310   -0.052959
    3.000000    0.033689    0.037368   -0.028518
    3.000000    0.017311    0.023842    0.021269
    3.000000    0.005841    0.037114    0.006944
    3.000000    0.011110    0.035421    0.021855
    3.000000    0.028617    0.038169    0.053418
    3.000000    0.019667    0.000204   -0.005908
    3.000000    0.024597    0.024729    0.054978
    3.000000    0.008299    0.006030   -0.029395
    3.000000    0.011918    0.031694   -0.076428
    3.000000    0.018786    0.043042    0.040639
    3.000000    0.004832    0.044708    0.079918
    3.000000    0.001042    0.047493   -0.036993
    3.000000    0.025029    0.059759    0.049183
    3.000000   -0.005991    0.031459   -0.014516
    3.000000    0.009000    0.028148    0.001307
    3.000000    0.022264    0.034330   -0.069609
    3.000000    0.009452    0.030502   -0.003899
    3.000000    0.010360    0.032992    0.000803
    3.000000   -0.004818    0.031686    0.070681
    3.000000    0.007627    0.025305    0.002865
    3.000000    0.022422    0.029670   -0.005924
    3.000000    0.015610    0.027207   -0.038024
    3.000000   -0.009386    0.041463   -0.061536
    3.000000    0.007521    0.042735   -0.056772
    3.000000    0.010548    0.021300    0.018607
    3.000000    0.002508    0.051416   -0.039298
    3.000000    0.009207    0.025515   -0.022112
    3.000000    0.003537    0.022616    0.001327
    3.000000    0.007092    0.031364    0.022956
    3.000000    0.009329    0.029207   -0.019710
    3.000000    0.015341    0.031503   -0.004809
    3.000000    0.024409    0.020976    0.068839
    3.000000    0.005392    0.015019    0.037044
    3.000000    0.007241    0.036328    0.003801
    3.000000    0.008782    0.029157   -0.087662
    3.000000    0.014657    0.036016    0.021812
    3.000000   -0.001140    0.009579   -0.048249
    3.000000    0.004856    0.044764    0.095076
    3.000000    0.008736    0.013345    0.000977
    3.000000    0.011538    0.032901    0.002113
    3.000000    0.014415    0.033479    0.002935
    3.000000    0.000139    0.052782    0.058734
    3.000000    0.000882    0.019692   -0.052017
    3.000000   -0.002663    0.060607   -0.025390
    3.000000    0.011627    0.010795   -0.012407
    3.000000    0.032306    0.030083    0.022285
    3.000000    0.009192    0.038552   -0.004534
    3.000000    0.010044    0.046740    0.014476
    3.000000    0.007388   -0.000091   -0.014884
    3.000000    0.014670    0.026671   -0.058742
    3.000000    0.012199    0.044216    0.066547
    3.000000    0.013886    0.008027   -0.070392
    3.000000    0.011414    0.033625   -0.007031
    3.000000   -0.000437    0.050173    0.006279
    3.000000    0.010554    0.026604   -0.007780
    3.000000    0.000048    0.044636    0.025715
    3.000000   -0.005076    0.015196   -0.048386
    3.000000    0.016311    0.033552    0.074836
    3.000000    0.012359    0.034205    0.011207
    3.000000    0.018914    0.040044    0.041055
    3.000000    0.009157    0.024859   -0.004388
    3.000000    0.010457    0.033015    0.000881
    3.000000    0.011467    0.021511   -0.010367
    3.000000   -0.007119    0.022706   -0.018829
    3.000000    0.011121    0.021224    0.015054
    3.000000   -0.010569    0.014949    0.043200
    3.000000    0.010608    0.033410   -0.000746
    3.000000    0.006743    0.057089    0.042472
    3.000000    0.008905    0.033629    0.008046
    3.000000    0.020808    0.032770    0.040533
    3.000000    0.011537    0.041352   -0.019760
    3.000000   -0.004233    0.057928   -0.045547
    3.000000   -0.004882    0.021144   -0.020405
    3.000000   -0.006266    0.009393    0.002837
    3.000000    0.003332    0.030153    0.011227
    3.000000    0.024214    0.029656    0.008129
    3.000000    0.011888    0.033227   -0.000674
    3.000000    0.010949    0.036358   -0.003159
    3.000000   -0.004989    0.056307   -0.040388
    3.000000    0.001043    0.027884   -0.018506
    3.000000    0.002991    0.034006   -0.004616
    3.000000    0.014397    0.044166   -0.011648
    3.000000    0.015045    0.043033    0.034299
    3.000000    0.001324    0.032777   -0.047318
    3.000000    0.030334    0.014364    0.040895
    3.000000   -0.011411    0.040714    0.014114
    3.000000   -0.005282    0.042158    0.071090
    3.000000    0.009788    0.031684    0.008295
    3.000000   -0.001704    0.003267    0.017845
    3.000000    0.006390    0.019076   -0.007224
    3.000000    0.006044    0.023789    0.019749
    3.000000    0.011195    0.030840    0.004068
    3.000000    0.012125    0.035454   -0.012610
    3.000000    0.026305    0.031838   -0.015257
    3.000000    0.017833    0.036352   -0.010429
    3.000000    0.010571    0.042041   -0.012005
    3.000000    0.011853    0.031505   -0.001595
    3.000000    0.009580    0.051907    0.056837
    3.000000    0.008016    0.034270    0.009079
    3.000000    0.007708    0.042906   -0.010685
    3.000000    0.010448    0.032990    0.001640
    3.000000    0.012098    0.039802   -0.061864
    3.000000    0.012784    0.030035    0.008515
    3.000000    0.008962    0.034640    0.034867
    3.000000    0.014863    0.032367    0.008096
    3.000000    0.008437    0.036865   -0.002394
    3.000000    0.020499    0.012466    0.008371
    3.000000    0.005645    0.059487   -0.008132
    3.000000    0.032229    0.031896    0.001380
    3.000000    0.008510    0.034279    0.046851
    3.000000   -0.009046    0.048922   -0.018240
    3.000000    0.002295    0.043109    0.091688
    3.000000    0.010923    0.040914    0.003876
    3.000000    0.011890    0.031143    0.000168
    3.000000    0.018047    0.038821    0.025302
    3.000000    0.010932    0.032518    0.001278
    3.000000    0.015385    0.038107    0.028214
    3.000000    0.014718    0.043503   -0.020840
    3.000000    0.012448    0.030641   -0.074047
    3.000000    0.011089    0.034015   -0.004504
    3.000000    0.004117    0.054018    0.022732
    3.000000    0.015537    0.025371   -0.073165
    3.000000    0.007339    0.038333    0.003289
    3.000000    0.008154    0.048338    0.087346
    3.000000    0.018050    0.020703    0.033730
    3.000000    0.010591    0.034307    0.003932
    3.000000    0.019255    0.036692   -0.021875
    3.000000    0.013977    0.028133    0.005535
    3.000000    0.030092    0.028066    0.056307
    3.000000    0.002398    0.022257   -0.067767
    3.000000    0.005956    0.050661   -0.068874
    3.000000    0.028157    0.044872    0.041202
    3.000000    0.008078    0.031611    0.022598
    3.000000    0.007206    0.031104    0.008254
    3.000000    0.017008    0.006993    0.024447
    3.000000    0.002945    0.025895   -0.042991
    3.000000    0.016669    0.029386    0.017799
    3.000000   -0.009038    0.032274   -0.056968
    3.000000    0.010932    0.031388   -0.008212
    3.000000   -0.001291    0.049035    0.007300
    3.000000    0.011264    0.032639   -0.009093
    3.000000    0.025333    0.038302    0.051714
    3.000000    0.012143    0.036772   -0.011146
    3.000000    0.010526    0.044918    0.001954
    3.000000   -0.000448    0.027853   -0.030785
    3.000000    0.028355    0.009334   -0.012608
    3.000000    0.010927    0.033520    0.029507
    3.000000    0.009852    0.038501    0.033558
    3.000000    0.003343    0.034217   -0.040097
    3.000000    0.010074    0.041532   -0.009677
    3.000000    0.010940    0.032693   -0.008167
    3.000000    0.010026    0.040444    0.005285
    3.000000    0.004464    0.036831    0.021984
    3.000000    0.012415    0.054605    0.028946
    3.000000    0.013806    0.031826    0.000740
    3.000000   -0.002452    0.014780    0.015538
    3.000000    0.005548    0.025643   -0.065927
    3.000000    0.009339    0.027664   -0.002136
    3.000000   -0.010841    0.025584   -0.037785
    3.000000    0.010284    0.032971   -0.000197
    3.000000    0.022639    0.029237    0.038615
    3.000000    0.004296    0.023669    0.034251
    3.000000    0.014246    0.052266    0.040131
    3.000000    0.017224    0.049415   -0.094833
    3.000000    0.010218    0.059604   -0.013887
    3.000000    0.033358    0.030570    0.003717
    3.000000    0.009714    0.033368   -0.000681
    3.000000    0.012377    0.035032    0.029557
    3.000000    0.009024    0.029241   -0.021690
    3.000000    0.021510    0.045771    0.090167
    3.000000    0.007968    0.037422    0.006033
    3.000000    0.006433    0.032464   -0.018402
    3.000000    0.010289    0.036274    0.019917
    3.000000    0.003346    0.041873   -0.083524
    3.000000    0.008530    0.032334    0.002500
    3.000000    0.010089    0.033028   -0.002560
    3.000000    0.011076    0.025611    0.010829
    3.000000    0.004438    0.018043   -0.043994
    3.000000    0.007248    0.029209   -0.002417
    3.000000    0.001635    0.058650   -0.045983
    3.000000    0.012893    0.034963    0.021022
    3.000000    0.021882    0.038918    0.062277
    3.000000    0.007188    0.032336    0.008039
    3.000000   -0.008460    0.015670   -0.055127
    3.000000    0.012803    0.030205   -0.027059
    3.000000    0.004111    0.046564    0.022596
    3.000000    0.028837    0.021701   -0.042667
    3.000000    0.008097    0.023375   -0.033072
    3.000000    0.015457    0.026152    0.047743
    3.000000    0.005197    0.038748   -0.003209
    3.000000    0.005529    0.063855    0.034917
    3.000000    0.010392    0.025136   -0.099898
    3.000000    0.014883    0.038792    0.006950
    3.000000    0.025306    0.055382   -0.028840
    3.000000    0.015014    0.047959   -0.010277
    3.000000    0.012743    0.031049   -0.048322
    3.000000    0.007838    0.031192   -0.023587
    3.000000    0.011420    0.034682   -0.001213
    3.000000   -0.000963    0.052510    0.003624
    3.000000    0.005534    0.025355    0.008424
    3.000000   -0.001065    0.038234   -0.084887
    3.000000    0.010763    0.032484    0.000188
    3.000000    0.009648    0.029625    0.004541
    3.000000    0.020855    0.042734    0.068584
    3.000000    0.021106    0.025735   -0.031911
    3.000000    0.008219    0.033658   -0.004271
    3.000000    0.011013    0.033125    0.012085
    3.000000   -0.001590    0.028874    0.073505
    3.000000    0.019814    0.030994    0.036916
    3.000000    0.010317    0.033353    0.004427
    3.000000    0.011222    0.021684   -0.005673
    3.000000    0.015447    0.026771   -0.015511
    3.000000    0.004068    0.004945    0.066049
    3.000000    0.009110    0.034108   -0.012153
    3.000000    0.013280    0.052435   -0.076049
    3.000000    0.011161    0.014666    0.071154
    3.000000    0.013878    0.030684   -0.001868
    3.000000    0.007842    0.030094   -0.013731
    3.000000    0.013749    0.037501   -0.020794
    3.000000    0.010504    0.032828    0.000736
    3.000000    0.010408    0.032259    0.002238
    3.000000    0.027079    0.009264   -0.038377
    3.000000   -0.009513    0.017487   -0.008495
    3.000000    0.019381    0.054738   -0.023615
    3.000000    0.013650    0.035439    0.012322
    3.000000    0.000733    0.028947    0.004255
    3.000000    0.018259    0.029553   -0.011558
    3.000000    0.013082    0.035111   -0.013209
    3.000000    0.006438   -0.000392   -0.017071
    3.000000    0.011172    0.042019    0.010419
    3.000000    0.000401    0.040812   -0.073331
    3.000000    0.006455    0.041330   -0.012379
    3.000000    0.023189    0.019606   -0.026100
    3.000000    0.009274    0.032895    0.009702
    3.000000    0.010244    0.032472    0.000073
    3.000000    0.008730    0.025376   -0.008390
    3.000000    0.003810    0.032348    0.003858
    3.000000    0.012588    0.041386    0.002598
    3.000000   -0.001956    0.049294   -0.011061
    3.000000    0.035051    0.031513   -0.005173
    3.000000    0.024443    0.033072   -0.003994
    3.000000    0.022796    0.042766   -0.012673
    3.000000    0.010618    0.038694    0.012904
    3.000000    0.013212    0.037598   -0.020949
    3.000000    0.013767    0.028519    0.039459
    3.000000    0.018322    0.021978    0.017528
    3.000000    0.005761    0.026850    0.043632
    3.000000    0.009242    0.024431    0.018622
    3.000000    0.015839    0.009518   -0.057358
