   -0.025820    0.031615   -0.006872    0.002986
   -0.025820    0.032643   -0.003126   -0.005395
   -0.025820    0.036344   -0.007316   -0.002164
   -0.025820    0.035889   -0.006945    0.000534
   -0.025820    0.034661   -0.003655    0.006298
   -0.025820    0.039244   -0.008706    0.000752
   -0.025820    0.036657   -0.008018   -0.003769
   -0.025820    0.038510   -0.008649    0.001053
   -0.025820    0.036285   -0.009064   -0.000310
   -0.025820    0.033436   -0.006427    0.002942
   -0.025820    0.040685   -0.009268   -0.003941
   -0.025820    0.035862   -0.007014   -0.001419
   -0.025820    0.035329   -0.004452   -0.000215
   -0.025820    0.037810   -0.005085    0.001055
   -0.025820    0.038032   -0.007161   -0.008155
   -0.025820    0.037370   -0.008112   -0.001870
   -0.025820    0.035924   -0.006213    0.001329
   -0.025820    0.035143   -0.007024    0.000226
   -0.025820    0.032972   -0.004613    0.006691
   -0.025820    0.037793   -0.007593   -0.001309
   -0.025820    0.034044   -0.008831   -0.002182
   -0.025820    0.033472   -0.004527    0.001050
   -0.025820    0.035433   -0.006213    0.002834
   -0.025820    0.038287   -0.008588    0.003840
   -0.025820    0.037885   -0.008768   -0.002725
   -0.025820    0.035781   -0.006016    0.004259
   -0.025820    0.035300   -0.008040   -0.004590
   -0.025820    0.035854   -0.006599   -0.001360
   -0.025820    0.035992   -0.009017   -0.006903
   -0.025820    0.034638   -0.003907   -0.005169
   -0.025820    0.035349   -0.006464   -0.002108
   -0.025820    0.034119   -0.008528   -0.001110
   -0.025820    0.030577   -0.001652    0.004515
   -0.025820    0.037804   -0.006638   -0.003949
   -0.025820    0.033764   -0.006287   -0.001865
   -0.025820    0.038551   -0.009582   -0.009032
   -0.025820    0.036417   -0.006466    0.002456
   -0.025820    0.039177   -0.007475   -0.001183
   -0.025820    0.035449   -0.007244   -0.000681
   -0.025820    0.035217   -0.005158    0.002074
   -0.025820    0.035733   -0.007022   -0.001705
   -0.025820    0.038376   -0.005973    0.000965
   -0.025820    0.031215   -0.004157    0.008456
   -0.025820    0.032814   -0.004668   -0.009572
   -0.025820    0.037665   -0.007316   -0.000658
   -0.025820    0.037671   -0.007515   -0.005476
   -0.025820    0.040826   -0.010050   -0.002991
   -0.025820    0.035006   -0.007000   -0.001767
   -0.025820    0.033438   -0.006324   -0.000957
   -0.025820    0.030578   -0.007274    0.006689
   -0.025820    0.036375   -0.007212   -0.002321
   -0.025820    0.035961   -0.008115   -0.000305
   -0.025820    0.039345   -0.007050   -0.008334
   -0.025820    0.036323   -0.007816    0.002315
   -0.025820    0.036301   -0.008602    0.005723
   -0.025820    0.036876   -0.006519   -0.001375
   -0.025820    0.032816   -0.007282    0.000332
   -0.025820    0.034828   -0.007101    0.001684
   -0.025820    0.035460   -0.006341    0.002344
   -0.025820    0.036287   -0.007233   -0.000670
   -0.025820    0.037087   -0.009546    0.001556
   -0.025820    0.038811   -0.008030   -0.007798
   -0.025820    0.035997   -0.007337    0.000343
   -0.025820    0.038817   -0.008705   -0.007792
   -0.025820    0.035450   -0.007379   -0.001555
   -0.025820    0.033231   -0.005620   -0.001408
   -0.025820    0.034271   -0.006661   -0.005235
   -0.025820    0.034278   -0.005702    0.004419
   -0.025820    0.037197   -0.007489   -0.003956
   -0.025820    0.035857   -0.006575    0.000733
   -0.025820    0.036306   -0.008741   -0.006449
   -0.025820    0.038114   -0.007990    0.003435
   -0.025820    0.036081   -0.006618    0.000993
   -0.025820    0.031871   -0.005396    0.003700
   -0.025820    0.034062   -0.004680   -0.006764
   -0.025820    0.033105   -0.006423    0.008391
   -0.025820    0.038544   -0.008722   -0.000463
   -0.025820    0.039332   -0.010343   -0.009336
   -0.025820    0.030346   -0.002935    0.004802
   -0.025820    0.033870   -0.006648   -0.000459
   -0.025820    0.033413   -0.006484   -0.001467
   -0.025820    0.035977   -0.005971   -0.002964
   -0.025820    0.035111   -0.006290    0.000329
   -0.025820    0.028743   -0.003675   -0.003956
   -0.025820    0.035616   -0.004652    0.000474
   -0.025820    0.036345   -0.008037    0.000931
   -0.025820    0.038008   -0.006581   -0.002573
   -0.025820    0.036514   -0.007287    0.002655
   -0.025820    0.037439   -0.007727    0.001515
   -0.025820    0.034445   -0.006930    0.000497
   -0.025820    0.035161   -0.006881   -0.000886
   -0.025820    0.035318   -0.007425    0.000852
   -0.025820    0.031736   -0.007636    0.000345
   -0.025820    0.038665   -0.008114   -0.000307
   -0.025820    0.036278   -0.004821    0.005760
   -0.025820    0.040061   -0.010550   -0.005781
   -0.025820    0.034466   -0.005562   -0.007438
   -0.025820    0.034209   -0.006497   -0.009552
   -0.025820    0.036466   -0.007813    0.000156
   -0.025820    0.034710   -0.006169   -0.001868
   -0.025820    0.038517   -0.008484   -0.003237
   -0.025820    0.032298   -0.008323    0.000635
   -0.025820    0.031781   -0.005836    0.001781
   -0.025820    0.036929   -0.007854   -0.005614
   -0.025820    0.040686   -0.008319   -0.004188
   -0.025820    0.037140   -0.007305   -0.000024
   -0.025820    0.036884   -0.011058   -0.004507
   -0.025820    0.035982   -0.007103   -0.000156
   -0.025820    0.036188   -0.006152    0.001490
   -0.025820    0.032737   -0.006512    0.003305
   -0.025820    0.036113   -0.009660    0.001017
   -0.025820    0.035422   -0.007394    0.000757
   -0.025820    0.033459   -0.005731   -0.000633
   -0.025820    0.033530   -0.005677   -0.007082
   -0.025820    0.030823   -0.004639   -0.004252
   -0.025820    0.037399   -0.007529   -0.000880
   -0.025820    0.029370   -0.004057   -0.003091
   -0.025820    0.039637   -0.009291    0.000312
   -0.025820    0.033296   -0.003593    0.001280
   -0.025820    0.034756   -0.007140   -0.000686
   -0.025820    0.033256   -0.003830    0.003590
   -0.025820    0.028192   -0.005830    0.004414
   -0.025820    0.040524   -0.010238   -0.008565
   -0.025820    0.036132   -0.008303    0.006613
   -0.025820    0.031056   -0.004042   -0.000280
   -0.025820    0.038939   -0.008263   -0.003103
   -0.025820    0.032128   -0.004670    0.006699
   -0.025820    0.033350   -0.007590    0.005681
   -0.025820    0.034160   -0.006750   -0.002773
   -0.025820    0.036742   -0.009250   -0.001953
   -0.025820    0.034148   -0.007964   -0.003786
   -0.025820    0.036747   -0.007407   -0.002220
   -0.025820    0.039957   -0.008728   -0.004531
   -0.025820    0.031501   -0.002881   -0.002610
   -0.025820    0.036758   -0.008056   -0.008863
   -0.025820    0.036010   -0.006363   -0.000455
   -0.025820    0.035372   -0.006810   -0.001229
   -0.025820    0.033575   -0.006948   -0.004960
   -0.025820    0.031071   -0.006415    0.004904
   -0.025820    0.036221   -0.004876    0.003918
   -0.025820    0.038274   -0.009144   -0.003113
   -0.025820    0.038127   -0.005318    0.001890
   -0.025820    0.037890   -0.009111   -0.004857
   -0.025820    0.035754   -0.007477   -0.008073
   -0.025820    0.032398   -0.004866    0.000912
   -0.025820    0.036512   -0.007720   -0.003335
   -0.025820    0.031790   -0.004670    0.006265
   -0.025820    0.036707   -0.008066   -0.001503
   -0.025820    0.035891   -0.007744   -0.000018
   -0.025820    0.035681   -0.006923    0.000395
   -0.025820    0.032463   -0.003446    0.000430
   -0.025820    0.039754   -0.009819   -0.005402
   -0.025820    0.031338   -0.006452   -0.003310
   -0.025820    0.034850   -0.008080   -0.001310
   -0.025820    0.035035   -0.005905   -0.001646
   -0.025820    0.034129   -0.006425   -0.003625
   -0.025820    0.036563   -0.008165   -0.008452
   -0.025820    0.030792   -0.005321   -0.001826
   -0.025820    0.040467   -0.009322   -0.007661
   -0.025820    0.032378   -0.008703    0.002096
   -0.025820    0.037689   -0.010722   -0.003286
   -0.025820    0.037704   -0.008050   -0.000705
   -0.025820    0.035119   -0.006148    0.000069
   -0.025820    0.034970   -0.007028    0.001506
   -0.025820    0.034709   -0.008982    0.004770
   -0.025820    0.032684   -0.007324   -0.001796
   -0.025820    0.034811   -0.006649   -0.005448
   -0.025820    0.034190   -0.006741    0.003284
   -0.025820    0.032741   -0.007627    0.001635
   -0.025820    0.037428   -0.007463   -0.003226
   -0.025820    0.030308   -0.001845   -0.000114
   -0.025820    0.034333   -0.005690    0.008677
   -0.025820    0.036658   -0.006042   -0.007630
   -0.025820    0.032340   -0.002331    0.007088
   -0.025820    0.031421   -0.006220   -0.000608
   -0.025820    0.036341   -0.005352    0.008820
   -0.025820    0.035692   -0.005957    0.000858
   -0.025820    0.037902   -0.009546   -0.001180
   -0.025820    0.035448   -0.010061   -0.004012
   -0.025820    0.032630   -0.003202    0.000381
   -0.025820    0.034679   -0.008478   -0.001077
   -0.025820    0.037897   -0.009288   -0.004314
   -0.025820    0.035663   -0.007067   -0.000885
   -0.025820    0.034808   -0.006825   -0.000731
   -0.025820    0.035994   -0.007203   -0.001805
   -0.025820    0.034844   -0.005409   -0.005081
   -0.025820    0.032625   -0.003151   -0.005588
   -0.025820    0.035970   -0.006944   -0.001126
   -0.025820    0.032201   -0.004577    0.005527
   -0.025820    0.039002   -0.010691   -0.007500
   -0.025820    0.040799   -0.009199   -0.004423
   -0.025820    0.034182   -0.007098    0.003106
   -0.025820    0.035305   -0.008339    0.003537
   -0.025820    0.037859   -0.005348    0.002856
   -0.025820    0.035933   -0.007085   -0.001911
   -0.025820    0.037634   -0.007168   -0.006342
   -0.025820    0.035521   -0.004819    0.001968
   -0.025820    0.036520   -0.008695   -0.002432
   -0.025820    0.040564   -0.008374   -0.003987
   -0.025820    0.038358   -0.006331   -0.005104
   -0.025820    0.036379   -0.007699   -0.001263
   -0.025820    0.039288   -0.008464   -0.007161
   -0.025820    0.040189   -0.009611   -0.006173
   -0.025820    0.036946   -0.007681   -0.002217
   -0.025820    0.035068   -0.007120    0.000185
   -0.025820    0.035705   -0.009842   -0.001366
   -0.025820    0.037167   -0.007509   -0.001906
   -0.025820    0.033103   -0.003845    0.000348
   -0.025820    0.032949   -0.004198    0.003566
   -0.025820    0.037908   -0.006955   -0.006576
   -0.025820    0.034872   -0.007351   -0.009368
   -0.025820    0.034924   -0.006697   -0.001606
   -0.025820    0.038785   -0.009519   -0.001517
   -0.025820    0.039265   -0.007216    0.000604
   -0.025820    0.034362   -0.004013    0.007359
   -0.025820    0.038023   -0.009447   -0.008210
   -0.025820    0.031464   -0.004681   -0.006995
   -0.025820    0.035004   -0.007270   -0.000722
   -0.025820    0.034139   -0.005876   -0.003529
   -0.025820    0.032758   -0.006568    0.005596
   -0.025820    0.039346   -0.009983   -0.005084
   -0.025820    0.033896   -0.007011    0.004186
   -0.025820    0.034361   -0.005301   -0.003534
   -0.025820    0.036236   -0.006450   -0.002169
   -0.025820    0.035837   -0.007362   -0.001511
   -0.025820    0.034081   -0.006267   -0.001362
   -0.025820    0.029792   -0.007250    0.000824
   -0.025820    0.035196   -0.005561    0.000101
   -0.025820    0.035540   -0.007298   -0.001512
   -0.025820    0.036129   -0.007438   -0.000876
   -0.025820    0.035879   -0.007058    0.000464
   -0.025820    0.032310   -0.007099    0.007958
   -0.025820    0.031041   -0.004191    0.003273
   -0.025820    0.036616   -0.008568    0.003706
   -0.025820    0.035988   -0.006001    0.000068
   -0.025820    0.035325   -0.007307   -0.001566
   -0.025820    0.035035   -0.004726   -0.005227
   -0.025820    0.030559   -0.004945   -0.008589
   -0.025820    0.033574   -0.004396    0.001076
   -0.025820    0.034606   -0.008136   -0.002976
   -0.025820    0.038716   -0.010386   -0.004511
   -0.025820    0.035670   -0.009486   -0.003129
   -0.025820    0.038192   -0.005645    0.000872
   -0.025820    0.037656   -0.008637   -0.006545
   -0.025820    0.038652   -0.008463   -0.000245
   -0.025820    0.032331   -0.003054    0.007143
   -0.025820    0.033002   -0.006939   -0.007500
   -0.025820    0.035580   -0.007217   -0.000773
   -0.025820    0.033473   -0.007204   -0.000155
   -0.025820    0.030174   -0.003517    0.005846
   -0.025820    0.040047   -0.009139   -0.004047
   -0.025820    0.039281   -0.008315    0.003609
   -0.025820    0.035742   -0.007340   -0.002789
   -0.025820    0.039687   -0.007521   -0.007863
   -0.025820    0.035608   -0.007050   -0.002225
   -0.025820    0.034897   -0.006246   -0.000027
   -0.025820    0.029317   -0.003435    0.001667
   -0.025820    0.032609   -0.006849   -0.001059
   -0.025820    0.036800   -0.007662   -0.002032
   -0.025820    0.031666   -0.005961   -0.001422
   -0.025820    0.037992   -0.007289   -0.002128
   -0.025820    0.036840   -0.008408   -0.001345
   -0.025820    0.035032   -0.006700   -0.000476
   -0.025820    0.036551   -0.007444   -0.000423
   -0.025820    0.039739   -0.010260   -0.005607
   -0.025820    0.033749   -0.006521   -0.001208
   -0.025820    0.036974   -0.006929   -0.005011
   -0.025820    0.035734   -0.007428   -0.006067
   -0.025820    0.036287   -0.006984   -0.001636
   -0.025820    0.038327   -0.008627   -0.002981
   -0.025820    0.035013   -0.004815    0.000802
   -0.025820    0.035830   -0.007869   -0.001593
   -0.025820    0.035855   -0.008545    0.001458
   -0.025820    0.035215   -0.008251   -0.000956
   -0.025820    0.035873   -0.007604   -0.001216
   -0.025820    0.029082   -0.002971    0.007501
   -0.025820    0.038720   -0.008404   -0.004963
   -0.025820    0.035469   -0.007326    0.003761
   -0.025820    0.034207   -0.005945   -0.001127
   -0.025820    0.036737   -0.005367   -0.003713
   -0.025820    0.028319   -0.004067    0.002447
   -0.025820    0.030426   -0.005467    0.008646
   -0.025820    0.033380   -0.003798    0.000982
   -0.025820    0.034759   -0.003310    0.000076
   -0.025820    0.034452   -0.006704   -0.009648
   -0.025820    0.038579   -0.007890   -0.000379
   -0.025820    0.031392   -0.003111    0.002863
   -0.025820    0.032698   -0.006285   -0.001804
   -0.025820    0.033194   -0.004396    0.008820
   -0.025820    0.032411   -0.005869    0.000300
   -0.025820    0.037877   -0.009062   -0.004049
   -0.025820    0.034604   -0.006222    0.000054
   -0.025820    0.034337   -0.007450   -0.007381
   -0.025820    0.038077   -0.008579    0.004473
   -0.025820    0.039682   -0.007193   -0.003889
   -0.025820    0.036492   -0.005839   -0.002908
   -0.025820    0.038024   -0.006905   -0.006231
   -0.025820    0.038962   -0.007598   -0.003457
   -0.025820    0.033604   -0.005253    0.002705
   -0.025820    0.034776   -0.006498   -0.003139
   -0.025820    0.035395   -0.005531    0.007323
   -0.025820    0.035852   -0.006580    0.003843
   -0.025820    0.036608   -0.009694   -0.002436
   -0.025820    0.036145   -0.008978   -0.002050
   -0.025820    0.033556   -0.003666   -0.004099
   -0.025820    0.034709   -0.008394   -0.002286
   -0.025820    0.029620   -0.001634    0.004486
   -0.025820    0.036351   -0.008173   -0.000758
   -0.025820    0.036002   -0.007064   -0.000010
   -0.025820    0.035225   -0.007207   -0.002429
   -0.025820    0.035276   -0.007073   -0.000634
   -0.025820    0.041000   -0.009892   -0.005231
   -0.025820    0.033422   -0.006873   -0.011628
   -0.025820    0.032415   -0.006823   -0.009509
   -0.025820    0.039432   -0.009429   -0.008257
   -0.025820    0.035448   -0.007501   -0.004188
   -0.025820    0.036534   -0.008298   -0.000147
   -0.025820    0.035834   -0.006636   -0.001815
   -0.025820    0.036071   -0.006952   -0.001568
   -0.025820    0.034702   -0.007118   -0.006680
   -0.025820    0.034463   -0.007429    0.001097
   -0.025820    0.033215   -0.004376   -0.001036
   -0.025820    0.037281   -0.007628    0.000933
   -0.025820    0.037909   -0.009567   -0.006388
   -0.025820    0.035687   -0.006711    0.007761
   -0.025820    0.035800   -0.007699   -0.000980
   -0.025820    0.038303   -0.008995   -0.001419
   -0.025820    0.037668   -0.007729    0.001179
   -0.025820    0.034723   -0.004916    0.007090
   -0.025820    0.029750   -0.005227   -0.004284
   -0.025820    0.038072   -0.006552    0.000329
   -0.025820    0.035243   -0.006332   -0.001225
   -0.025820    0.037817   -0.006064    0.003930
   -0.025820    0.036764   -0.004964   -0.005490
   -0.025820    0.035410   -0.007334    0.001753
   -0.025820    0.036808   -0.006422   -0.004224
   -0.025820    0.034713   -0.005420    0.002300
   -0.025820    0.035699   -0.007188   -0.001681
   -0.025820    0.036061   -0.005803   -0.004271
   -0.025820    0.034894   -0.007283    0.008159
   -0.025820    0.035707   -0.006658   -0.000286
   -0.025820    0.036650   -0.005745   -0.004625
   -0.025820    0.036359   -0.006453   -0.001292
   -0.025820    0.036714   -0.006320   -0.000133
   -0.025820    0.037881   -0.008172   -0.002969
   -0.025820    0.038245   -0.008436   -0.009705
   -0.025820    0.039983   -0.009135   -0.002489
   -0.025820    0.033580   -0.006521    0.002024
   -0.025820    0.036224   -0.007937   -0.001613
   -0.025820    0.036133   -0.006668   -0.000572
   -0.025820    0.034969   -0.007488   -0.006476
   -0.025820    0.036237   -0.008845    0.001668
   -0.025820    0.036231   -0.006683    0.008240
   -0.025820    0.037143   -0.006855   -0.004985
   -0.025820    0.037291   -0.007619   -0.002604
   -0.025820    0.037548   -0.004926   -0.004236
   -0.025820    0.035950   -0.007326   -0.001078
   -0.025820    0.037353   -0.005257   -0.000081
   -0.025820    0.032946   -0.003193    0.002425
   -0.025820    0.035818   -0.008373    0.001279
   -0.025820    0.032564   -0.007450   -0.010134
   -0.025820    0.034770   -0.006241   -0.003786
   -0.025820    0.034866   -0.007128   -0.001689
   -0.025820    0.035976   -0.009800    0.002927
   -0.025820    0.039177   -0.007191    0.001790
   -0.025820    0.036536   -0.008346   -0.002089
   -0.025820    0.030014   -0.004279    0.000104
   -0.025820    0.036655   -0.006815   -0.000767
   -0.025820    0.036603   -0.007096   -0.000656
   -0.025820    0.034415   -0.005480   -0.000316
   -0.025820    0.039220   -0.007812    0.002214
   -0.025820    0.036264   -0.007038   -0.004837
   -0.025820    0.029998   -0.003550    0.010729
   -0.025820    0.037271   -0.006923    0.004361
   -0.025820    0.037156   -0.008853   -0.001968
   -0.025820    0.032913   -0.005558    0.003395
   -0.025820    0.041135   -0.010656   -0.004629
   -0.025820    0.032264   -0.008342    0.006215
   -0.025820    0.038006   -0.010252   -0.004651
   -0.025820    0.034918   -0.007058   -0.001332
   -0.025820    0.040082   -0.008849   -0.006597
   -0.025820    0.034693   -0.005863   -0.004391
   -0.025820    0.033052   -0.006774    0.006030
   -0.025820    0.031693   -0.008557   -0.004500
   -0.025820    0.028603   -0.005633   -0.003032
   -0.025820    0.035740   -0.006907   -0.009035
   -0.025820    0.035251   -0.006962   -0.004209
   -0.025820    0.039479   -0.010011   -0.000550
   -0.025820    0.031527   -0.005827    0.006951
   -0.025820    0.036492   -0.006963    0.004349
   -0.025820    0.037241   -0.007425    0.001280
   -0.025820    0.035469   -0.007429   -0.001985
   -0.025820    0.034311   -0.005974   -0.000461
   -0.025820    0.034643   -0.006548    0.000376
   -0.025820    0.034478   -0.005559    0.000502
   -0.025820    0.029302   -0.005749    0.003641
   -0.025820    0.034549   -0.010247   -0.000845
   -0.025820    0.037857   -0.008627    0.003801
   -0.025820    0.029995   -0.002163    0.009026
   -0.025820    0.034103   -0.006280    0.001159
   -0.025820    0.033041   -0.006018    0.003201
   -0.025820    0.034623   -0.004838    0.005683
   -0.025820    0.036898   -0.008849   -0.004709
   -0.025820    0.035123   -0.009374    0.005084
   -0.025820    0.036296   -0.007683    0.000311
   -0.025820    0.032216   -0.005901   -0.008926
   -0.025820    0.034976   -0.008574   -0.000896
   -0.025820    0.036095   -0.007340    0.002077
   -0.025820    0.035076   -0.004263    0.000976
   -0.025820    0.034026   -0.007028   -0.000384
   -0.025820    0.035168   -0.007824    0.000952
   -0.025820    0.034391   -0.003160   -0.004411
   -0.025820    0.037181   -0.008512   -0.005637
   -0.025820    0.038726   -0.007679    0.001395
   -0.025820    0.036181   -0.008566   -0.001060
   -0.025820    0.028942   -0.004670   -0.003361
   -0.025820    0.033726   -0.006910   -0.001440
   -0.025820    0.036292   -0.007858    0.000611
   -0.025820    0.035095   -0.005837    0.000056
   -0.025820    0.035097   -0.007893    0.004591
   -0.025820    0.030518   -0.005652    0.012476
   -0.025820    0.033605   -0.005359    0.001418
   -0.025820    0.030881   -0.002134   -0.004431
   -0.025820    0.037061   -0.005565   -0.005406
   -0.025820    0.034956   -0.007954   -0.002251
   -0.025820    0.034586   -0.006778   -0.002813
   -0.025820    0.038499   -0.007899    0.001942
   -0.025820    0.034625   -0.006818   -0.001360
   -0.025820    0.039205   -0.009305   -0.005326
   -0.025820    0.036030   -0.004625    0.002214
   -0.025820    0.036024   -0.008718   -0.002342
   -0.025820    0.037626   -0.007159   -0.001098
   -0.025820    0.034798   -0.006922    0.002223
   -0.025820    0.035760   -0.005981    0.000038
   -0.025820    0.030860   -0.005038    0.003451
   -0.025820    0.036094   -0.008239    0.008910
   -0.025820    0.033700   -0.003268    0.006690
   -0.025820    0.039931   -0.009260   -0.004788
   -0.025820    0.036501   -0.005739   -0.002281
   -0.025820    0.034891   -0.003789    0.003894
   -0.025820    0.038097   -0.007811   -0.004187
   -0.025820    0.036172   -0.008888    0.004238
   -0.025820    0.036471   -0.007513   -0.002315
   -0.025820    0.036374   -0.007818    0.001834
   -0.025820    0.034221   -0.009181   -0.004431
   -0.025820    0.036187   -0.007235   -0.000705
   -0.025820    0.040410   -0.009148   -0.005756
   -0.025820    0.034269   -0.006595    0.000737
   -0.025820    0.036658   -0.007920   -0.001236
   -0.025820    0.036368   -0.006507    0.002151
   -0.025820    0.034194   -0.005948   -0.000372
   -0.025820    0.036809   -0.007601   -0.003190
   -0.025820    0.038908   -0.008719   -0.008980
   -0.025820    0.037941   -0.008948   -0.001806
   -0.025820    0.036694   -0.009545   -0.000074
   -0.025820    0.029228   -0.004365    0.002269
   -0.025820    0.035421   -0.007034   -0.000682
   -0.025820    0.040292   -0.009189   -0.004053
   -0.025820    0.033241   -0.006873    0.000892
   -0.025820    0.035855   -0.007575   -0.001083
   -0.025820    0.031978   -0.004444    0.008508
   -0.025820    0.033042   -0.007304   -0.002219
   -0.025820    0.033496   -0.008973    0.002324
   -0.025820    0.033155   -0.006609   -0.002516
   -0.025820    0.035745   -0.006975   -0.000477
   -0.025820    0.034825   -0.005351   -0.000764
   -0.025820    0.037162   -0.006790    0.001689
   -0.025820    0.034505   -0.005849    0.001680
   -0.025820    0.033438   -0.004986   -0.001680
   -0.025820    0.034574   -0.006179    0.002645
   -0.025820    0.038914   -0.007146   -0.004063
   -0.025820    0.036900   -0.007687    0.004888
   -0.025820    0.038906   -0.007985   -0.005136
   -0.025820    0.038396   -0.006767   -0.004101
   -0.025820    0.036093   -0.007361   -0.003771
   -0.025820    0.032665   -0.005611    0.004599
   -0.025820    0.033979   -0.006371   -0.006089
   -0.025820    0.035581   -0.007572   -0.000113
   -0.025820    0.032354   -0.005357    0.000102
   -0.025820    0.031888   -0.004040   -0.001259
   -0.025820    0.032603   -0.003319   -0.001021
   -0.025820    0.038084   -0.008814   -0.001980
   -0.025820    0.035206   -0.006640    0.001056
   -0.025820    0.034069   -0.004931   -0.004547
   -0.025820    0.035414   -0.006993   -0.001926
   -0.025820    0.034755   -0.006766    0.000112
   -0.025820    0.032884   -0.003262    0.004632
   -0.025820    0.035375   -0.006737   -0.000211
   -0.025820    0.037846   -0.008287    0.005050
   -0.025820    0.036744   -0.007311   -0.001369
   -0.025820    0.038756   -0.007892    0.001713
   -0.025820    0.032653   -0.005761    0.005974
   -0.025820    0.037252   -0.010186   -0.000782
   -0.025820    0.035636   -0.004280   -0.003513
   -0.025820    0.037228   -0.010542   -0.009114
   -0.025820    0.033809   -0.005368    0.001307
   -0.025820    0.036396   -0.007396   -0.000444
   -0.025820    0.036661   -0.007044    0.000173
   -0.025820    0.035443   -0.007178   -0.000781
   -0.025820    0.034007   -0.006026    0.003980
   -0.025820   -0.017558   -0.005932    0.018488
   -0.025820   -0.021316   -0.021352   -0.006021
   -0.025820   -0.023623   -0.024644    0.001661
   -0.025820   -0.017886   -0.030420    0.007594
   -0.025820   -0.024174   -0.027826    0.001852
   -0.025820   -0.024083   -0.027031    0.003636
   -0.025820   -0.026750   -0.029212   -0.002494
   -0.025820   -0.028406   -0.026465    0.023346
   -0.025820   -0.027255   -0.037040    0.009747
   -0.025820   -0.017040   -0.015917   -0.002204
   -0.025820   -0.027074   -0.033881   -0.005074
   -0.025820   -0.029508   -0.041610    0.007154
   -0.025820   -0.015688   -0.007241    0.003071
   -0.025820   -0.027754   -0.034512    0.017213
   -0.025820   -0.014804   -0.018899   -0.017500
   -0.025820   -0.027593   -0.030816    0.036419
   -0.025820   -0.023163   -0.022094   -0.006081
   -0.025820   -0.021661   -0.014738    0.016250
   -0.025820   -0.023224   -0.022157    0.002968
   -0.025820   -0.023430   -0.030591   -0.005500
   -0.025820   -0.027139   -0.027702   -0.004125
   -0.025820   -0.024543   -0.024670    0.016504
   -0.025820   -0.018074   -0.013622    0.023490
   -0.025820   -0.027679   -0.041808    0.001202
   -0.025820   -0.024862   -0.027777    0.000503
   -0.025820   -0.024360   -0.016846   -0.029678
   -0.025820   -0.025790   -0.027835    0.001378
   -0.025820   -0.023698   -0.014152   -0.037973
   -0.025820   -0.022356   -0.034951    0.007619
   -0.025820   -0.023779   -0.030092   -0.001672
   -0.025820   -0.023596   -0.024671    0.010291
   -0.025820   -0.026611   -0.038536    0.004509
   -0.025820   -0.023189   -0.020078   -0.027096
   -0.025820   -0.015932   -0.027044    0.021313
   -0.025820   -0.025127   -0.030218    0.000980
   -0.025820   -0.026144   -0.021510    0.011068
   -0.025820   -0.013518   -0.026432    0.005442
   -0.025820   -0.023974   -0.031744   -0.007711
   -0.025820   -0.028273   -0.033389    0.024976
   -0.025820   -0.024799   -0.011164   -0.021876
   -0.025820   -0.025140   -0.030825   -0.012917
   -0.025820   -0.022321   -0.017998    0.004161
   -0.025820   -0.024140   -0.025277    0.001180
   -0.025820   -0.026829   -0.028253    0.021791
   -0.025820   -0.022854   -0.028377   -0.027899
   -0.025820   -0.020051   -0.022369    0.002945
   -0.025820   -0.023893   -0.023539    0.004037
   -0.025820   -0.027043   -0.031957    0.014622
   -0.025820   -0.019757   -0.023918    0.015092
   -0.025820   -0.025850   -0.041004   -0.011903
   -0.025820   -0.026561   -0.029301    0.003316
   -0.025820   -0.017533   -0.027122   -0.016914
   -0.025820   -0.026309   -0.029167   -0.010512
   -0.025820   -0.024282   -0.022065   -0.025734
   -0.025820   -0.027880   -0.028193   -0.006302
   -0.025820   -0.019324   -0.021735   -0.014720
   -0.025820   -0.025066   -0.022866    0.013471
   -0.025820   -0.022522   -0.028642   -0.018374
   -0.025820   -0.024552   -0.028001   -0.005873
   -0.025820   -0.023887   -0.021470   -0.001590
   -0.025820   -0.022975   -0.020759   -0.000637
   -0.025820   -0.018272   -0.023913   -0.004491
   -0.025820   -0.016416   -0.022190    0.012475
   -0.025820   -0.014501   -0.016774   -0.009140
   -0.025820   -0.024064   -0.024417   -0.008075
   -0.025820   -0.017598   -0.023337   -0.019661
   -0.025820   -0.025143   -0.040861   -0.011068
   -0.025820   -0.029199   -0.034510   -0.001250
   -0.025820   -0.025765   -0.031593    0.015595
   -0.025820   -0.024985   -0.014492   -0.034383
   -0.025820   -0.018946   -0.032664    0.003090
   -0.025820   -0.015383   -0.012292    0.005376
   -0.025820   -0.028063   -0.031588   -0.031797
   -0.025820   -0.013438   -0.010333   -0.017610
   -0.025820   -0.013896   -0.021607   -0.008133
   -0.025820   -0.026351   -0.017066   -0.006839
   -0.025820   -0.028516   -0.035461    0.019617
   -0.025820   -0.022194   -0.022964   -0.001975
   -0.025820   -0.022635   -0.021319    0.013645
   -0.025820   -0.025879   -0.017040    0.032551
   -0.025820   -0.027258   -0.032618   -0.017645
   -0.025820   -0.023409   -0.027353    0.041147
   -0.025820   -0.024439   -0.024967   -0.001629
   -0.025820   -0.023223   -0.024430   -0.002910
   -0.025820   -0.025537   -0.009383    0.000841
   -0.025820   -0.023418   -0.010279    0.009914
   -0.025820   -0.025076   -0.015745   -0.039630
   -0.025820   -0.023918   -0.029502    0.015943
   -0.025820   -0.023932   -0.026828   -0.001515
   -0.025820   -0.022353   -0.016536    0.017538
   -0.025820   -0.028040   -0.033041   -0.012225
   -0.025820   -0.022552   -0.028946    0.024477
   -0.025820   -0.019922   -0.025419   -0.036888
   -0.025820   -0.024538   -0.026802   -0.000920
   -0.025820   -0.020222   -0.020352    0.008899
   -0.025820   -0.023158   -0.012383    0.039675
   -0.025820   -0.026158   -0.035029    0.000225
   -0.025820   -0.024986   -0.026142    0.011002
   -0.025820   -0.023967   -0.032253    0.018010
   -0.025820   -0.024129   -0.025999    0.001568
   -0.025820   -0.027682   -0.027313    0.013478
   -0.025820   -0.023232   -0.015114   -0.008314
   -0.025820   -0.019361   -0.005292    0.013837
   -0.025820   -0.017611   -0.026242    0.002820
   -0.025820   -0.026049   -0.021302   -0.005226
   -0.025820   -0.020411   -0.016909   -0.013147
   -0.025820   -0.026288   -0.015428   -0.011212
   -0.025820   -0.026350   -0.025957    0.040266
   -0.025820   -0.022793   -0.026094    0.012702
   -0.025820   -0.019083   -0.020182   -0.019767
   -0.025820   -0.024290   -0.027378   -0.001611
   -0.025820   -0.024434   -0.013541   -0.020768
   -0.025820   -0.026600   -0.035749    0.030567
   -0.025820   -0.017948   -0.011977    0.028981
   -0.025820   -0.025323   -0.017996   -0.034932
   -0.025820   -0.028486   -0.037387    0.000659
   -0.025820   -0.024201   -0.027645    0.003031
   -0.025820   -0.027813   -0.038618    0.006707
   -0.025820   -0.025956   -0.031676    0.015111
   -0.025820   -0.024853   -0.030533   -0.012243
   -0.025820   -0.018876   -0.018803   -0.013752
   -0.025820   -0.024174   -0.026040    0.000379
   -0.025820   -0.018407   -0.009190   -0.002495
   -0.025820   -0.018769   -0.020346    0.043404
   -0.025820   -0.022043   -0.017205   -0.007251
   -0.025820   -0.025312   -0.032414    0.007409
   -0.025820   -0.023988   -0.026151    0.000449
   -0.025820   -0.012519   -0.007864    0.008238
   -0.025820   -0.024105   -0.027442    0.003460
   -0.025820   -0.025509   -0.023071   -0.001299
   -0.025820   -0.016532   -0.022602    0.006878
   -0.025820   -0.019745   -0.015568   -0.025737
   -0.025820   -0.023958   -0.028069    0.006056
   -0.025820   -0.024235   -0.025417   -0.003892
   -0.025820   -0.019381   -0.024869    0.017401
   -0.025820   -0.016199   -0.023172    0.004769
   -0.025820   -0.024789   -0.034090   -0.030244
   -0.025820   -0.014996   -0.023593   -0.019536
   -0.025820   -0.019961   -0.023780    0.001001
   -0.025820   -0.028998   -0.042154    0.019265
   -0.025820   -0.024237   -0.024310   -0.011107
   -0.025820   -0.026937   -0.029051    0.013523
   -0.025820   -0.018848   -0.004827    0.000012
   -0.025820   -0.029669   -0.041835    0.017180
   -0.025820   -0.023635   -0.022956   -0.040877
   -0.025820   -0.024058   -0.025089   -0.001180
   -0.025820   -0.023602   -0.022761    0.014038
   -0.025820   -0.015537   -0.009164   -0.001943
   -0.025820   -0.024224   -0.025774    0.000351
   -0.025820   -0.025115   -0.028870    0.012010
   -0.025820   -0.021608   -0.011463   -0.022351
   -0.025820   -0.024611   -0.027897   -0.006223
   -0.025820   -0.023359   -0.013767    0.027138
   -0.025820   -0.026593   -0.025137    0.037534
   -0.025820   -0.026043   -0.012150   -0.009916
   -0.025820   -0.024611   -0.030572   -0.001589
   -0.025820   -0.024007   -0.025421    0.001177
   -0.025820   -0.027948   -0.033630   -0.021265
   -0.025820   -0.024994   -0.025138   -0.004689
   -0.025820   -0.025405   -0.036628   -0.016778
   -0.025820   -0.024551   -0.022316   -0.000033
   -0.025820   -0.029103   -0.035306   -0.013269
   -0.025820   -0.025488   -0.015698    0.005342
   -0.025820   -0.024527   -0.036204   -0.025612
   -0.025820   -0.024532   -0.022661   -0.023240
   -0.025820   -0.024972   -0.028137   -0.014907
   -0.025820   -0.019968   -0.022111    0.004804
   -0.025820   -0.022529   -0.028432   -0.038838
   -0.025820   -0.027418   -0.030920    0.004078
   -0.025820   -0.024213   -0.026459   -0.005602
   -0.025820   -0.027826   -0.037525   -0.011193
   -0.025820   -0.027387   -0.027704    0.021912
   -0.025820   -0.020727   -0.032243   -0.013551
   -0.025820   -0.023856   -0.013809    0.001281
   -0.025820   -0.026180   -0.031182   -0.024719
   -0.025820   -0.026017   -0.024757    0.008879
   -0.025820   -0.024203   -0.015620   -0.017472
   -0.025820   -0.024195   -0.026194    0.001287
   -0.025820   -0.025491   -0.031281   -0.036188
   -0.025820   -0.026465   -0.031889   -0.012047
   -0.025820   -0.021544   -0.010298   -0.012641
   -0.025820   -0.016326   -0.022488    0.013004
   -0.025820   -0.014976   -0.008172   -0.003593
   -0.025820   -0.023148   -0.025339   -0.004139
   -0.025820   -0.027770   -0.029750   -0.024052
   -0.025820   -0.024133   -0.024384    0.000668
   -0.025820   -0.023520   -0.025079    0.006546
   -0.025820   -0.024825   -0.027391    0.000566
   -0.025820   -0.013170   -0.006115    0.002764
   -0.025820   -0.019961   -0.011760    0.011353
   -0.025820   -0.024610   -0.029113    0.021039
   -0.025820   -0.027481   -0.032633   -0.002378
   -0.025820   -0.020473   -0.001606    0.016052
   -0.025820   -0.022162   -0.020098   -0.006037
   -0.025820   -0.026025   -0.032749    0.008417
   -0.025820   -0.028125   -0.023031    0.001978
   -0.025820   -0.026118   -0.030021   -0.015926
   -0.025820   -0.024905   -0.033106    0.006947
   -0.025820   -0.024954   -0.038366   -0.002295
   -0.025820   -0.025795   -0.025523   -0.017350
   -0.025820   -0.024509   -0.025626    0.000001
   -0.025820   -0.018705   -0.021279   -0.020805
   -0.025820   -0.024269   -0.038356   -0.010022
   -0.025820   -0.016658   -0.025376    0.000173
   -0.025820   -0.024223   -0.026095    0.002150
   -0.025820   -0.027664   -0.039815    0.018472
   -0.025820   -0.022258   -0.036244    0.006201
   -0.025820   -0.021174   -0.002722    0.019446
   -0.025820   -0.023011   -0.026490    0.017454
   -0.025820   -0.020506   -0.014651   -0.011175
   -0.025820   -0.016122   -0.022089    0.001012
   -0.025820   -0.028053   -0.033137    0.001962
   -0.025820   -0.028138   -0.029886   -0.000501
   -0.025820   -0.017094   -0.009803    0.019602
   -0.025820   -0.028554   -0.033947   -0.015108
   -0.025820   -0.028600   -0.039860   -0.004846
   -0.025820   -0.026373   -0.015862   -0.021923
   -0.025820   -0.024024   -0.010689    0.002201
   -0.025820   -0.012768   -0.012543   -0.011257
   -0.025820   -0.020079   -0.026938    0.030425
   -0.025820   -0.024798   -0.024983   -0.000209
   -0.025820   -0.025837   -0.028608    0.024446
   -0.025820   -0.027671   -0.019224    0.006451
   -0.025820   -0.024797   -0.027226   -0.001253
   -0.025820   -0.019083   -0.019220    0.010743
   -0.025820   -0.026647   -0.029051    0.010596
   -0.025820   -0.022949   -0.013797   -0.016481
   -0.025820   -0.028251   -0.033306    0.023049
   -0.025820   -0.025689   -0.027631   -0.013234
   -0.025820   -0.026592   -0.036114    0.008689
   -0.025820   -0.027465   -0.035512   -0.016614
   -0.025820   -0.024045   -0.008392   -0.027616
   -0.025820   -0.021239   -0.035288    0.009584
   -0.025820   -0.028120   -0.033270    0.024568
   -0.025820   -0.024091   -0.026976    0.001757
   -0.025820   -0.024992   -0.030749    0.021744
   -0.025820   -0.024986   -0.028000   -0.004918
   -0.025820   -0.023861   -0.025294    0.002819
   -0.025820   -0.023294   -0.009987   -0.002010
   -0.025820   -0.023726   -0.025199    0.000571
   -0.025820   -0.022995   -0.018746   -0.011595
   -0.025820   -0.023954   -0.021844   -0.010219
   -0.025820   -0.020547   -0.035787   -0.000850
   -0.025820   -0.026400   -0.023107   -0.041444
   -0.025820   -0.030227   -0.037239    0.016631
   -0.025820   -0.024362   -0.023076   -0.020943
   -0.025820   -0.026983   -0.026399   -0.005054
   -0.025820   -0.026434   -0.040244   -0.024108
   -0.025820   -0.023750   -0.023251   -0.005074
   -0.025820   -0.023722   -0.029601    0.010408
   -0.025820   -0.022788   -0.014953    0.019387
   -0.025820   -0.020610   -0.016209   -0.021337
   -0.025820   -0.024288   -0.013603   -0.007829
   -0.025820   -0.025271   -0.025036   -0.014791
   -0.025820   -0.030275   -0.039147    0.020485
   -0.025820   -0.014052   -0.024284    0.002406
   -0.025820   -0.028337   -0.032389   -0.016447
   -0.025820   -0.024728   -0.025025    0.005006
   -0.025820   -0.024977   -0.028580   -0.003154
   -0.025820   -0.024433   -0.026216    0.000197
   -0.025820   -0.019356   -0.016017    0.002793
   -0.025820   -0.024142   -0.027316    0.006928
   -0.025820   -0.024167   -0.019824    0.024602
   -0.025820   -0.023566   -0.014418    0.015162
   -0.025820   -0.023961   -0.028494   -0.003519
   -0.025820   -0.024622   -0.028324    0.002146
   -0.025820   -0.026204   -0.023533   -0.006408
   -0.025820   -0.020110   -0.026351   -0.036214
   -0.025820   -0.023939   -0.026048    0.001388
   -0.025820   -0.022366   -0.035749   -0.001927
   -0.025820   -0.020962   -0.015940   -0.042145
   -0.025820   -0.024285   -0.027995   -0.012338
   -0.025820   -0.024853   -0.026900   -0.002929
   -0.025820   -0.026816   -0.026640   -0.004162
   -0.025820   -0.024697   -0.027472   -0.000184
   -0.025820   -0.030538   -0.034425   -0.000524
   -0.025820   -0.021081   -0.024723    0.006207
   -0.025820   -0.024502   -0.028073    0.017005
   -0.025820   -0.023545   -0.028273   -0.013398
   -0.025820   -0.022859   -0.026226   -0.018709
   -0.025820   -0.018236   -0.023398    0.006485
   -0.025820   -0.023019   -0.023605    0.000086
   -0.025820   -0.020942   -0.036258   -0.002222
   -0.025820   -0.026685   -0.026825    0.002756
   -0.025820   -0.024324   -0.026489    0.000939
   -0.025820   -0.019914   -0.013587    0.024207
   -0.025820   -0.026996   -0.039714    0.001135
   -0.025820   -0.025623   -0.027753   -0.002669
   -0.025820   -0.014060   -0.022081   -0.020142
   -0.025820   -0.028746   -0.036413   -0.012858
   -0.025820   -0.027083   -0.035811   -0.023532
   -0.025820   -0.016146   -0.012417   -0.014813
   -0.025820   -0.025451   -0.029023    0.002434
   -0.025820   -0.022664   -0.022984   -0.000922
   -0.025820   -0.024075   -0.028745   -0.002883
   -0.025820   -0.025579   -0.030342   -0.000915
   -0.025820   -0.024254   -0.009049    0.013652
   -0.025820   -0.028894   -0.037807    0.005316
   -0.025820   -0.019681   -0.015059   -0.013301
   -0.025820   -0.023316   -0.023627   -0.000521
   -0.025820   -0.018930   -0.022772    0.029244
   -0.025820   -0.022729   -0.035458   -0.000988
   -0.025820   -0.025013   -0.027549   -0.004380
   -0.025820   -0.013283   -0.015313    0.007626
   -0.025820   -0.024986   -0.029263   -0.005407
   -0.025820   -0.024744   -0.026792   -0.015858
   -0.025820   -0.022054   -0.019112    0.009610
   -0.025820   -0.023812   -0.025023    0.007456
   -0.025820   -0.023997   -0.025147    0.000106
   -0.025820   -0.025067   -0.030813    0.022098
   -0.025820   -0.023236   -0.025373    0.005476
   -0.025820   -0.020013   -0.008545    0.003409
   -0.025820   -0.026952   -0.037124   -0.002476
   -0.025820   -0.028900   -0.038310   -0.007234
   -0.025820   -0.024161   -0.025505   -0.013534
   -0.025820   -0.025321   -0.027815   -0.010585
   -0.025820   -0.021417   -0.019713   -0.010886
   -0.025820   -0.016757   -0.022887   -0.022265
   -0.025820   -0.026393   -0.034069    0.006798
   -0.025820   -0.022630   -0.011336   -0.004070
   -0.025820   -0.025965   -0.029247    0.013653
   -0.025820   -0.022731   -0.028017    0.010587
   -0.025820   -0.027121   -0.034540   -0.014274
   -0.025820   -0.024136   -0.025925    0.000356
   -0.025820   -0.026378   -0.029919    0.025898
   -0.025820   -0.024457   -0.026469    0.000993
   -0.025820   -0.019494   -0.012009   -0.021436
   -0.025820   -0.027119   -0.040323    0.013970
   -0.025820   -0.023355   -0.025352    0.001298
   -0.025820   -0.023179   -0.014212    0.004785
   -0.025820   -0.016437   -0.026371   -0.010096
   -0.025820   -0.024388   -0.025784    0.046128
   -0.025820   -0.025295   -0.025892    0.001894
   -0.025820   -0.030319   -0.035534   -0.012276
   -0.025820   -0.021779   -0.029478   -0.026390
   -0.025820   -0.022172   -0.031909    0.007938
   -0.025820   -0.023955   -0.029670    0.012047
   -0.025820   -0.024065   -0.025470    0.000978
   -0.025820   -0.024170   -0.025433   -0.000355
   -0.025820   -0.023516   -0.029471   -0.000828
   -0.025820   -0.026731   -0.027816    0.036735
   -0.025820   -0.025812   -0.013453   -0.022758
   -0.025820   -0.028667   -0.023347   -0.009127
   -0.025820   -0.024955   -0.011646   -0.026410
   -0.025820   -0.028176   -0.030632   -0.025143
   -0.025820   -0.022921   -0.023535   -0.005248
   -0.025820   -0.023895   -0.025264    0.041316
   -0.025820   -0.028174   -0.038865   -0.009205
   -0.025820   -0.026504   -0.031431   -0.001761
   -0.025820   -0.018724   -0.019611    0.033840
   -0.025820   -0.022388   -0.026446    0.005016
   -0.025820   -0.026540   -0.036599    0.025699
   -0.025820   -0.027720   -0.035408    0.014671
   -0.025820   -0.024086   -0.024831    0.005041
   -0.025820   -0.020985   -0.013756    0.026060
   -0.025820   -0.023777   -0.017141    0.003839
   -0.025820   -0.017092   -0.009184    0.023836
   -0.025820   -0.023771   -0.031791   -0.009175
   -0.025820   -0.029932   -0.031713    0.016773
   -0.025820   -0.023109   -0.030757    0.019616
   -0.025820   -0.024563   -0.026353   -0.000190
   -0.025820   -0.025922   -0.026262   -0.027698
   -0.025820   -0.026700   -0.033873   -0.019343
   -0.025820   -0.027044   -0.034760   -0.016839
   -0.025820   -0.024148   -0.024088   -0.013780
   -0.025820   -0.024502   -0.029616   -0.015255
   -0.025820   -0.017893   -0.010832   -0.009599
   -0.025820   -0.022537   -0.027321    0.006450
   -0.025820   -0.024207   -0.026135    0.000179
   -0.025820   -0.022922   -0.013943   -0.000146
   -0.025820   -0.025407   -0.023942    0.009329
   -0.025820   -0.023190   -0.020439    0.005484
   -0.025820   -0.024341   -0.026110   -0.004487
   -0.025820   -0.024234   -0.025982    0.002555
   -0.025820   -0.024572   -0.026797    0.005041
   -0.025820   -0.024412   -0.026997   -0.030703
   -0.025820   -0.028388   -0.022750   -0.001628
   -0.025820   -0.021767   -0.009342   -0.004028
   -0.025820   -0.024022   -0.020036   -0.038019
   -0.025820   -0.024639   -0.026989    0.001316
   -0.025820   -0.024575   -0.026365   -0.024174
   -0.025820   -0.024016   -0.023915   -0.005778
   -0.025820   -0.026797   -0.034527   -0.026510
   -0.025820   -0.025277   -0.030295    0.001680
   -0.025820   -0.019856   -0.011871    0.030957
   -0.025820   -0.024153   -0.026211    0.000760
   -0.025820   -0.028976   -0.039483    0.028135
   -0.025820   -0.026685   -0.037000   -0.007332
   -0.025820   -0.023669   -0.036603   -0.001561
   -0.025820   -0.018894   -0.014800   -0.025615
   -0.025820   -0.024268   -0.027440    0.005515
   -0.025820   -0.024208   -0.026019    0.000768
   -0.025820   -0.028806   -0.038989   -0.001846
   -0.025820   -0.023495   -0.037853    0.006688
   -0.025820   -0.023863   -0.014780   -0.035341
   -0.025820   -0.023811   -0.012762   -0.038590
   -0.025820   -0.023798   -0.022151   -0.001854
   -0.025820   -0.024158   -0.022941   -0.017964
   -0.025820   -0.022897   -0.012501    0.018766
   -0.025820   -0.024557   -0.025324    0.007393
   -0.025820   -0.025926   -0.030190   -0.002410
   -0.025820   -0.016037   -0.019930   -0.011901
   -0.025820   -0.023984   -0.027475   -0.001486
   -0.025820   -0.018105   -0.010375    0.035958
   -0.025820   -0.027345   -0.026025   -0.015881
   -0.025820   -0.023218   -0.030348    0.007046
   -0.025820   -0.015808   -0.024788    0.009715
   -0.025820   -0.020885   -0.020122    0.003019
   -0.025820   -0.024619   -0.021452    0.013025
   -0.025820   -0.030536   -0.040825   -0.016608
   -0.025820   -0.024689   -0.024699    0.000632
   -0.025820   -0.022691   -0.023107    0.017783
   -0.025820   -0.018174   -0.025995    0.016193
   -0.025820   -0.024161   -0.021907   -0.016767
   -0.025820   -0.024223   -0.015490    0.032661
   -0.025820   -0.022682   -0.013677    0.008454
   -0.025820   -0.021697   -0.012423    0.030534
   -0.025820   -0.025675   -0.022023    0.040142
   -0.025820   -0.024921   -0.029674   -0.029713
   -0.025820   -0.024452   -0.029599   -0.004538
   -0.025820   -0.025590   -0.029343    0.003874
   -0.025820   -0.022576   -0.025999    0.002012
   -0.025820   -0.028117   -0.033639    0.002829
   -0.025820   -0.024469   -0.026892    0.003284
   -0.025820   -0.024398   -0.028849   -0.000793
   -0.025820   -0.028443   -0.037185   -0.003740
   -0.025820   -0.018304   -0.014304   -0.038557
   -0.025820   -0.023928   -0.025036   -0.004746
   -0.025820   -0.029908   -0.039764   -0.016791
   -0.025820   -0.021321   -0.002734    0.001108
   -0.025820   -0.026600   -0.024100    0.000373
   -0.025820   -0.025008   -0.026223   -0.000189
   -0.025820   -0.026035   -0.028252   -0.000506
   -0.025820   -0.023341   -0.028242   -0.023528
   -0.025820   -0.023917   -0.025689    0.000976
   -0.025820   -0.025030   -0.025517    0.021951
   -0.025820   -0.029697   -0.044376   -0.001575
   -0.025820   -0.024150   -0.025997    0.000514
   -0.025820   -0.013885   -0.016333   -0.000903
   -0.025820   -0.024052   -0.025906    0.000381
   -0.025820   -0.025613   -0.029260    0.031793
   -0.025820   -0.022159   -0.016032    0.013933
   -0.025820   -0.026084   -0.030776   -0.017683
   -0.025820   -0.025706   -0.012895   -0.010780
   -0.025820   -0.022053   -0.029905   -0.000768
   -0.025820   -0.020888   -0.018794    0.009647
   -0.025820   -0.026854   -0.022737    0.003984
   -0.025820   -0.024059   -0.025511    0.003552
   -0.025820   -0.024686   -0.015238    0.042258
   -0.025820   -0.025153   -0.026690   -0.000495
   -0.025820   -0.024337   -0.024255    0.002326
   -0.025820   -0.026504   -0.040005   -0.014105
   -0.025820   -0.025814   -0.015418    0.023545
   -0.025820   -0.024321   -0.029541   -0.001485
   -0.025820   -0.024144   -0.026013    0.000364
   -0.025820   -0.024792   -0.028609    0.003582
   -0.025820   -0.026030   -0.031545    0.017901
   -0.025820   -0.012590   -0.007296   -0.003896
   -0.025820   -0.026737   -0.034299   -0.008447
   -0.025820   -0.027395   -0.035514   -0.024666
   -0.025820   -0.019921   -0.029283   -0.003193
   -0.025820   -0.024077   -0.026238   -0.000094
   -0.025820   -0.025570   -0.030365    0.002262
   -0.025820   -0.024891   -0.027085    0.000307
   -0.025820   -0.023246   -0.031722   -0.018110
   -0.025820   -0.018991   -0.019763   -0.018763
   -0.025820   -0.021877   -0.028360    0.018445
   -0.025820   -0.024907   -0.028957   -0.011637
   -0.025820   -0.022556   -0.024225   -0.006878
   -0.025820   -0.025405   -0.025193    0.000173
   -0.025820   -0.023683   -0.025043   -0.003280
   -0.025820   -0.024050   -0.036791    0.016270
   -0.025820   -0.022898   -0.022376    0.008747
   -0.025820   -0.025106   -0.017721   -0.041482
   -0.025820   -0.017162   -0.002086   -0.011475
   -0.025820   -0.026694   -0.028684    0.020486
   -0.025820   -0.024965   -0.030817   -0.006861
   -0.025820   -0.024317   -0.027386    0.003650
   -0.025820   -0.024545   -0.025299    0.026094
   -0.025820   -0.024583   -0.021574   -0.012737
   -0.025820   -0.024199   -0.027475   -0.000426
   -0.025820   -0.020236   -0.028054    0.005829
   -0.025820   -0.028086   -0.024352   -0.023489
   -0.025820   -0.013659   -0.012086   -0.009995
   -0.025820   -0.023561   -0.024557    0.001832
   -0.025820   -0.025085   -0.024685   -0.001455
   -0.025820   -0.026897   -0.026598    0.016768
   -0.025820   -0.026257   -0.033239   -0.024871
   -0.025820   -0.026389   -0.029889   -0.009275
   -0.025820   -0.024155   -0.022697    0.018237
   -0.025820   -0.016865   -0.023835   -0.000035
   -0.025820   -0.026739   -0.020297   -0.027420
   -0.025820   -0.026779   -0.034412   -0.000641
   -0.025820   -0.024134   -0.025571    0.001125
   -0.025820   -0.023400   -0.028488   -0.002095
   -0.025820   -0.021985   -0.025727    0.027736
   -0.025820   -0.016416   -0.018736    0.007655
   -0.025820   -0.020762   -0.019925    0.005992
   -0.025820   -0.023749   -0.024610   -0.045230
   -0.025820   -0.028207   -0.042611    0.014244
   -0.025820   -0.015055    0.050952   -0.015982
   -0.025820   -0.011780    0.035759    0.030698
   -0.025820   -0.002150    0.040473    0.030648
   -0.025820   -0.011342    0.036707    0.022999
   -0.025820   -0.020393    0.035571    0.075895
   -0.025820   -0.017275    0.033172   -0.052384
   -0.025820   -0.011113    0.037434    0.035907
   -0.025820   -0.012845    0.027103    0.003795
   -0.025820   -0.022564    0.009723    0.045568
   -0.025820   -0.016902    0.048493   -0.125125
   -0.025820   -0.013363    0.032855   -0.002053
   -0.025820   -0.011012    0.043168    0.022256
   -0.025820   -0.018125    0.023770    0.049337
   -0.025820   -0.011710    0.036190    0.003329
   -0.025820   -0.011588    0.059050   -0.056639
   -0.025820   -0.016401    0.030842   -0.011645
   -0.025820   -0.012175    0.033980    0.002712
   -0.025820   -0.010193    0.029736   -0.036560
   -0.025820   -0.009345    0.031492    0.084009
   -0.025820   -0.020656    0.027137    0.083167
   -0.025820   -0.011814    0.033176   -0.004120
   -0.025820   -0.001547    0.035874    0.014867
   -0.025820   -0.012367    0.034446    0.005650
   -0.025820   -0.013374    0.040226    0.008370
   -0.025820   -0.010498    0.012297    0.013250
   -0.025820   -0.019366    0.047529    0.038712
   -0.025820   -0.013576    0.042694   -0.000861
   -0.025820   -0.007768    0.024337    0.062710
   -0.025820   -0.015989    0.064887    0.013344
   -0.025820   -0.017990    0.039430   -0.024436
   -0.025820   -0.011871    0.036548    0.002108
   -0.025820    0.000956    0.011303    0.015537
   -0.025820   -0.011159    0.039031   -0.018267
   -0.025820   -0.015231    0.037190    0.008479
   -0.025820   -0.019462    0.030013    0.007918
   -0.025820   -0.002435    0.022433    0.030417
   -0.025820   -0.000786    0.022494    0.014910
   -0.025820    0.001549    0.033068    0.033502
   -0.025820    0.004039    0.023103    0.012964
   -0.025820   -0.015295    0.031482    0.035787
   -0.025820   -0.016005    0.027908   -0.021126
   -0.025820   -0.017265    0.047378   -0.033154
   -0.025820   -0.016456    0.045325    0.101757
   -0.025820   -0.010576    0.043300    0.004415
   -0.025820   -0.009262    0.055282   -0.087652
   -0.025820   -0.009320    0.025516   -0.006950
   -0.025820   -0.022689    0.007864    0.006014
   -0.025820   -0.013310    0.026631    0.062587
   -0.025820   -0.010809    0.045433   -0.058069
   -0.025820   -0.011831    0.038458   -0.001754
   -0.025820   -0.008216    0.039660   -0.001521
   -0.025820   -0.009555    0.062083    0.019611
   -0.025820   -0.017384    0.016261    0.059080
   -0.025820   -0.007864    0.000366    0.011602
   -0.025820   -0.012081    0.023444    0.009858
   -0.025820    0.002235    0.032847    0.068940
   -0.025820    0.006992    0.022433    0.005096
   -0.025820   -0.015116    0.021150   -0.032902
   -0.025820   -0.012873    0.036673   -0.005209
   -0.025820   -0.006972    0.043955   -0.052800
   -0.025820   -0.004829    0.018287   -0.031666
   -0.025820   -0.012511    0.040221   -0.007508
   -0.025820   -0.013165    0.033237   -0.005820
   -0.025820   -0.000716    0.019533   -0.018297
   -0.025820   -0.009375    0.026513   -0.003918
   -0.025820   -0.017349    0.035283    0.014879
   -0.025820   -0.017949    0.030664    0.082169
   -0.025820    0.001524    0.014374    0.047107
   -0.025820   -0.011634    0.027029   -0.006399
   -0.025820    0.001965    0.018473   -0.004385
   -0.025820    0.004392    0.038441   -0.019188
   -0.025820   -0.019446    0.002316    0.027999
   -0.025820   -0.014552    0.042198    0.005683
   -0.025820   -0.012270    0.052027   -0.100844
   -0.025820   -0.013854    0.047083   -0.000195
   -0.025820   -0.016498    0.028546    0.037312
   -0.025820   -0.018231    0.044763   -0.045088
   -0.025820   -0.021048    0.042229   -0.026063
   -0.025820   -0.008808    0.045036   -0.066969
   -0.025820   -0.010680    0.035141   -0.006676
   -0.025820   -0.004763    0.050258   -0.057382
   -0.025820   -0.013018    0.032167    0.005693
   -0.025820    0.002581    0.014805    0.025140
   -0.025820   -0.016890    0.047015   -0.011500
   -0.025820   -0.014247    0.031384    0.039454
   -0.025820   -0.012574    0.034525   -0.000610
   -0.025820   -0.012808    0.032871   -0.004259
   -0.025820   -0.012312    0.034277   -0.001505
   -0.025820   -0.001365    0.038098    0.053262
   -0.025820   -0.020814    0.020524   -0.070592
   -0.025820   -0.015077    0.048915   -0.008087
   -0.025820   -0.014837    0.044144   -0.105205
   -0.025820   -0.007319    0.048367   -0.041249
   -0.025820   -0.010721    0.046906   -0.041436
   -0.025820    0.001228    0.024917   -0.045476
   -0.025820   -0.000932    0.014949    0.032288
   -0.025820   -0.015677    0.048668   -0.052671
   -0.025820    0.003475    0.029932    0.035946
   -0.025820   -0.017323    0.020414    0.030614
   -0.025820   -0.013408    0.042511   -0.011517
   -0.025820   -0.010301    0.037862   -0.037121
   -0.025820   -0.010940    0.031214   -0.024008
   -0.025820   -0.016630    0.034588   -0.010411
   -0.025820   -0.000814    0.014781    0.037202
   -0.025820   -0.011330    0.033084   -0.018371
   -0.025820   -0.016519    0.052899    0.051058
   -0.025820   -0.010762    0.039966    0.092769
   -0.025820   -0.008103    0.036767   -0.001793
   -0.025820   -0.014366    0.038541   -0.089990
   -0.025820   -0.019709    0.046133    0.026468
   -0.025820   -0.011671    0.033305   -0.005150
   -0.025820    0.001579    0.039557   -0.009883
   -0.025820    0.004303    0.017392    0.040767
   -0.025820   -0.002031    0.034413   -0.006653
   -0.025820   -0.019422    0.027927    0.082927
   -0.025820   -0.013254    0.036135    0.006420
   -0.025820   -0.016248    0.035805   -0.058733
   -0.025820   -0.002450    0.029035   -0.014224
   -0.025820   -0.012522    0.000092   -0.028596
   -0.025820    0.008791    0.022771    0.013385
   -0.025820   -0.010437    0.033292    0.003733
   -0.025820   -0.012369    0.035121    0.002552
   -0.025820   -0.012275    0.034508   -0.000922
   -0.025820   -0.012895    0.024367   -0.011363
   -0.025820   -0.001151    0.035531   -0.004651
   -0.025820    0.001824    0.027473    0.041476
   -0.025820   -0.015232    0.042895   -0.014082
   -0.025820   -0.013925    0.040006   -0.059658
   -0.025820   -0.013233    0.034573    0.006385
   -0.025820   -0.009853    0.003263    0.014962
   -0.025820   -0.011619    0.039676   -0.014772
   -0.025820   -0.013550    0.021586   -0.010935
   -0.025820   -0.012493    0.057026   -0.090392
   -0.025820   -0.006918    0.013388   -0.008250
   -0.025820   -0.005453    0.034770   -0.000041
   -0.025820   -0.005885    0.032133   -0.017431
   -0.025820   -0.014896    0.060966   -0.093607
   -0.025820   -0.011868    0.028273   -0.006888
   -0.025820   -0.009250    0.034656   -0.002667
   -0.025820   -0.013358    0.037201    0.000157
   -0.025820   -0.010762    0.041060    0.001783
   -0.025820   -0.010306    0.035156    0.005346
   -0.025820   -0.006867    0.040552   -0.100761
   -0.025820   -0.005532    0.047236    0.012473
   -0.025820   -0.012495    0.053511    0.076448
   -0.025820   -0.007750    0.023701    0.009138
   -0.025820   -0.008645    0.027262   -0.025092
   -0.025820   -0.019646    0.017449   -0.002897
   -0.025820   -0.005054    0.054604   -0.006577
   -0.025820   -0.011276    0.024657    0.035314
   -0.025820   -0.011158    0.036460    0.004701
   -0.025820   -0.009342    0.022647    0.034270
   -0.025820   -0.013486    0.036540   -0.020953
   -0.025820   -0.013201    0.034693    0.000489
   -0.025820   -0.010992    0.051908   -0.082518
   -0.025820   -0.005308    0.021415    0.061238
   -0.025820   -0.005373    0.023036   -0.012900
   -0.025820    0.005174    0.036248    0.012182
   -0.025820   -0.018839    0.032984    0.043735
   -0.025820   -0.011092    0.044760   -0.029337
   -0.025820   -0.015895    0.027992   -0.103130
   -0.025820   -0.012172    0.034587   -0.002087
   -0.025820   -0.012259    0.034590   -0.000547
   -0.025820   -0.017403    0.050249    0.036492
   -0.025820   -0.015050    0.024018    0.019029
   -0.025820   -0.012527    0.036676   -0.006153
   -0.025820   -0.013033    0.029932    0.000843
   -0.025820   -0.019206    0.028309   -0.082575
   -0.025820   -0.011478    0.061873    0.049674
   -0.025820   -0.011429    0.033013    0.003780
   -0.025820   -0.020192    0.008338   -0.004485
   -0.025820   -0.012305    0.035205    0.000933
   -0.025820   -0.012555    0.040123    0.036788
   -0.025820   -0.011241    0.031077   -0.000011
   -0.025820   -0.003761    0.031996   -0.040522
   -0.025820   -0.010600    0.028189   -0.009621
   -0.025820   -0.017807    0.042313   -0.116059
   -0.025820    0.000349    0.026473    0.002319
   -0.025820   -0.011185    0.040454    0.074295
   -0.025820   -0.012389    0.023558   -0.016843
   -0.025820   -0.008228    0.013811   -0.044622
   -0.025820   -0.014509    0.017603    0.029939
   -0.025820   -0.006768    0.029853   -0.091765
   -0.025820   -0.020225    0.014969   -0.041959
   -0.025820   -0.017949    0.034881   -0.021476
   -0.025820   -0.018960    0.011691    0.065641
   -0.025820   -0.018573    0.049020    0.015752
   -0.025820   -0.012069    0.035064    0.029202
   -0.025820   -0.015146    0.008132   -0.040592
   -0.025820   -0.014404    0.033397    0.001784
   -0.025820   -0.012712    0.021189   -0.050521
   -0.025820   -0.002608    0.040574    0.036357
   -0.025820   -0.022777    0.004041   -0.008300
   -0.025820   -0.013061    0.029815   -0.028751
   -0.025820   -0.021719    0.000995   -0.026419
   -0.025820   -0.011771    0.034898    0.015724
   -0.025820   -0.003036    0.044511   -0.027679
   -0.025820   -0.012925    0.052124    0.040320
   -0.025820   -0.011233    0.024566   -0.062653
   -0.025820   -0.015848    0.042998   -0.000024
   -0.025820   -0.005346    0.043351   -0.015347
   -0.025820   -0.011597    0.029034    0.024694
   -0.025820    0.003090    0.021654    0.045779
   -0.025820   -0.019549    0.020132   -0.015965
   -0.025820   -0.009950    0.048711    0.062932
   -0.025820   -0.009835    0.034188   -0.046551
   -0.025820   -0.009226    0.017204    0.002091
   -0.025820   -0.008034    0.033313    0.004639
   -0.025820   -0.016545    0.010007   -0.025570
   -0.025820   -0.012081    0.036834    0.015829
   -0.025820   -0.015797    0.040915    0.045854
   -0.025820   -0.016508    0.048797    0.018695
   -0.025820   -0.011780    0.033997    0.024243
   -0.025820   -0.020473    0.035539    0.001667
   -0.025820   -0.001528    0.038544   -0.066015
   -0.025820   -0.012567    0.033631   -0.001170
   -0.025820   -0.011602    0.040839   -0.067902
   -0.025820   -0.011702    0.035194   -0.003131
   -0.025820   -0.002365    0.035726   -0.033718
   -0.025820   -0.020744    0.023903    0.025274
   -0.025820   -0.015061    0.033785    0.045568
   -0.025820   -0.011257    0.038471    0.033130
   -0.025820   -0.013457    0.041148    0.117964
   -0.025820   -0.000617    0.013197   -0.002696
   -0.025820   -0.006761    0.034857    0.073910
   -0.025820   -0.009610    0.031333    0.029699
   -0.025820   -0.005741    0.044088   -0.007418
   -0.025820   -0.012340    0.034691    0.000276
   -0.025820   -0.012641    0.035062    0.000727
   -0.025820   -0.015151    0.048731    0.115567
   -0.025820   -0.013848    0.032124    0.010936
   -0.025820   -0.013560    0.026782    0.026952
   -0.025820   -0.006022    0.036923   -0.007277
   -0.025820   -0.019034    0.033052   -0.048091
   -0.025820   -0.013289    0.034958   -0.001357
   -0.025820   -0.013336    0.039910   -0.005666
   -0.025820   -0.012071    0.033614    0.020573
   -0.025820   -0.002725    0.021497    0.018182
   -0.025820   -0.016593    0.036996   -0.004287
   -0.025820   -0.015175    0.059796    0.051555
   -0.025820   -0.020231    0.029330   -0.036861
   -0.025820   -0.013018    0.045515    0.079786
   -0.025820   -0.007630    0.002378    0.003838
   -0.025820   -0.018507    0.013477    0.064651
   -0.025820   -0.010416    0.033607    0.015400
   -0.025820   -0.005282    0.032419   -0.022715
   -0.025820   -0.008166    0.028796    0.019654
   -0.025820    0.005032    0.028254    0.033307
   -0.025820   -0.011281    0.046473    0.070957
   -0.025820   -0.013417    0.041634   -0.053347
   -0.025820   -0.019055    0.024994    0.053650
   -0.025820   -0.022214    0.033631    0.021127
   -0.025820   -0.016468    0.024813   -0.023214
   -0.025820   -0.009401    0.038632   -0.006070
   -0.025820   -0.012768    0.037233   -0.025170
   -0.025820   -0.020682    0.036460   -0.073438
   -0.025820   -0.019190   -0.000766    0.006106
   -0.025820   -0.020029    0.023827   -0.063319
   -0.025820   -0.010525    0.008406    0.029923
   -0.025820   -0.013194    0.033826    0.085637
   -0.025820   -0.016766    0.043593   -0.055961
   -0.025820   -0.009450    0.045700   -0.095338
   -0.025820   -0.006991    0.046700    0.045578
   -0.025820   -0.018651    0.056734   -0.082083
   -0.025820    0.000945    0.030646    0.020784
   -0.025820   -0.011193    0.030277    0.000711
   -0.025820   -0.018446    0.034468    0.075280
   -0.025820   -0.011561    0.032542    0.005740
   -0.025820   -0.012222    0.034904   -0.000288
   -0.025820   -0.000379    0.031667   -0.064280
   -0.025820   -0.010120    0.027542    0.000137
   -0.025820   -0.018747    0.029483    0.002153
   -0.025820   -0.015381    0.028650    0.040577
   -0.025820    0.002190    0.037612    0.070179
   -0.025820   -0.010838    0.043873    0.067352
   -0.025820   -0.012212    0.023392   -0.016294
   -0.025820   -0.008381    0.050232    0.048377
   -0.025820   -0.011270    0.027706    0.025513
   -0.025820   -0.006725    0.024840    0.003561
   -0.025820   -0.009986    0.033419   -0.022558
   -0.025820   -0.011438    0.031304    0.023011
   -0.025820   -0.015174    0.032945    0.003975
   -0.025820   -0.020214    0.019964   -0.075101
   -0.025820   -0.008075    0.017581   -0.029400
   -0.025820   -0.010307    0.038014   -0.002977
   -0.025820   -0.011127    0.031661    0.097129
   -0.025820   -0.014801    0.037497   -0.027342
   -0.025820   -0.001568    0.012454    0.046629
   -0.025820   -0.009531    0.045938   -0.113971
   -0.025820   -0.010817    0.015568    0.003063
   -0.025820   -0.012960    0.034753   -0.002278
   -0.025820   -0.014652    0.035027   -0.004727
   -0.025820   -0.007132    0.051007   -0.071870
   -0.025820   -0.004206    0.022004    0.054717
   -0.025820   -0.006220    0.055531    0.032166
   -0.025820   -0.013109    0.012512    0.014619
   -0.025820   -0.022409    0.026587   -0.034300
   -0.025820   -0.011661    0.040112    0.005186
   -0.025820   -0.012513    0.047415   -0.020424
   -0.025820   -0.009854    0.002568    0.016766
   -0.025820   -0.014849    0.028381    0.063313
   -0.025820   -0.013678    0.045550   -0.084497
   -0.025820   -0.014892    0.009446    0.066947
   -0.025820   -0.012888    0.035449    0.007899
   -0.025820   -0.006297    0.048437   -0.005978
   -0.025820   -0.012229    0.028670    0.009946
   -0.025820   -0.005990    0.044131   -0.027132
   -0.025820    0.002114    0.016887    0.047822
   -0.025820   -0.015786    0.035215   -0.088006
   -0.025820   -0.013481    0.035961   -0.013281
   -0.025820   -0.016875    0.040770   -0.054655
   -0.025820   -0.011228    0.027041    0.007105
   -0.025820   -0.012284    0.034922   -0.000425
   -0.025820   -0.012833    0.023472    0.012653
   -0.025820    0.003363    0.022670    0.023930
   -0.025820   -0.012613    0.023238   -0.012946
   -0.025820    0.008081    0.014981   -0.025861
   -0.025820   -0.012388    0.035291    0.001243
   -0.025820   -0.011387    0.055621   -0.059325
   -0.025820   -0.011303    0.035551   -0.007832
   -0.025820   -0.017933    0.033222   -0.050618
   -0.025820   -0.013125    0.042635    0.021674
   -0.025820   -0.004796    0.052968    0.057706
   -0.025820    0.001293    0.022029    0.025249
   -0.025820    0.004028    0.011452    0.004906
   -0.025820   -0.007058    0.031948   -0.007779
   -0.025820   -0.019525    0.028946   -0.014386
   -0.025820   -0.013176    0.035038    0.000612
   -0.025820   -0.012665    0.038064    0.003228
   -0.025820   -0.004003    0.051413    0.051199
   -0.025820   -0.004964    0.029495    0.023797
   -0.025820   -0.007079    0.035425    0.008511
   -0.025820   -0.014682    0.044998    0.010135
   -0.025820   -0.015038    0.044060   -0.045941
   -0.025820   -0.005672    0.034113    0.054563
   -0.025820   -0.023111    0.010349   -0.044836
   -0.025820    0.004267    0.035683   -0.007323
   -0.025820   -0.001610    0.040473   -0.072726
   -0.025820   -0.011826    0.033682   -0.008005
   -0.025820   -0.000649    0.006589   -0.007255
   -0.025820   -0.008965    0.021463    0.011273
   -0.025820   -0.008867    0.026099   -0.016047
   -0.025820   -0.012716    0.032785   -0.003809
   -0.025820   -0.013342    0.037145    0.013673
   -0.025820   -0.020208    0.030530    0.010350
   -0.025820   -0.016390    0.037270    0.008365
   -0.025820   -0.012605    0.043267    0.012752
   -0.025820   -0.013133    0.033374    0.001997
   -0.025820   -0.012580    0.051949   -0.076448
   -0.025820   -0.010736    0.036146   -0.008730
   -0.025820   -0.010951    0.043933    0.012303
   -0.025820   -0.012278    0.034899   -0.001262
   -0.025820   -0.013410    0.041337    0.071613
   -0.025820   -0.013703    0.031856   -0.009246
   -0.025820   -0.011417    0.036602   -0.038308
   -0.025820   -0.014912    0.033885   -0.010472
   -0.025820   -0.011115    0.038549    0.003393
   -0.025820   -0.018795    0.011841   -0.008404
   -0.025820   -0.010920    0.057011    0.006642
   -0.025820   -0.022228    0.028488   -0.011532
   -0.025820   -0.011132    0.036330   -0.051313
   -0.025820    0.000492    0.043614    0.025283
   -0.025820   -0.007656    0.044005   -0.105460
   -0.025820   -0.012781    0.042270   -0.006077
   -0.025820   -0.013153    0.033020    0.000102
   -0.025820   -0.016481    0.039685   -0.034624
   -0.025820   -0.012574    0.034422   -0.000978
   -0.025820   -0.015190    0.039425   -0.036207
   -0.025820   -0.014829    0.044378    0.021323
   -0.025820   -0.013506    0.032734    0.082364
   -0.025820   -0.012697    0.035841    0.005134
   -0.025820   -0.009648    0.052709   -0.030369
   -0.025820   -0.015393    0.027006    0.078266
   -0.025820   -0.010477    0.039850   -0.002935
   -0.025820   -0.011716    0.049235   -0.111143
   -0.025820   -0.017016    0.021389   -0.035254
   -0.025820   -0.012402    0.036151   -0.004207
   -0.025820   -0.017046    0.037327    0.021022
   -0.025820   -0.014428    0.029804   -0.006072
   -0.025820   -0.021877    0.025456   -0.069764
   -0.025820   -0.005778    0.024685    0.071499
   -0.025820   -0.010435    0.050396    0.084585
   -0.025820   -0.020145    0.043050   -0.063070
   -0.025820   -0.010688    0.033673   -0.022798
   -0.025820   -0.010036    0.033136   -0.006596
   -0.025820   -0.017075    0.007183   -0.020578
   -0.025820   -0.006439    0.027999    0.048147
   -0.025820   -0.015956    0.030628   -0.021210
   -0.025820    0.003630    0.030170    0.061502
   -0.025820   -0.012547    0.033326    0.009731
   -0.025820   -0.005549    0.047246   -0.006446
   -0.025820   -0.012778    0.034513    0.010412
   -0.025820   -0.019540    0.037600   -0.069832
   -0.025820   -0.013374    0.038387    0.011812
   -0.025820   -0.012692    0.045819   -0.004711
   -0.025820   -0.003669    0.029206    0.036305
   -0.025820   -0.022771    0.005582    0.008628
   -0.025820   -0.012626    0.035464   -0.032887
   -0.025820   -0.012112    0.040187   -0.039380
   -0.025820   -0.007372    0.035734    0.047006
   -0.025820   -0.012302    0.042812    0.010285
   -0.025820   -0.012576    0.034584    0.009509
   -0.025820   -0.012246    0.041854   -0.007149
   -0.025820   -0.008430    0.038262   -0.022174
   -0.025820   -0.014011    0.053982   -0.043973
   -0.025820   -0.014307    0.033485   -0.001570
   -0.025820   -0.000546    0.016849   -0.006592
   -0.025820   -0.008572    0.028089    0.071744
   -0.025820   -0.011415    0.029790    0.004312
   -0.025820    0.006695    0.023616    0.040376
   -0.025820   -0.012172    0.034886    0.000865
   -0.025820   -0.018904    0.029093   -0.047328
   -0.025820   -0.007471    0.025975   -0.029661
   -0.025820   -0.014793    0.052119   -0.058333
   -0.025820   -0.016005    0.049582    0.114507
   -0.025820   -0.013161    0.057593    0.011909
   -0.025820   -0.022677    0.026651   -0.014307
   -0.025820   -0.011815    0.035281    0.001581
   -0.025820   -0.013527    0.036816   -0.034511
   -0.025820   -0.011228    0.031350    0.025246
   -0.025820   -0.017892    0.046008   -0.121903
   -0.025820   -0.010844    0.039057   -0.006140
   -0.025820   -0.009533    0.034378    0.022492
   -0.025820   -0.012286    0.038056   -0.022847
   -0.025820   -0.008098    0.042773    0.099107
   -0.025820   -0.011001    0.034315   -0.001201
   -0.025820   -0.012047    0.034945    0.003574
   -0.025820   -0.012588    0.027648   -0.009734
   -0.025820   -0.007295    0.020600    0.046787
   -0.025820   -0.009976    0.031317    0.005220
   -0.025820   -0.008618    0.055542    0.057522
   -0.025820   -0.013813    0.036672   -0.025015
   -0.025820   -0.018198    0.039206   -0.081116
   -0.025820   -0.010079    0.034301   -0.006666
   -0.025820    0.005661    0.016427    0.051988
   -0.025820   -0.013696    0.032031    0.029847
   -0.025820   -0.008982    0.046689   -0.026775
   -0.025820   -0.021877    0.018919    0.038960
   -0.025820   -0.010414    0.025688    0.036895
   -0.025820   -0.015386    0.027707   -0.051590
   -0.025820   -0.009056    0.040017    0.005362
   -0.025820   -0.011264    0.060292   -0.052546
   -0.025820   -0.012184    0.027778    0.107880
   -0.025820   -0.014906    0.040060   -0.011132
   -0.025820   -0.018792    0.052901    0.024331
   -0.025820   -0.015019    0.048268    0.007343
   -0.025820   -0.013666    0.032939    0.053582
   -0.025820   -0.010469    0.033235    0.027715
   -0.025820   -0.012915    0.036461    0.001133
   -0.025820   -0.006235    0.050103   -0.003193
   -0.025820   -0.008516    0.027579   -0.004724
   -0.025820   -0.004438    0.038610    0.097564
   -0.025820   -0.012467    0.034397    0.000319
   -0.025820   -0.011678    0.031693   -0.003339
   -0.025820   -0.017677    0.043125   -0.091447
   -0.025820   -0.018324    0.025803    0.031543
   -0.025820   -0.010836    0.035557    0.006172
   -0.025820   -0.012648    0.035020   -0.013238
   -0.025820   -0.002953    0.030199   -0.068059
   -0.025820   -0.017532    0.031647   -0.044940
   -0.025820   -0.012206    0.035254   -0.004396
   -0.025820   -0.012665    0.023676    0.007956
   -0.025820   -0.015300    0.028183    0.016236
   -0.025820   -0.006790    0.008041   -0.049373
   -0.025820   -0.011439    0.035986    0.014546
   -0.025820   -0.014307    0.052244    0.092456
   -0.025820   -0.012811    0.016818   -0.065096
   -0.025820   -0.014349    0.032350    0.001532
   -0.025820   -0.010431    0.032173    0.017043
   -0.025820   -0.014280    0.038949    0.022242
   -0.025820   -0.012310    0.034740   -0.000245
   -0.025820   -0.012237    0.034200   -0.001747
   -0.025820   -0.022233    0.006085    0.033364
   -0.025820    0.006643    0.017370    0.014383
   -0.025820   -0.016827    0.053444    0.020889
   -0.025820   -0.014236    0.037028   -0.015633
   -0.025820   -0.004803    0.030406    0.000717
   -0.025820   -0.016766    0.030430    0.010428
   -0.025820   -0.013892    0.036740    0.013980
   -0.025820   -0.008975    0.002478    0.018613
   -0.025820   -0.012962    0.043276   -0.014355
   -0.025820   -0.005839    0.041128    0.086251
   -0.025820   -0.010067    0.042442    0.015041
   -0.025820   -0.019671    0.018638    0.024132
   -0.025820   -0.011524    0.034855   -0.009646
   -0.025820   -0.012135    0.034410    0.000684
   -0.025820   -0.010928    0.027575    0.011368
   -0.025820   -0.007587    0.034031   -0.000658
   -0.025820   -0.013716    0.042637   -0.005543
   -0.025820   -0.005092    0.047187    0.015485
   -0.025820   -0.023080    0.026977   -0.005479
   -0.025820   -0.019422    0.032386   -0.001758
   -0.025820   -0.018350    0.042340    0.007290
   -0.025820   -0.012546    0.040273   -0.015831
   -0.025820   -0.013986    0.039088    0.022650
   -0.025820   -0.014343    0.030335   -0.043008
   -0.025820   -0.017094    0.022607   -0.019127
   -0.025820   -0.008827    0.029153   -0.041669
   -0.025820   -0.011304    0.026641   -0.016644
   -0.025820   -0.016148    0.010357    0.055147
