    1.000000    3.243798    0.863615    0.217589
    1.000000    3.526553   -0.017383   -0.527405
    1.000000    3.888738    0.639069   -0.096399
    1.000000    3.834610    0.587080    0.133738
    1.000000    3.814075   -0.098902    0.467012
    1.000000    4.314123    0.749394    0.388124
    1.000000    3.905491    0.797428   -0.221587
    1.000000    4.183972    0.812072    0.379858
    1.000000    3.805847    1.112383    0.160405
    1.000000    3.496867    0.657807    0.251875
    1.000000    4.560428    0.747258   -0.051123
    1.000000    3.827142    0.604531   -0.049209
    1.000000    3.877117    0.011893   -0.036102
    1.000000    4.289051   -0.151681    0.172717
    1.000000    4.185527    0.413090   -0.658628
    1.000000    4.016368    0.761744   -0.004228
    1.000000    3.876812    0.396015    0.179454
    1.000000    3.717138    0.669983    0.084287
    1.000000    3.505667    0.290337    0.480103
    1.000000    4.115863    0.572086    0.045296
    1.000000    3.499570    1.178859   -0.106401
    1.000000    3.581254    0.220909    0.028442
    1.000000    3.798903    0.445824    0.300653
    1.000000    4.149552    0.822690    0.664822
    1.000000    4.069724    0.901218   -0.047102
    1.000000    3.864819    0.364187    0.435206
    1.000000    3.699561    0.907100   -0.332663
    1.000000    3.845785    0.498814   -0.058234
    1.000000    3.764947    1.110862   -0.521469
    1.000000    3.795110   -0.045622   -0.480067
    1.000000    3.773390    0.510160   -0.144681
    1.000000    3.518371    1.103198   -0.013865
    1.000000    3.298441   -0.131057    0.155190
    1.000000    4.176021    0.293081   -0.255103
    1.000000    3.547660    0.597020   -0.163186
    1.000000    4.144411    1.077605   -0.690843
    1.000000    3.944463    0.413452    0.313515
    1.000000    4.381634    0.365093    0.105296
    1.000000    3.753464    0.699171    0.016978
    1.000000    3.818826    0.202589    0.183240
    1.000000    3.806586    0.617882   -0.079428
    1.000000    4.333682    0.023684    0.222917
    1.000000    3.282947    0.329254    0.543534
    1.000000    3.482431    0.303498   -0.847197
    1.000000    4.109404    0.507674    0.094595
    1.000000    4.099247    0.558216   -0.385249
    1.000000    4.537492    1.007822    0.118354
    1.000000    3.697849    0.672409   -0.104869
    1.000000    3.500675    0.629637   -0.090175
    1.000000    3.108176    1.000127    0.509111
    1.000000    3.898589    0.608678   -0.114410
    1.000000    3.794079    0.883575    0.104810
    1.000000    4.448663    0.198481   -0.659898
    1.000000    3.862774    0.780366    0.362294
    1.000000    3.828208    0.999422    0.748087
    1.000000    4.018397    0.372794   -0.033573
    1.000000    3.384417    0.886479    0.037262
    1.000000    3.667720    0.715299    0.212050
    1.000000    3.796885    0.474708    0.262304
    1.000000    3.883672    0.624318    0.043321
    1.000000    3.909604    1.195389    0.418171
    1.000000    4.274661    0.577863   -0.590533
    1.000000    3.833194    0.678894    0.135557
    1.000000    4.235625    0.784121   -0.572092
    1.000000    3.747872    0.732283   -0.060555
    1.000000    3.499265    0.485128   -0.152369
    1.000000    3.605422    0.644185   -0.443328
    1.000000    3.647203    0.426705    0.378984
    1.000000    4.019352    0.602285   -0.244122
    1.000000    3.847552    0.494997    0.136402
    1.000000    3.821535    1.016645   -0.477231
    1.000000    4.151427    0.661982    0.571793
    1.000000    3.881209    0.485005    0.169949
    1.000000    3.323412    0.536960    0.231889
    1.000000    3.663578    0.196738   -0.609336
    1.000000    3.453414    0.688163    0.711140
    1.000000    4.185554    0.827696    0.220822
    1.000000    4.243245    1.249017   -0.690777
    1.000000    3.213787    0.141617    0.204126
    1.000000    3.548437    0.674355   -0.026465
    1.000000    3.491221    0.667452   -0.130506
    1.000000    3.898338    0.323266   -0.223101
    1.000000    3.744986    0.491051    0.065476
    1.000000    2.987690    0.379970   -0.443115
    1.000000    3.913767    0.029208    0.037124
    1.000000    3.856179    0.834971    0.237559
    1.000000    4.217649    0.251563   -0.115026
    1.000000    3.917982    0.622889    0.376378
    1.000000    4.048241    0.652120    0.325670
    1.000000    3.618979    0.700864    0.084653
    1.000000    3.725869    0.631626   -0.023446
    1.000000    3.726438    0.757366    0.164684
    1.000000    3.237856    1.018179    0.022706
    1.000000    4.241863    0.630076    0.209802
    1.000000    4.019565   -0.000972    0.533973
    1.000000    4.362362    1.257447   -0.231861
    1.000000    3.682576    0.366483   -0.653287
    1.000000    3.604851    0.608628   -0.830999
    1.000000    3.884895    0.763928    0.154769
    1.000000    3.690000    0.493778   -0.146321
    1.000000    4.193442    0.753933   -0.092755
    1.000000    3.289714    1.144434    0.086827
    1.000000    3.296548    0.633428    0.087285
    1.000000    3.957056    0.727058   -0.405230
    1.000000    4.633044    0.413945   -0.127860
    1.000000    4.019792    0.561969    0.138640
    1.000000    3.829522    1.627598   -0.171166
    1.000000    3.841699    0.618502    0.077708
    1.000000    3.923403    0.353094    0.200739
    1.000000    3.399352    0.723228    0.264714
    1.000000    3.760474    1.286214    0.321880
    1.000000    3.743249    0.741323    0.157974
    1.000000    3.526874    0.493549   -0.078743
    1.000000    3.540444    0.471835   -0.628624
    1.000000    3.214315    0.441684   -0.436019
    1.000000    4.051501    0.596450    0.072145
    1.000000    3.051698    0.416246   -0.369930
    1.000000    4.352933    0.892777    0.398270
    1.000000    3.600246    0.026819    0.017429
    1.000000    3.655510    0.727172   -0.007000
    1.000000    3.582623    0.086308    0.208849
    1.000000    2.866228    0.809897    0.208890
    1.000000    4.466895    1.099758   -0.574334
    1.000000    3.815009    0.933998    0.807513
    1.000000    3.265176    0.307653   -0.137002
    1.000000    4.283128    0.639120   -0.073282
    1.000000    3.385487    0.368654    0.454955
    1.000000    3.446175    0.934631    0.542753
    1.000000    3.585553    0.675334   -0.222861
    1.000000    3.867258    1.129576    0.016065
    1.000000    3.540383    0.963372   -0.282087
    1.000000    3.949167    0.625733   -0.087042
    1.000000    4.449364    0.659259   -0.175312
    1.000000    3.373052    0.034287   -0.328648
    1.000000    3.921303    0.795356   -0.729204
    1.000000    3.882736    0.423835    0.022257
    1.000000    3.760980    0.595775   -0.051853
    1.000000    3.497228    0.760156   -0.422963
    1.000000    3.189624    0.797755    0.343512
    1.000000    4.005237    0.017871    0.369411
    1.000000    4.116951    0.976400   -0.058021
    1.000000    4.335027   -0.132153    0.273404
    1.000000    4.054604    0.997889   -0.261585
    1.000000    3.790895    0.727431   -0.672195
    1.000000    3.413777    0.383926    0.002405
    1.000000    3.896279    0.730300   -0.192363
    1.000000    3.339641    0.392305    0.409626
    1.000000    3.911195    0.809102    0.008917
    1.000000    3.798947    0.792819    0.114479
    1.000000    3.803256    0.599578    0.112936
    1.000000    3.484063    0.071597   -0.070426
    1.000000    4.343940    1.042892   -0.233580
    1.000000    3.221593    0.783523   -0.323921
    1.000000    3.633535    0.950705   -0.028701
    1.000000    3.751686    0.400803   -0.126710
    1.000000    3.594222    0.600302   -0.307443
    1.000000    3.885616    0.841241   -0.688229
    1.000000    3.187590    0.582258   -0.235044
    1.000000    4.512498    0.789925   -0.499916
    1.000000    3.290648    1.228214    0.235357
    1.000000    3.959186    1.490087   -0.020511
    1.000000    4.075640    0.713839    0.125128
    1.000000    3.752951    0.454919    0.037244
    1.000000    3.691577    0.686223    0.197371
    1.000000    3.585950    1.193698    0.594532
    1.000000    3.366155    0.900610   -0.150928
    1.000000    3.684538    0.598987   -0.454936
    1.000000    3.590441    0.678309    0.320151
    1.000000    3.364543    0.969326    0.162272
    1.000000    4.059881    0.571927   -0.165676
    1.000000    3.253023   -0.073408   -0.176478
    1.000000    3.657626    0.426497    0.751663
    1.000000    4.009940    0.263963   -0.643164
    1.000000    3.520924   -0.151022    0.407121
    1.000000    3.238585    0.732682   -0.105684
    1.000000    3.998735    0.137971    0.841702
    1.000000    3.852738    0.352985    0.118742
    1.000000    4.037292    1.130733    0.159856
    1.000000    3.654459    1.418962   -0.204358
    1.000000    3.519946    0.003352   -0.076673
    1.000000    3.596144    1.059895    0.003744
    1.000000    4.047525    1.050121   -0.195405
    1.000000    3.793847    0.636323   -0.002521
    1.000000    3.675931    0.646201   -0.020662
    1.000000    3.838858    0.641470   -0.075539
    1.000000    3.746971    0.295530   -0.445703
    1.000000    3.522775   -0.010275   -0.542244
    1.000000    3.847240    0.577279   -0.020882
    1.000000    3.398860    0.341663    0.359841
    1.000000    4.171023    1.389043   -0.467899
    1.000000    4.589183    0.706594   -0.107644
    1.000000    3.575669    0.763228    0.319304
    1.000000    3.689930    0.994021    0.465527
    1.000000    4.278952   -0.080070    0.356235
    1.000000    3.834744    0.616148   -0.091473
    1.000000    4.113018    0.462927   -0.482384
    1.000000    3.887825    0.084438    0.170936
    1.000000    3.855183    0.993032   -0.065071
    1.000000    4.601795    0.452962   -0.106737
    1.000000    4.302686    0.126952   -0.365457
    1.000000    3.876250    0.738849    0.007076
    1.000000    4.336956    0.655468   -0.499742
    1.000000    4.438401    0.924655   -0.319598
    1.000000    3.967925    0.681505   -0.070561
    1.000000    3.701971    0.699456    0.081781
    1.000000    3.696419    1.352356    0.067629
    1.000000    4.013260    0.613099   -0.039329
    1.000000    3.558864    0.100826   -0.054851
    1.000000    3.520090    0.196057    0.210495
    1.000000    4.175320    0.369183   -0.505889
    1.000000    3.666124    0.763940   -0.802932
    1.000000    3.698605    0.604765   -0.101748
    1.000000    4.186470    1.047123    0.160325
    1.000000    4.419027    0.273340    0.285127
    1.000000    3.745226    0.022370    0.559419
    1.000000    4.062126    1.082373   -0.612412
    1.000000    3.296881    0.407010   -0.645230
    1.000000    3.686370    0.740359    0.001230
    1.000000    3.618707    0.470769   -0.311506
    1.000000    3.400773    0.737850    0.464026
    1.000000    4.261645    1.136599   -0.202845
    1.000000    3.539246    0.763854    0.402268
    1.000000    3.677863    0.315984   -0.320792
    1.000000    3.915016    0.421762   -0.128881
    1.000000    3.807276    0.696492   -0.046125
    1.000000    3.593437    0.568944   -0.112815
    1.000000    3.016056    1.018257    0.006039
    1.000000    3.793960    0.302362    0.022324
    1.000000    3.764870    0.704600   -0.056849
    1.000000    3.849083    0.692124    0.026587
    1.000000    3.827804    0.616832    0.131393
    1.000000    3.326523    0.884785    0.674691
    1.000000    3.257755    0.341951    0.139760
    1.000000    3.876515    0.962325    0.558097
    1.000000    3.898486    0.333043    0.057038
    1.000000    3.732258    0.723892   -0.067539
    1.000000    3.813518    0.109274   -0.467634
    1.000000    3.172404    0.517999   -0.770892
    1.000000    3.602512    0.181903    0.029210
    1.000000    3.597473    0.978025   -0.191081
    1.000000    4.135370    1.317993   -0.139190
    1.000000    3.702171    1.257768   -0.129966
    1.000000    4.322018   -0.046575    0.192231
    1.000000    4.038508    0.879438   -0.463566
    1.000000    4.219248    0.737971    0.234966
    1.000000    3.484049    0.005832    0.435985
    1.000000    3.421375    0.792744   -0.652476
    1.000000    3.774495    0.681575    0.011145
    1.000000    3.473932    0.829719    0.008708
    1.000000    3.170018    0.269099    0.293996
    1.000000    4.440050    0.785839   -0.096669
    1.000000    4.347020    0.627450    0.679849
    1.000000    3.793756    0.697166   -0.171480
    1.000000    4.482836    0.297834   -0.593646
    1.000000    3.786185    0.635184   -0.130775
    1.000000    3.714520    0.498533    0.025804
    1.000000    3.064482    0.304540   -0.032799
    1.000000    3.371190    0.800204   -0.102121
    1.000000    3.945005    0.690451   -0.057271
    1.000000    3.277721    0.663828   -0.174309
    1.000000    4.169273    0.460122   -0.044111
    1.000000    3.916870    0.891388    0.044127
    1.000000    3.714499    0.597777    0.004410
    1.000000    3.915652    0.656636    0.084623
    1.000000    4.318303    1.190001   -0.237316
    1.000000    3.536441    0.652795   -0.099309
    1.000000    4.012285    0.470338   -0.369752
    1.000000    3.789233    0.717686   -0.481816
    1.000000    3.895752    0.557618   -0.058895
    1.000000    4.152186    0.816896   -0.065431
    1.000000    3.804301    0.138253    0.054765
    1.000000    3.784400    0.827726   -0.035390
    1.000000    3.761798    1.006513    0.295583
    1.000000    3.679270    0.970054    0.022631
    1.000000    3.802151    0.756394   -0.007701
    1.000000    3.051302    0.237193    0.371078
    1.000000    4.234469    0.705308   -0.276103
    1.000000    3.753773    0.725374    0.440668
    1.000000    3.625320    0.483308   -0.098677
    1.000000    4.064727    0.075014   -0.291529
    1.000000    2.925145    0.478178    0.020696
    1.000000    3.138687    0.643509    0.584706
    1.000000    3.602659    0.064545    0.000786
    1.000000    3.850501   -0.201425   -0.055494
    1.000000    3.631465    0.638988   -0.836913
    1.000000    4.239701    0.571860    0.186643
    1.000000    3.347503    0.094514    0.087061
    1.000000    3.401772    0.669837   -0.179232
    1.000000    3.548141    0.226256    0.652554
    1.000000    3.377960    0.599374   -0.019442
    1.000000    4.054573    0.985775   -0.176807
    1.000000    3.671690    0.517716    0.024200
    1.000000    3.585225    0.826209   -0.622439
    1.000000    4.114115    0.842296    0.719629
    1.000000    4.507202    0.194798   -0.177138
    1.000000    3.992273    0.231844   -0.210014
    1.000000    4.199754    0.340438   -0.470284
    1.000000    4.330703    0.429726   -0.138396
    1.000000    3.567880    0.376633    0.193109
    1.000000    3.685374    0.566894   -0.250021
    1.000000    3.829276    0.285711    0.671509
    1.000000    3.847246    0.501653    0.426888
    1.000000    3.831165    1.260269   -0.018884
    1.000000    3.788096    1.095930   -0.026258
    1.000000    3.636621    0.013921   -0.408758
    1.000000    3.603040    1.035872   -0.114245
    1.000000    3.169333   -0.056199    0.133827
    1.000000    3.851005    0.868143    0.075980
    1.000000    3.846616    0.607004    0.090693
    1.000000    3.721610    0.705842   -0.154343
    1.000000    3.734819    0.670364    0.010083
    1.000000    4.582932    0.925303   -0.161133
    1.000000    3.482082    0.751101   -1.012908
    1.000000    3.349273    0.801150   -0.829969
    1.000000    4.307031    0.945807   -0.590659
    1.000000    3.742690    0.760434   -0.306281
    1.000000    3.873925    0.888182    0.149424
    1.000000    3.840726    0.509717   -0.100109
    1.000000    3.862839    0.569455   -0.059669
    1.000000    3.649489    0.720746   -0.559800
    1.000000    3.602676    0.820431    0.159425
    1.000000    3.550465    0.207986   -0.151930
    1.000000    4.026593    0.639006    0.254949
    1.000000    4.037816    1.128645   -0.411064
    1.000000    3.816808    0.558173    0.792264
    1.000000    3.787034    0.786908    0.016494
    1.000000    4.129464    0.931832    0.121029
    1.000000    4.087045    0.628670    0.301455
    1.000000    3.754191    0.201482    0.591787
    1.000000    3.063037    0.619242   -0.440144
    1.000000    4.232020    0.238306    0.174447
    1.000000    3.763266    0.487692   -0.070717
    1.000000    4.218506    0.136450    0.493678
    1.000000    4.097046   -0.039073   -0.462236
    1.000000    3.744074    0.728619    0.248991
    1.000000    4.012605    0.351230   -0.310844
    1.000000    3.725744    0.317416    0.197255
    1.000000    3.793822    0.663107   -0.072440
    1.000000    3.921609    0.269805   -0.345479
    1.000000    3.672651    0.767304    0.823487
    1.000000    3.819690    0.528979    0.039889
    1.000000    4.025651    0.186717   -0.368578
    1.000000    3.935022    0.410696   -0.042908
    1.000000    4.002192    0.338389    0.072478
    1.000000    4.099330    0.727906   -0.098644
    1.000000    4.150073    0.762051   -0.793577
    1.000000    4.427947    0.794931    0.081535
    1.000000    3.513094    0.668308    0.179789
    1.000000    3.841535    0.814404   -0.022694
    1.000000    3.886895    0.490731    0.026085
    1.000000    3.673480    0.791570   -0.530432
    1.000000    3.807298    1.060485    0.348938
    1.000000    3.905240    0.501084    0.864172
    1.000000    4.045313    0.431657   -0.365761
    1.000000    4.028229    0.630394   -0.101304
    1.000000    4.249148   -0.162281   -0.333827
    1.000000    3.826311    0.678085   -0.002711
    1.000000    4.186323   -0.035449    0.057709
    1.000000    3.567523   -0.027178    0.089593
    1.000000    3.762796    0.963873    0.267693
    1.000000    3.349607    0.930833   -0.878991
    1.000000    3.695992    0.504494   -0.314762
    1.000000    3.672006    0.714778   -0.096996
    1.000000    3.737159    1.335370    0.522402
    1.000000    4.403324    0.280750    0.404679
    1.000000    3.872179    0.897880   -0.044018
    1.000000    3.123448    0.422956   -0.119469
    1.000000    3.964672    0.477242    0.029199
    1.000000    3.941385    0.557932    0.049320
    1.000000    3.677279    0.356255   -0.036710
    1.000000    4.367555    0.472414    0.489899
    1.000000    3.889827    0.570679   -0.364294
    1.000000    3.147491    0.293407    0.652036
    1.000000    4.064755    0.449471    0.557837
    1.000000    3.947407    0.988494    0.010962
    1.000000    3.457692    0.500079    0.242026
    1.000000    4.562279    1.188283   -0.033739
    1.000000    3.286378    1.158861    0.583641
    1.000000    4.025335    1.327404   -0.186991
    1.000000    3.682372    0.693983   -0.065120
    1.000000    4.466432    0.680659   -0.403252
    1.000000    3.701842    0.419441   -0.378425
    1.000000    3.433156    0.766458    0.521913
    1.000000    3.210839    1.214953   -0.374641
    1.000000    2.917815    0.750714   -0.349752
    1.000000    3.814960    0.582896   -0.771551
    1.000000    3.736168    0.641113   -0.326601
    1.000000    4.284657    1.142217    0.338569
    1.000000    3.265183    0.653418    0.501913
    1.000000    3.931400    0.541502    0.522330
    1.000000    4.030631    0.587028    0.278015
    1.000000    3.748621    0.742828   -0.099093
    1.000000    3.639357    0.482279   -0.036904
    1.000000    3.663473    0.593372    0.065500
    1.000000    3.683142    0.370213    0.038502
    1.000000    2.995173    0.747598    0.173436
    1.000000    3.529369    1.509288    0.098344
    1.000000    4.073911    0.875239    0.638497
    1.000000    3.198519    0.021309    0.478574
    1.000000    3.596189    0.572941    0.110316
    1.000000    3.457863    0.593088    0.246304
    1.000000    3.741952    0.190491    0.463551
    1.000000    3.907201    1.004001   -0.282446
    1.000000    3.631376    1.272616    0.670772
    1.000000    3.864088    0.743960    0.157983
    1.000000    3.353393    0.613759   -0.788295
    1.000000    3.634214    1.066525    0.034088
    1.000000    3.848743    0.673806    0.306060
    1.000000    3.846149   -0.004618    0.054111
    1.000000    3.556030    0.752583   -0.003122
    1.000000    3.688586    0.868780    0.186182
    1.000000    3.798448   -0.195688   -0.431232
    1.000000    3.966751    0.886425   -0.382844
    1.000000    4.281030    0.493104    0.369406
    1.000000    3.809081    0.985030    0.057198
    1.000000    2.982201    0.554676   -0.385455
    1.000000    3.518748    0.744232   -0.108755
    1.000000    3.855698    0.791166    0.195335
    1.000000    3.764290    0.380199    0.024778
    1.000000    3.676775    0.897327    0.533213
    1.000000    3.146189    0.682514    0.898336
    1.000000    3.563286    0.399386    0.087851
    1.000000    3.319933   -0.065754   -0.478281
    1.000000    4.110719    0.085866   -0.437878
    1.000000    3.653104    0.911303   -0.119748
    1.000000    3.645604    0.650088   -0.216821
    1.000000    4.225281    0.588336    0.429021
    1.000000    3.649587    0.657920   -0.082941
    1.000000    4.271669    0.933080   -0.266095
    1.000000    3.987341   -0.026497    0.201288
    1.000000    3.779865    1.034507   -0.070366
    1.000000    4.111777    0.466585    0.042298
    1.000000    3.670797    0.674661    0.252990
    1.000000    3.862314    0.351248    0.046733
    1.000000    3.205167    0.525604    0.174276
    1.000000    3.813419    0.925799    1.028805
    1.000000    3.680710   -0.082655    0.451273
    1.000000    4.409893    0.838876   -0.181449
    1.000000    3.999759    0.204918   -0.154598
    1.000000    3.843790   -0.096297    0.279480
    1.000000    4.156947    0.598174   -0.232946
    1.000000    3.797034    1.081763    0.609472
    1.000000    3.899415    0.679983   -0.100410
    1.000000    3.870489    0.775888    0.317211
    1.000000    3.513513    1.252717   -0.306192
    1.000000    3.867691    0.633862    0.036799
    1.000000    4.512270    0.739772   -0.283096
    1.000000    3.607245    0.634050    0.088926
    1.000000    3.910206    0.773967    0.027853
    1.000000    3.934098    0.428872    0.284657
    1.000000    3.623248    0.485912   -0.032746
    1.000000    3.949684    0.671317   -0.174173
    1.000000    4.251701    0.777841   -0.700564
    1.000000    4.070544    0.950163    0.061924
    1.000000    3.849387    1.217839    0.226589
    1.000000    3.024445    0.485967    0.030880
    1.000000    3.758426    0.648534    0.008305
    1.000000    4.485508    0.771748   -0.085007
    1.000000    3.454036    0.769668    0.083667
    1.000000    3.800700    0.750389    0.003472
    1.000000    3.374448    0.334126    0.584970
    1.000000    3.413369    0.875984   -0.181218
    1.000000    3.424703    1.244637    0.307948
    1.000000    3.451816    0.711981   -0.223476
    1.000000    3.810755    0.606205    0.034950
    1.000000    3.746380    0.286538   -0.069778
    1.000000    4.052588    0.419709    0.284193
    1.000000    3.673771    0.438619    0.152369
    1.000000    3.555473    0.325576   -0.186707
    1.000000    3.669481    0.513167    0.252655
    1.000000    4.352892    0.295635   -0.220478
    1.000000    3.962069    0.700023    0.637293
    1.000000    4.294452    0.554774   -0.304657
    1.000000    4.278728    0.252481   -0.251241
    1.000000    3.847073    0.671736   -0.256543
    1.000000    3.422065    0.530910    0.337032
    1.000000    3.575594    0.597593   -0.528272
    1.000000    3.759456    0.772848    0.087878
    1.000000    3.388957    0.492195   -0.051279
    1.000000    3.377188    0.245152   -0.199645
    1.000000    3.510469    0.030297   -0.184071
    1.000000    4.101021    0.897601    0.042193
    1.000000    3.743516    0.570245    0.147860
    1.000000    3.651743    0.255363   -0.418792
    1.000000    3.759148    0.637428   -0.109538
    1.000000    3.670637    0.637120    0.052621
    1.000000    3.555022   -0.003596    0.263451
    1.000000    3.764694    0.578482    0.039936
    1.000000    4.089838    0.780233    0.745949
    1.000000    3.953467    0.601346   -0.007225
    1.000000    4.273142    0.555220    0.417075
    1.000000    3.415210    0.566693    0.457409
    1.000000    3.911001    1.362966    0.211007
    1.000000    3.940335   -0.071073   -0.318713
    1.000000    3.896635    1.456003   -0.695758
    1.000000    3.592445    0.384412    0.084035
    1.000000    3.893181    0.657922    0.075327
    1.000000    3.953731    0.539553    0.129562
    1.000000    3.755433    0.682907    0.004912
    1.000000    3.593405    0.524618    0.344971
    2.000000   -1.832856    0.475924    0.577577
    2.000000   -2.212595    1.637784   -0.296624
    2.000000   -2.614528    1.789512    0.058547
    2.000000   -1.409865    2.910174    0.311319
    2.000000   -2.643417    2.082917    0.076459
    2.000000   -2.647721    2.003847    0.151007
    2.000000   -3.301325    1.963093   -0.055805
    2.000000   -4.053989    1.440246    1.039399
    2.000000   -3.110237    2.878526    0.508126
    2.000000   -1.591379    1.375478   -0.194798
    2.000000   -3.200321    2.482046   -0.179318
    2.000000   -3.661335    3.208615    0.443152
    2.000000   -1.516815    0.665367   -0.000609
    2.000000   -3.391452    2.478168    0.834618
    2.000000   -1.219185    1.784259   -0.894291
    2.000000   -3.505555    2.059064    1.615678
    2.000000   -2.583133    1.567679   -0.263275
    2.000000   -2.443731    0.990937    0.582850
    2.000000   -2.596145    1.569317    0.105742
    2.000000   -2.383657    2.471797   -0.265164
    2.000000   -3.496847    1.745864   -0.104953
    2.000000   -2.838348    1.711404    0.686530
    2.000000   -1.794368    1.115948    0.827061
    2.000000   -3.005545    3.527352    0.123559
    2.000000   -2.815469    2.010095    0.031004
    2.000000   -3.036138    0.965803   -1.085407
    2.000000   -3.065444    1.919553    0.087545
    2.000000   -2.934361    0.785948   -1.370608
    2.000000   -2.020673    3.135741    0.360077
    2.000000   -2.477111    2.379822   -0.085342
    2.000000   -2.607212    1.796712    0.418247
    2.000000   -2.853319    3.172872    0.260228
    2.000000   -2.641426    1.372393   -1.086105
    2.000000   -1.213491    2.632714    0.942274
    2.000000   -2.796430    2.261149    0.055644
    2.000000   -3.418642    1.221855    0.485905
    2.000000   -0.917743    2.700389    0.168461
    2.000000   -2.464673    2.560013   -0.359833
    2.000000   -3.633087    2.267018    1.170032
    2.000000   -3.356483    0.413716   -0.694467
    2.000000   -2.776256    2.331762   -0.562077
    2.000000   -2.506689    1.238731    0.137555
    2.000000   -2.718315    1.809080    0.047717
    2.000000   -3.365419    1.852602    0.961710
    2.000000   -2.324907    2.270840   -1.268101
    2.000000   -1.954476    1.830856    0.059672
    2.000000   -2.712858    1.651245    0.161569
    2.000000   -3.274703    2.252331    0.690167
    2.000000   -1.866503    2.017817    0.591353
    2.000000   -2.539776    3.647438   -0.569582
    2.000000   -3.237827    1.996460    0.185806
    2.000000   -1.437098    2.525599   -0.884713
    2.000000   -3.165131    2.010639   -0.409516
    2.000000   -2.851170    1.470855   -1.022996
    2.000000   -3.747060    1.701495   -0.171931
    2.000000   -1.840890    1.814465   -0.705731
    2.000000   -3.040333    1.473592    0.561306
    2.000000   -2.251912    2.325786   -0.854880
    2.000000   -2.729138    2.065506   -0.250038
    2.000000   -2.774808    1.443007   -0.063119
    2.000000   -2.578708    1.451119   -0.042791
    2.000000   -1.624656    2.111360   -0.285463
    2.000000   -1.385098    2.043440    0.455224
    2.000000   -1.215142    1.584611   -0.522594
    2.000000   -2.726104    1.725826   -0.336097
    2.000000   -1.530318    2.093897   -0.974909
    2.000000   -2.375927    3.713182   -0.539379
    2.000000   -3.956623    2.255618    0.050914
    2.000000   -2.912059    2.360112    0.715963
    2.000000   -3.296769    0.693258   -1.185985
    2.000000   -1.507899    3.123236    0.107999
    2.000000   -1.404576    1.121631    0.090580
    2.000000   -3.643629    2.076738   -1.286199
    2.000000   -1.159448    1.026767   -0.848413
    2.000000   -1.057040    2.115367   -0.500872
    2.000000   -3.670303    0.769057   -0.160954
    2.000000   -3.618645    2.493189    0.960523
    2.000000   -2.348448    1.734411   -0.116879
    2.000000   -2.487159    1.537013    0.527576
    2.000000   -3.502002    0.832003    1.259737
    2.000000   -3.314650    2.303449   -0.723260
    2.000000   -2.473051    2.124675    1.762236
    2.000000   -2.802677    1.748087   -0.062518
    2.000000   -2.529061    1.801624   -0.139909
    2.000000   -3.680288    0.177678    0.131724
    2.000000   -2.981950    0.463761    0.374174
    2.000000   -3.279496    0.800362   -1.398800
    2.000000   -2.526947    2.302684    0.699016
    2.000000   -2.618375    1.994987   -0.072182
    2.000000   -2.551044    1.103944    0.649621
    2.000000   -3.567504    2.248622   -0.460656
    2.000000   -2.248466    2.367361    1.070838
    2.000000   -1.847297    2.175961   -1.713567
    2.000000   -2.766487    1.934844   -0.034769
    2.000000   -2.031365    1.616705    0.304858
    2.000000   -2.850783    0.679927    1.432942
    2.000000   -2.882030    2.742639    0.041092
    2.000000   -2.904658    1.821605    0.473301
    2.000000   -2.443993    2.630609    0.824735
    2.000000   -2.692387    1.887100    0.063393
    2.000000   -3.712776    1.634240    0.630985
    2.000000   -2.795885    0.901184   -0.305712
    2.000000   -2.169534    0.329573    0.431402
    2.000000   -1.472468    2.416938    0.047922
    2.000000   -3.395011    1.210345   -0.144541
    2.000000   -2.140477    1.272155   -0.577678
    2.000000   -3.714652    0.625465   -0.305649
    2.000000   -3.300292    1.672205    1.681413
    2.000000   -2.386092    2.018997    0.520782
    2.000000   -1.832393    1.674129   -0.910913
    2.000000   -2.686163    2.021710   -0.070288
    2.000000   -3.165732    0.657113   -0.703744
    2.000000   -2.967269    2.800430    1.456352
    2.000000   -1.801141    0.978249    1.019513
    2.000000   -3.278702    0.980416   -1.260388
    2.000000   -3.508192    2.750638    0.107943
    2.000000   -2.655970    2.060317    0.127661
    2.000000   -3.210469    3.023724    0.381086
    2.000000   -2.961424    2.348498    0.696958
    2.000000   -2.714490    2.326866   -0.537358
    2.000000   -1.827965    1.549314   -0.651456
    2.000000   -2.701731    1.887291    0.014041
    2.000000   -1.926635    0.702774   -0.169386
    2.000000   -1.772632    1.733901    1.743266
    2.000000   -2.464726    1.185235   -0.309907
    2.000000   -2.761604    2.506882    0.350757
    2.000000   -2.653411    1.916509    0.013374
    2.000000   -1.071618    0.840726    0.168353
    2.000000   -2.639700    2.047004    0.144367
    2.000000   -3.160824    1.445790   -0.016589
    2.000000   -1.393831    2.078819    0.207462
    2.000000   -2.041310    1.194021   -1.077320
    2.000000   -2.584488    2.131286    0.255997
    2.000000   -2.736706    1.814807   -0.162730
    2.000000   -1.780302    2.148100    0.703717
    2.000000   -1.335404    2.159816    0.114124
    2.000000   -2.562596    2.781639   -1.410962
    2.000000   -1.159008    2.277296   -1.026830
    2.000000   -1.905497    1.984473   -0.022620
    2.000000   -3.425958    3.386584    1.031648
    2.000000   -2.771944    1.698992   -0.456087
    2.000000   -3.368041    1.925277    0.623983
    2.000000   -2.078757    0.317680   -0.057622
    2.000000   -3.711155    3.220053    0.930357
    2.000000   -2.656431    1.627990   -1.681193
    2.000000   -2.704018    1.796675   -0.052237
    2.000000   -2.666256    1.600582    0.562662
    2.000000   -1.468913    0.836438   -0.193951
    2.000000   -2.722752    1.854018    0.014103
    2.000000   -2.841580    2.109817    0.531953
    2.000000   -2.503744    0.706452   -0.835816
    2.000000   -2.747205    2.048194   -0.263299
    2.000000   -2.866143    0.777632    0.998985
    2.000000   -3.414568    1.553930    1.558970
    2.000000   -3.758098    0.359832   -0.236306
    2.000000   -2.654859    2.355438   -0.067730
    2.000000   -2.681265    1.836730    0.044923
    2.000000   -3.502903    2.337748   -0.870496
    2.000000   -2.941617    1.711832   -0.176387
    2.000000   -2.617901    3.048114   -0.787656
    2.000000   -2.918638    1.466006    0.012020
    2.000000   -3.868167    2.375652   -0.489761
    2.000000   -3.424012    0.741787    0.258854
    2.000000   -2.422922    3.091222   -1.236096
    2.000000   -2.897932    1.506057   -0.922521
    2.000000   -2.829370    2.040124   -0.629154
    2.000000   -1.945955    1.810290    0.137347
    2.000000   -2.250613    2.312765   -1.770613
    2.000000   -3.448083    2.077071    0.238002
    2.000000   -2.697152    1.928555   -0.239481
    2.000000   -3.270094    2.865966   -0.462379
    2.000000   -3.582709    1.720703    0.970102
    2.000000   -1.810041    2.917824   -0.699299
    2.000000   -2.997820    0.731149    0.071096
    2.000000   -3.042259    2.264114   -1.055152
    2.000000   -3.251182    1.565361    0.401124
    2.000000   -3.034782    0.863903   -0.618826
    2.000000   -2.702003    1.901901    0.052647
    2.000000   -2.842625    2.360013   -1.594458
    2.000000   -3.099825    2.311360   -0.494573
    2.000000   -2.518941    0.608805   -0.473638
    2.000000   -1.366416    2.081097    0.482186
    2.000000   -1.399966    0.773935   -0.262543
    2.000000   -2.485462    1.903989   -0.195850
    2.000000   -3.625894    1.897795   -0.934623
    2.000000   -2.744966    1.716061    0.027197
    2.000000   -2.577478    1.845347    0.261992
    2.000000   -2.819362    1.971204    0.033313
    2.000000   -1.173961    0.665492   -0.040618
    2.000000   -2.164521    0.837903    0.366871
    2.000000   -2.703165    2.193203    0.921248
    2.000000   -3.390368    2.273874   -0.043701
    2.000000   -2.467464   -0.029150    0.516308
    2.000000   -2.416962    1.450981   -0.274358
    2.000000   -2.938452    2.469258    0.406747
    2.000000   -4.114602    1.112831    0.198950
    2.000000   -3.073258    2.131647   -0.656907
    2.000000   -2.633932    2.636740    0.328830
    2.000000   -2.439804    3.348095   -0.093846
    2.000000   -3.152050    1.670736   -0.675544
    2.000000   -2.798546    1.811154    0.005390
    2.000000   -1.746386    1.808951   -0.976662
    2.000000   -2.284963    3.424862   -0.491276
    2.000000   -1.353790    2.378314   -0.085512
    2.000000   -2.712201    1.888637    0.089662
    2.000000   -3.099324    3.226389    0.955632
    2.000000   -1.957163    3.327618    0.301847
    2.000000   -2.604371    0.015087    0.642516
    2.000000   -2.420428    2.045680    0.729990
    2.000000   -2.207827    1.058582   -0.481218
    2.000000   -1.345815    2.045877   -0.061602
    2.000000   -3.567929    2.258166    0.160648
    2.000000   -3.764374    1.857053    0.067318
    2.000000   -1.698593    0.825983    0.640316
    2.000000   -3.716782    2.287507   -0.577545
    2.000000   -3.416179    3.087863   -0.153977
    2.000000   -3.725640    0.657683   -0.691895
    2.000000   -3.139573    0.444457    0.120207
    2.000000   -1.048260    1.254370   -0.617755
    2.000000   -1.842625    2.339558    1.318011
    2.000000   -2.894962    1.715152    0.004105
    2.000000   -3.046127    2.009291    1.067329
    2.000000   -4.108786    0.799213    0.364712
    2.000000   -2.817711    1.955679   -0.044361
    2.000000   -1.856781    1.579160    0.366143
    2.000000   -3.274730    1.959553    0.495472
    2.000000   -2.760001    0.808047   -0.604767
    2.000000   -3.629384    2.258749    1.085068
    2.000000   -3.042663    1.908662   -0.530864
    2.000000   -2.955967    2.836692    0.445161
    2.000000   -3.248577    2.643791   -0.705295
    2.000000   -3.210409    0.252639   -0.883630
    2.000000   -1.803863    3.290090    0.462233
    2.000000   -3.581610    2.274128    1.149210
    2.000000   -2.651441    1.996700    0.070694
    2.000000   -2.739767    2.345812    0.974358
    2.000000   -2.839319    2.022178   -0.198931
    2.000000   -2.650485    1.836762    0.111230
    2.000000   -2.955560    0.448408   -0.044782
    2.000000   -2.621654    1.838623    0.014476
    2.000000   -2.637534    1.256195   -0.465417
    2.000000   -2.778896    1.474427   -0.408712
    2.000000   -1.668720    3.423478   -0.066278
    2.000000   -3.428559    1.364540   -1.571547
    2.000000   -4.272939    2.440082    0.873181
    2.000000   -2.840868    1.563234   -0.841598
    2.000000   -3.499642    1.623769   -0.140153
    2.000000   -2.722827    3.456925   -1.164203
    2.000000   -2.686758    1.633873   -0.213938
    2.000000   -2.480075    2.330406    0.452834
    2.000000   -2.692937    0.926771    0.715515
    2.000000   -2.191670    1.196204   -0.887839
    2.000000   -3.124056    0.673808   -0.243994
    2.000000   -3.019503    1.674294   -0.583124
    2.000000   -4.164920    2.703392    1.063729
    2.000000   -1.028194    2.409628    0.002583
    2.000000   -3.713029    2.126720   -0.624994
    2.000000   -2.875188    1.727161    0.217641
    2.000000   -2.816615    2.088097   -0.125288
    2.000000   -2.759857    1.881603    0.011225
    2.000000   -1.968854    1.255157    0.037371
    2.000000   -2.652422    2.030345    0.293613
    2.000000   -2.895709    1.264829    0.965416
    2.000000   -2.902492    0.813229    0.569733
    2.000000   -2.571180    2.177637   -0.161744
    2.000000   -2.735731    2.095385    0.097044
    2.000000   -3.357610    1.416587   -0.201035
    2.000000   -1.856590    2.265776   -1.696750
    2.000000   -2.645209    1.909928    0.052341
    2.000000   -1.995291    3.244096   -0.108603
    2.000000   -2.257791    1.158892   -1.682802
    2.000000   -2.663017    2.091420   -0.536222
    2.000000   -2.843475    1.914334   -0.113337
    2.000000   -3.432262    1.670275   -0.110705
    2.000000   -2.783889    1.992727   -0.001261
    2.000000   -4.652711    1.995477    0.137930
    2.000000   -2.083535    2.005289    0.217946
    2.000000   -2.713285    2.083779    0.735009
    2.000000   -2.482177    2.191929   -0.603808
    2.000000   -2.393420    2.026444   -0.833927
    2.000000   -1.631014    2.059876    0.202651
    2.000000   -2.507860    1.733429   -0.017181
    2.000000   -1.719944    3.455477   -0.132521
    2.000000   -3.380824    1.706672    0.168113
    2.000000   -2.723946    1.921512    0.040202
    2.000000   -2.118159    1.006872    0.860567
    2.000000   -2.907314    3.296438    0.104918
    2.000000   -3.020754    1.928319   -0.087034
    2.000000   -1.065769    2.161044   -1.058954
    2.000000   -3.659717    2.578956   -0.497884
    2.000000   -3.112522    2.736296   -1.042555
    2.000000   -1.510454    1.098024   -0.700835
    2.000000   -2.926128    2.089381    0.124862
    2.000000   -2.447431    1.698978   -0.064640
    2.000000   -2.589447    2.195515   -0.132220
    2.000000   -2.911090    2.227389   -0.019004
    2.000000   -3.260326    0.284974    0.524055
    2.000000   -3.639774    2.747003    0.332446
    2.000000   -2.043832    1.147665   -0.586043
    2.000000   -2.574058    1.710448   -0.036873
    2.000000   -1.751657    1.960987    1.192480
    2.000000   -2.075854    3.167416   -0.059585
    2.000000   -2.862335    1.969475   -0.173502
    2.000000   -1.079917    1.498810    0.182318
    2.000000   -2.794399    2.164789   -0.225282
    2.000000   -2.817020    1.914955   -0.662877
    2.000000   -2.420260    1.365840    0.349291
    2.000000   -2.647203    1.813560    0.304147
    2.000000   -2.687595    1.808427    0.000158
    2.000000   -2.756238    2.345881    0.991053
    2.000000   -2.504247    1.901175    0.213613
    2.000000   -2.237068    0.558846    0.075711
    2.000000   -3.016026    2.927199   -0.071501
    2.000000   -3.614716    2.815918   -0.250200
    2.000000   -2.714147    1.832012   -0.569428
    2.000000   -2.934108    1.967635   -0.431194
    2.000000   -2.272031    1.469351   -0.484554
    2.000000   -1.414753    2.097427   -1.106496
    2.000000   -2.987858    2.591572    0.344623
    2.000000   -2.748879    0.617047   -0.143460
    2.000000   -3.060363    2.061982    0.615498
    2.000000   -2.316244    2.237126    0.442042
    2.000000   -3.184126    2.561463   -0.599139
    2.000000   -2.696381    1.878408    0.012466
    2.000000   -3.152102    2.098459    1.149295
    2.000000   -2.757395    1.906709    0.044998
    2.000000   -2.066898    0.888567   -0.872492
    2.000000   -2.910878    3.377000    0.741700
    2.000000   -2.531535    1.887853    0.038494
    2.000000   -2.809178    0.825108    0.181350
    2.000000   -1.299317    2.507836   -0.573497
    2.000000   -2.751898    1.866955    1.923956
    2.000000   -2.997747    1.761246    0.100477
    2.000000   -4.445094    2.187363   -0.391797
    2.000000   -2.078227    2.490130   -1.251750
    2.000000   -2.085257    2.751070    0.347656
    2.000000   -2.530475    2.317006    0.528056
    2.000000   -2.693798    1.836550    0.037650
    2.000000   -2.720412    1.822729   -0.016105
    2.000000   -2.439079    2.331663   -0.051515
    2.000000   -3.346867    1.826514    1.572232
    2.000000   -3.616376    0.505993   -0.712257
    2.000000   -4.355950    1.059173   -0.200973
    2.000000   -3.388801    0.441232   -0.852854
    2.000000   -3.737962    1.943485   -0.976792
    2.000000   -2.487678    1.734205   -0.240766
    2.000000   -2.651147    1.852563    1.716729
    2.000000   -3.319272    3.006221   -0.368315
    2.000000   -3.131600    2.251022   -0.037789
    2.000000   -1.784368    1.653744    1.329190
    2.000000   -2.292040    2.088996    0.186199
    2.000000   -2.914692    2.919258    1.247172
    2.000000   -3.337050    2.597957    0.727867
    2.000000   -2.719295    1.767802    0.207452
    2.000000   -2.323743    0.954113    0.937987
    2.000000   -2.877543    1.039833    0.155248
    2.000000   -1.707244    0.774452    0.793723
    2.000000   -2.417619    2.585631   -0.431517
    2.000000   -4.493803    1.779308    0.844581
    2.000000   -2.307926    2.529534    0.877930
    2.000000   -2.787893    1.883842   -0.002667
    2.000000   -3.158703    1.739530   -1.107980
    2.000000   -3.084055    2.530586   -0.835722
    2.000000   -3.149945    2.600380   -0.721016
    2.000000   -2.756299    1.684723   -0.566981
    2.000000   -2.659877    2.255473   -0.672467
    2.000000   -1.810651    0.871086   -0.452485
    2.000000   -2.297125    2.173903    0.253911
    2.000000   -2.706717    1.894364    0.006097
    2.000000   -2.752246    0.821669   -0.005361
    2.000000   -3.099340    1.547006    0.405151
    2.000000   -2.637621    1.402908    0.205672
    2.000000   -2.740145    1.878784   -0.187950
    2.000000   -2.718439    1.875630    0.106921
    2.000000   -2.775440    1.931748    0.218473
    2.000000   -2.721449    1.975867   -1.309500
    2.000000   -4.253179    1.042486    0.075397
    2.000000   -2.593022    0.511434   -0.153682
    2.000000   -2.842577    1.302302   -1.482841
    2.000000   -2.785686    1.945562    0.061852
    2.000000   -2.786029    1.888045   -1.014951
    2.000000   -2.730554    1.678025   -0.239658
    2.000000   -3.082181    2.605749   -1.169022
    2.000000   -2.832616    2.254470    0.089155
    2.000000   -2.140468    0.862357    1.095223
    2.000000   -2.691342    1.907565    0.029598
    2.000000   -3.568618    2.986516    1.411277
    2.000000   -2.943886    2.944115   -0.306786
    2.000000   -2.224986    3.233416   -0.075510
    2.000000   -1.905675    1.174340   -1.086582
    2.000000   -2.678856    2.031760    0.235182
    2.000000   -2.710848    1.881812    0.031125
    2.000000   -3.540652    2.927823   -0.003579
    2.000000   -2.140664    3.436690    0.344083
    2.000000   -2.961374    0.825967   -1.279122
    2.000000   -3.005893    0.653542   -1.358874
    2.000000   -2.732068    1.518643   -0.077869
    2.000000   -2.794195    1.567443   -0.725784
    2.000000   -2.785118    0.700542    0.682104
    2.000000   -2.820885    1.775802    0.313845
    2.000000   -3.013141    2.171359   -0.076330
    2.000000   -1.372166    1.824025   -0.633574
    2.000000   -2.609843    2.061369   -0.070927
    2.000000   -1.852882    0.833917    1.260472
    2.000000   -3.645166    1.538655   -0.561014
    2.000000   -2.346234    2.464271    0.302203
    2.000000   -1.248134    2.366574    0.355714
    2.000000   -2.160054    1.547149    0.070060
    2.000000   -2.965331    1.376167    0.530579
    2.000000   -4.186365    2.897729   -0.651599
    2.000000   -2.876063    1.696180    0.036905
    2.000000   -2.449328    1.714457    0.710027
    2.000000   -1.561885    2.356263    0.666472
    2.000000   -2.827764    1.463167   -0.665630
    2.000000   -3.045337    0.859052    1.225882
    2.000000   -2.701660    0.818121    0.306026
    2.000000   -2.504641    0.789640    1.094431
    2.000000   -3.243309    1.340776    1.605717
    2.000000   -2.756929    2.226240   -1.297315
    2.000000   -2.650121    2.257075   -0.199822
    2.000000   -2.951910    2.111321    0.189785
    2.000000   -2.343730    2.023855    0.057301
    2.000000   -3.566279    2.311777    0.199791
    2.000000   -2.746297    1.951873    0.142317
    2.000000   -2.662927    2.176332   -0.034820
    2.000000   -3.503197    2.729069   -0.095792
    2.000000   -1.808908    1.169454   -1.606863
    2.000000   -2.674037    1.802876   -0.203880
    2.000000   -3.952687    2.857856   -0.673666
    2.000000   -2.637869    0.003269    0.041365
    2.000000   -3.466463    1.428476    0.077277
    2.000000   -2.907913    1.825825    0.007046
    2.000000   -3.120383    1.938645    0.012898
    2.000000   -2.435092    2.210144   -1.056096
    2.000000   -2.651428    1.873401    0.034674
    2.000000   -2.936568    1.755326    0.922489
    2.000000   -3.565089    3.629154    0.022139
    2.000000   -2.697325    1.884848    0.019296
    2.000000   -1.142147    1.570007   -0.175576
    2.000000   -2.676589    1.884236    0.011903
    2.000000   -2.955662    2.113408    1.388865
    2.000000   -2.520783    1.071156    0.507399
    2.000000   -3.032812    2.224256   -0.743473
    2.000000   -3.603077    0.465561   -0.288954
    2.000000   -2.124215    2.512620   -0.068666
    2.000000   -2.191770    1.419545    0.335498
    2.000000   -3.613869    1.258286    0.231147
    2.000000   -2.691024    1.841851    0.145489
    2.000000   -3.184481    0.798455    1.575238
    2.000000   -2.930304    1.861381   -0.003511
    2.000000   -2.800309    1.683840    0.099715
    2.000000   -2.755500    3.406531   -0.659229
    2.000000   -3.544567    0.685000    0.922441
    2.000000   -2.620824    2.263397   -0.067316
    2.000000   -2.695364    1.887173    0.012835
    2.000000   -2.768479    2.110818    0.162308
    2.000000   -2.986706    2.325749    0.819462
    2.000000   -1.085145    0.787078   -0.304205
    2.000000   -3.078475    2.577811   -0.343124
    2.000000   -3.223545    2.656763   -1.077788
    2.000000   -1.759166    2.610461   -0.206679
    2.000000   -2.672051    1.917517   -0.008016
    2.000000   -2.907919    2.231446    0.120080
    2.000000   -2.847151    1.931008    0.024032
    2.000000   -2.304792    2.629082   -0.856784
    2.000000   -1.826060    1.637872   -0.866479
    2.000000   -2.133907    2.352619    0.793075
    2.000000   -2.784118    2.138612   -0.496861
    2.000000   -2.389073    1.835947   -0.319707
    2.000000   -3.053655    1.675745    0.033390
    2.000000   -2.616188    1.825639   -0.147797
    2.000000   -2.296758    3.226434    0.807614
    2.000000   -2.516022    1.619809    0.336430
    2.000000   -3.218761    0.981148   -1.511236
    2.000000   -1.816471    0.179347   -0.476348
    2.000000   -3.303275    1.916720    0.909546
    2.000000   -2.732877    2.348431   -0.296520
    2.000000   -2.692512    2.020704    0.155864
    2.000000   -2.815774    1.782645    1.087375
    2.000000   -2.949901    1.389791   -0.488127
    2.000000   -2.660964    2.041255   -0.021247
    2.000000   -1.845690    2.441702    0.212110
    2.000000   -4.023846    1.260097   -0.800797
    2.000000   -1.169205    1.175979   -0.549569
    2.000000   -2.602920    1.785856    0.064623
    2.000000   -2.982556    1.655273   -0.039540
    2.000000   -3.460564    1.660000    0.744339
    2.000000   -2.980097    2.506291   -1.093055
    2.000000   -3.160153    2.083835   -0.359681
    2.000000   -2.803336    1.546020    0.738225
    2.000000   -1.416226    2.191697   -0.098424
    2.000000   -3.671747    1.035258   -0.950859
    2.000000   -3.086233    2.587136    0.013075
    2.000000   -2.707241    1.840879    0.045034
    2.000000   -2.444832    2.228767   -0.109180
    2.000000   -2.227368    2.054529    1.162123
    2.000000   -1.450138    1.684152    0.217325
    2.000000   -2.141206    1.537087    0.189628
    2.000000   -2.630344    1.792301   -1.897826
    2.000000   -3.126643    3.583793    0.787342
    3.000000   -1.670139   -3.836889   -0.194767
    3.000000   -1.064089   -2.559629    0.742637
    3.000000    0.561707   -3.249956    0.660311
    3.000000   -0.979005   -2.637676    0.545971
    3.000000   -3.191801   -2.797555    1.954180
    3.000000   -2.193924   -2.440629   -1.180600
    3.000000   -0.932514   -2.695855    0.860130
    3.000000   -1.279627   -1.897997    0.057651
    3.000000   -3.286148   -1.037853    1.407308
    3.000000   -2.151152   -3.596487   -2.492480
    3.000000   -1.364220   -2.341566   -0.056331
    3.000000   -0.852253   -3.179250    0.527395
    3.000000   -2.325482   -1.786416    1.343477
    3.000000   -1.046963   -2.595612    0.063644
    3.000000   -0.654902   -4.669570   -1.041214
    3.000000   -1.982192   -2.249611   -0.237219
    3.000000   -1.143109   -2.421052    0.046537
    3.000000   -0.826737   -2.077200   -1.052487
    3.000000   -0.683539   -2.202729    2.124138
    3.000000   -3.092431   -2.167747    2.202674
    3.000000   -1.082517   -2.356350   -0.137442
    3.000000    0.517233   -2.821282    0.246885
    3.000000   -1.175922   -2.458449    0.125732
    3.000000   -1.341834   -2.923018    0.233802
    3.000000   -0.920860   -0.744989    0.279584
    3.000000   -3.043200   -3.702432    1.086211
    3.000000   -1.369458   -3.124823    0.035465
    3.000000   -0.513015   -1.649592    1.660256
    3.000000   -1.850344   -5.232217    0.532277
    3.000000   -2.452214   -2.960749   -0.402115
    3.000000   -1.073394   -2.623982    0.037983
    3.000000    0.404390   -0.646773    0.310806
    3.000000   -0.920805   -2.825183   -0.457863
    3.000000   -1.745103   -2.704874    0.263623
    3.000000   -2.769809   -2.325061    0.333776
    3.000000    0.146113   -1.567975    0.737844
    3.000000    0.343595   -1.611361    0.252994
    3.000000    0.870130   -2.699966    0.762276
    3.000000    0.922679   -1.822651    0.174676
    3.000000   -1.749557   -2.266656    0.924712
    3.000000   -1.877122   -2.017655   -0.516972
    3.000000   -2.294943   -3.572110   -0.524769
    3.000000   -2.059252   -3.359254    2.369143
    3.000000   -0.767301   -3.197049    0.102732
    3.000000   -0.224516   -4.352535   -1.827578
    3.000000   -0.726854   -1.756009   -0.302654
    3.000000   -3.273872   -0.917698    0.281126
    3.000000   -1.359442   -1.853718    1.624774
    3.000000   -0.766877   -3.359902   -1.322997
    3.000000   -1.051683   -2.777852   -0.047185
    3.000000   -0.409318   -2.927333   -0.095971
    3.000000   -0.057202   -5.173447    0.490079
    3.000000   -2.074592   -1.199462    1.661371
    3.000000   -0.566480    0.256513    0.239343
    3.000000   -1.156227   -1.612786    0.200388
    3.000000    0.964219   -2.700317    1.779061
    3.000000    1.256708   -1.891825   -0.095085
    3.000000   -1.663092   -1.491655   -0.938418
    3.000000   -1.258344   -2.635191   -0.121381
    3.000000   -0.106295   -3.337887   -1.322169
    3.000000   -0.174331   -1.188430   -1.187582
    3.000000   -1.166800   -2.919472   -0.160177
    3.000000   -1.325696   -2.368671   -0.152986
    3.000000    0.315863   -1.349392   -0.817103
    3.000000   -0.729586   -1.834358   -0.211583
    3.000000   -2.245877   -2.618666    0.460748
    3.000000   -2.355691   -2.273561    2.103060
    3.000000    0.499745   -0.915450    1.402723
    3.000000   -1.075858   -1.880114   -0.238253
    3.000000    0.600139   -1.315333   -0.395112
    3.000000    1.502593   -3.521133   -0.718837
    3.000000   -2.316285   -0.270785    0.872811
    3.000000   -1.587451   -3.091967    0.205713
    3.000000   -0.952973   -3.906609   -2.088077
    3.000000   -1.401597   -3.495525    0.084348
    3.000000   -1.994576   -2.079635    0.989494
    3.000000   -2.576047   -3.392250   -0.779186
    3.000000   -3.628549   -3.400660   -0.252366
    3.000000   -0.398676   -3.366994   -1.592543
    3.000000   -0.873965   -2.513557   -0.211070
    3.000000    0.478334   -4.108148   -1.368160
    3.000000   -1.302675   -2.285671    0.129650
    3.000000    0.613829   -0.986894    0.632048
    3.000000   -2.186062   -3.534480   -0.075473
    3.000000   -1.537318   -2.237618    1.002508
    3.000000   -1.212600   -2.465134   -0.026633
    3.000000   -1.260919   -2.337501   -0.123348
    3.000000   -1.165845   -2.444476   -0.055465
    3.000000    0.609346   -3.045046    1.261742
    3.000000   -2.973012   -1.685464   -1.731924
    3.000000   -1.687576   -3.659507   -0.042883
    3.000000   -1.612255   -3.203504   -2.279588
    3.000000   -0.058152   -3.759656   -0.974635
    3.000000   -0.731591   -3.502144   -0.921311
    3.000000    0.639861   -1.873304   -1.637883
    3.000000    0.236939   -0.942131    0.865313
    3.000000   -1.835465   -3.632007   -0.989766
    3.000000    1.034017   -2.482979    0.858383
    3.000000   -2.107389   -1.513052    0.849506
    3.000000   -1.332901   -3.107545   -0.216059
    3.000000   -0.776658   -2.729821   -0.953375
    3.000000   -0.941280   -2.197306   -0.685203
    3.000000   -2.057482   -2.539127   -0.168647
    3.000000    0.249060   -0.926241    1.034743
    3.000000   -0.996838   -2.345874   -0.512086
    3.000000   -2.092354   -4.036332    1.256876
    3.000000   -0.837357   -2.885001    2.210293
    3.000000   -0.435384   -2.680182   -0.120007
    3.000000   -1.525632   -2.756479   -2.090540
    3.000000   -3.153674   -3.610858    0.838173
    3.000000   -1.056775   -2.366025   -0.165615
    3.000000    1.106375   -3.406588   -0.428556
    3.000000    0.840903   -1.265098    1.160617
    3.000000    0.413819   -2.656659   -0.339212
    3.000000   -2.722258   -2.144267    2.169457
    3.000000   -1.335543   -2.596065    0.167983
    3.000000   -1.957935   -2.603405   -1.327769
    3.000000    0.247382   -2.146258   -0.585186
    3.000000   -1.132979    0.175266   -1.161426
    3.000000    1.485236   -2.030366    0.184562
    3.000000   -0.849697   -2.367447    0.040492
    3.000000   -1.172610   -2.511383    0.051347
    3.000000   -1.158120   -2.462553   -0.040281
    3.000000   -1.286475   -1.691356   -0.366859
    3.000000    0.565734   -2.805497   -0.287257
    3.000000    0.756752   -2.150126    1.041399
    3.000000   -1.741319   -3.155355   -0.223170
    3.000000   -1.441290   -2.888734   -1.358667
    3.000000   -1.336597   -2.473782    0.160449
    3.000000   -0.814057   -0.020685    0.357419
    3.000000   -0.999978   -2.876228   -0.357563
    3.000000   -1.393468   -1.494665   -0.362112
    3.000000   -0.917278   -4.401876   -1.743537
    3.000000   -0.458097   -0.797956   -0.449055
    3.000000   -0.065741   -2.570317   -0.119660
    3.000000   -0.167604   -2.328059   -0.597326
    3.000000   -1.507047   -4.765048   -1.626677
    3.000000   -1.110781   -1.976767   -0.239067
    3.000000   -0.643786   -2.486361   -0.136231
    3.000000   -1.351111   -2.680451    0.022688
    3.000000   -0.830219   -3.001987    0.032667
    3.000000   -0.812440   -2.518150    0.086854
    3.000000   -0.141700   -2.988120   -2.568216
    3.000000    0.220807   -3.753667    0.238895
    3.000000   -1.008303   -4.085356    1.714128
    3.000000   -0.518829   -1.617286    0.127837
    3.000000   -0.613529   -1.890971   -0.805764
    3.000000   -2.610893   -1.411053   -0.014259
    3.000000    0.604158   -4.624339   -0.163400
    3.000000   -1.027576   -1.692710    0.894897
    3.000000   -0.947167   -2.618882    0.089420
    3.000000   -0.746248   -1.528576    0.865692
    3.000000   -1.374838   -2.625700   -0.492725
    3.000000   -1.329305   -2.482510    0.014037
    3.000000   -0.681799   -3.940084   -1.738635
    3.000000   -0.212543   -1.428497    1.675162
    3.000000   -0.207882   -1.578934   -0.552092
    3.000000    1.517115   -3.330008    0.141989
    3.000000   -2.633136   -2.508314    1.181880
    3.000000   -0.839420   -3.308867   -0.661902
    3.000000   -1.818779   -1.970528   -2.630976
    3.000000   -1.138918   -2.468281   -0.071029
    3.000000   -1.154862   -2.468922   -0.030751
    3.000000   -2.366805   -3.830575    0.978667
    3.000000   -1.673691   -1.707447    0.496200
    3.000000   -1.192611   -2.634010   -0.151774
    3.000000   -1.309024   -2.114567   -0.004305
    3.000000   -2.637165   -2.149408   -1.935373
    3.000000   -0.552712   -5.017745    1.120397
    3.000000   -1.017896   -2.343589    0.056543
    3.000000   -2.587719   -0.772447   -0.104236
    3.000000   -1.160246   -2.517708    0.010260
    3.000000   -1.179777   -2.910929    0.891705
    3.000000   -0.996450   -2.191443   -0.053205
    3.000000    0.132527   -2.361000   -1.269364
    3.000000   -0.905976   -1.964487   -0.336556
    3.000000   -2.386752   -3.127485   -2.422859
    3.000000    0.550743   -2.005407   -0.140012
    3.000000   -0.913129   -2.932418    1.766747
    3.000000   -1.201550   -1.622704   -0.535532
    3.000000   -0.608066   -0.825468   -1.590641
    3.000000   -1.546742   -1.217935    0.803628
    3.000000   -0.292135   -2.073236   -2.642228
    3.000000   -2.707168   -1.253800   -1.101834
    3.000000   -2.395561   -2.608931   -0.386901
    3.000000   -2.353672   -0.930404    1.912343
    3.000000   -2.759253   -3.780437    0.581088
    3.000000   -1.120306   -2.504847    0.710009
    3.000000   -1.579236   -0.523937   -1.363722
    3.000000   -1.566951   -2.397399    0.064648
    3.000000   -1.241886   -1.436104   -1.503945
    3.000000    0.494437   -3.233057    0.807716
    3.000000   -3.193069   -0.633153   -0.165046
    3.000000   -1.308103   -2.100147   -0.773769
    3.000000   -2.813332   -0.311907   -0.800433
    3.000000   -1.067395   -2.492689    0.369518
    3.000000    0.559419   -3.611133   -0.778659
    3.000000   -1.133224   -3.953983    0.960493
    3.000000   -1.000453   -1.666179   -1.823967
    3.000000   -1.895492   -3.177628    0.113598
    3.000000    0.141189   -3.365913   -0.453128
    3.000000   -1.066377   -2.033133    0.597151
    3.000000    0.784248   -1.633870    1.255688
    3.000000   -2.627143   -1.599709   -0.347884
    3.000000   -0.554840   -3.696215    1.431532
    3.000000   -0.732277   -2.428910   -1.256749
    3.000000   -0.746074   -1.111248   -0.077179
    3.000000   -0.470594   -2.391823    0.030058
    3.000000   -1.843441   -0.718860   -0.828115
    3.000000   -1.111262   -2.647084    0.380184
    3.000000   -1.883807   -3.006083    1.149609
    3.000000   -2.083615   -3.677428    0.573077
    3.000000   -1.074616   -2.420736    0.583129
    3.000000   -3.216648   -2.815977    0.261528
    3.000000    0.613366   -3.056767   -1.881386
    3.000000   -1.214918   -2.395271   -0.045680
    3.000000   -0.970369   -2.949609   -1.614700
    3.000000   -1.051214   -2.515576   -0.102609
    3.000000    0.404196   -2.758342   -1.056007
    3.000000   -3.052290   -1.954989    0.785833
    3.000000   -1.705238   -2.434010    1.155115
    3.000000   -0.948951   -2.780511    0.791550
    3.000000   -1.343855   -2.957775    2.775002
    3.000000    0.256115   -0.800444   -0.333518
    3.000000   -0.253469   -2.526793    1.823193
    3.000000   -0.734012   -2.213014    0.705071
    3.000000    0.094375   -3.421550   -0.248705
    3.000000   -1.169255   -2.477217   -0.008079
    3.000000   -1.222786   -2.507738    0.010813
    3.000000   -1.705489   -3.616030    2.610802
    3.000000   -1.458887   -2.292011    0.277452
    3.000000   -1.406555   -1.881853    0.683802
    3.000000   -0.110535   -2.743489   -0.289531
    3.000000   -2.674255   -2.515601   -1.002477
    3.000000   -1.345124   -2.503761   -0.028438
    3.000000   -1.333794   -2.895992   -0.100406
    3.000000   -1.127942   -2.391658    0.494457
    3.000000    0.099479   -1.485982    0.365044
    3.000000   -2.062524   -2.723056   -0.004845
    3.000000   -1.637512   -4.684045    1.229387
    3.000000   -2.987358   -2.315870   -0.734471
    3.000000   -1.228571   -3.348776    1.854381
    3.000000   -0.545238    0.089896   -0.054388
    3.000000   -2.278982   -1.040718    1.858000
    3.000000   -0.844821   -2.392718    0.340713
    3.000000   -0.076647   -2.364799   -0.747935
    3.000000   -0.538074   -2.021031    0.427979
    3.000000    1.185466   -2.397431    0.796303
    3.000000   -0.857470   -3.454770    1.636322
    3.000000   -1.329199   -3.020807   -1.199315
    3.000000   -2.577335   -1.920738    1.461539
    3.000000   -3.905161   -2.836869    0.778228
    3.000000   -1.955075   -1.803334   -0.591167
    3.000000   -0.621062   -2.814838   -0.195723
    3.000000   -1.231427   -2.674863   -0.606506
    3.000000   -3.293111   -2.879758   -1.436338
    3.000000   -2.212351   -0.023342    0.165086
    3.000000   -2.807886   -1.880530   -1.509506
    3.000000   -0.916304   -0.437927    0.835992
    3.000000   -1.326742   -2.391165    2.123469
    3.000000   -2.124522   -3.233411   -1.103478
    3.000000   -0.491662   -3.388070   -2.219102
    3.000000   -0.052354   -3.620576    1.026979
    3.000000   -2.860461   -4.452132   -1.296828
    3.000000    0.720771   -2.427201    0.406542
    3.000000   -0.992582   -2.129062   -0.038864
    3.000000   -2.537020   -2.588900    1.908684
    3.000000   -1.043297   -2.306829    0.107105
    3.000000   -1.146528   -2.493588   -0.023326
    3.000000    0.590758   -2.436054   -2.016460
    3.000000   -0.836423   -1.914729   -0.083648
    3.000000   -2.555246   -2.245474    0.165969
    3.000000   -1.757575   -2.054811    1.055797
    3.000000    1.126916   -3.219652    1.737455
    3.000000   -0.808234   -3.233029    1.571974
    3.000000   -1.173160   -1.608163   -0.525552
    3.000000   -0.214089   -3.909741    1.086935
    3.000000   -1.017849   -1.928960    0.617646
    3.000000   -0.370930   -1.714923   -0.042116
    3.000000   -0.770461   -2.375451   -0.645025
    3.000000   -1.030057   -2.208847    0.548948
    3.000000   -1.725632   -2.377561    0.133834
    3.000000   -2.782595   -1.599936   -1.898418
    3.000000   -0.585127   -1.128511   -1.058513
    3.000000   -0.783349   -2.751572   -0.107511
    3.000000   -0.965410   -2.201838    2.449531
    3.000000   -1.643818   -2.715120   -0.600496
    3.000000    0.149847   -0.710915    1.386421
    3.000000   -0.493303   -3.390403   -2.639712
    3.000000   -0.966880   -1.001081   -0.031321
    3.000000   -1.283073   -2.485137   -0.059242
    3.000000   -1.617057   -2.525933   -0.080398
    3.000000    0.064451   -4.024259   -1.630087
    3.000000   -0.071317   -1.492937    1.477524
    3.000000    0.405734   -4.639005    0.701123
    3.000000   -1.296837   -0.808645    0.348272
    3.000000   -3.731170   -2.300187   -0.596240
    3.000000   -1.006907   -2.914767    0.125440
    3.000000   -1.096721   -3.526568   -0.396128
    3.000000   -0.811269    0.036406    0.424627
    3.000000   -1.648059   -2.013285    1.633290
    3.000000   -1.349087   -3.328895   -1.827451
    3.000000   -1.553319   -0.598422    1.988997
    3.000000   -1.268317   -2.539849    0.194843
    3.000000    0.123656   -3.832518   -0.176795
    3.000000   -1.172459   -2.010733    0.215660
    3.000000    0.057097   -3.408438   -0.721310
    3.000000    0.595578   -1.156709    1.389846
    3.000000   -1.835698   -2.526418   -2.064055
    3.000000   -1.377400   -2.582055   -0.310641
    3.000000   -2.140840   -3.011276   -1.118394
    3.000000   -1.012450   -1.879382    0.120507
    3.000000   -1.157798   -2.495157   -0.025453
    3.000000   -1.279059   -1.624489    0.288600
    3.000000    0.833736   -1.751449    0.534084
    3.000000   -1.239032   -1.602453   -0.425241
    3.000000    1.209325   -1.154996   -1.263794
    3.000000   -1.175031   -2.524729    0.019962
    3.000000   -0.694643   -4.312701   -1.159760
    3.000000   -0.977813   -2.543907   -0.225648
    3.000000   -2.364807   -2.472166   -1.109465
    3.000000   -1.276828   -3.119727    0.546432
    3.000000    0.579934   -4.447080    1.262148
    3.000000    0.580118   -1.621575    0.578936
    3.000000    0.722751   -0.705960   -0.088263
    3.000000   -0.340625   -2.292250   -0.320125
    3.000000   -2.766678   -2.247225   -0.218728
    3.000000   -1.323474   -2.509267    0.018402
    3.000000   -1.212499   -2.746145    0.087534
    3.000000    0.662467   -4.329560    1.120864
    3.000000   -0.082205   -2.124735    0.518768
    3.000000   -0.297396   -2.587417    0.125967
    3.000000   -1.608648   -3.324202    0.322926
    3.000000   -1.684670   -3.237472   -0.936955
    3.000000   -0.108078   -2.497885    1.328283
    3.000000   -3.476742   -1.133360   -1.123925
    3.000000    1.354001   -3.177583   -0.409814
    3.000000    0.663745   -3.245450   -2.010007
    3.000000   -1.081176   -2.395515   -0.232696
    3.000000    0.210136   -0.219016   -0.522634
    3.000000   -0.698121   -1.440278    0.200601
    3.000000   -0.655808   -1.800747   -0.560927
    3.000000   -1.244470   -2.330204   -0.114338
    3.000000   -1.349756   -2.676428    0.349564
    3.000000   -3.015816   -2.412822    0.421773
    3.000000   -2.015859   -2.739125    0.289546
    3.000000   -1.163628   -3.173614    0.332481
    3.000000   -1.320378   -2.379717    0.043685
    3.000000   -1.034225   -3.911952   -1.554543
    3.000000   -0.874628   -2.594126   -0.254820
    3.000000   -0.830128   -3.246587    0.295824
    3.000000   -1.156738   -2.493252   -0.046578
    3.000000   -1.342954   -3.001032    1.708353
    3.000000   -1.428728   -2.268178   -0.237381
    3.000000   -0.982962   -2.619199   -0.971980
    3.000000   -1.669601   -2.442301   -0.223331
    3.000000   -0.921061   -2.789300    0.065561
    3.000000   -2.320662   -0.954701   -0.234749
    3.000000   -0.562807   -4.499737    0.226281
    3.000000   -3.724021   -2.433118   -0.028875
    3.000000   -0.930650   -2.592136   -1.307134
    3.000000    1.106818   -3.795286    0.507319
    3.000000   -0.200809   -3.276429   -2.559458
    3.000000   -1.205525   -3.088154   -0.106043
    3.000000   -1.324770   -2.352390   -0.005385
    3.000000   -2.039627   -2.921804   -0.689755
    3.000000   -1.213041   -2.457030   -0.036386
    3.000000   -1.727649   -2.870367   -0.774213
    3.000000   -1.646855   -3.274226    0.574941
    3.000000   -1.388769   -2.311616    2.057753
    3.000000   -1.230332   -2.569599    0.124621
    3.000000   -0.395128   -4.097122   -0.625246
    3.000000   -1.748400   -1.914787    2.034352
    3.000000   -0.792594   -2.902859   -0.092649
    3.000000   -0.871188   -3.647357   -2.404692
    3.000000   -2.039938   -1.568028   -0.939420
    3.000000   -1.172439   -2.592248   -0.109882
    3.000000   -2.182895   -2.764193    0.603451
    3.000000   -1.567749   -2.124679   -0.154398
    3.000000   -3.462779   -2.142640   -1.527395
    3.000000   -0.240804   -1.686658    1.918489
    3.000000   -0.614730   -3.834523    1.899234
    3.000000   -3.240382   -3.369449   -1.097777
    3.000000   -0.883749   -2.392335   -0.633632
    3.000000   -0.784049   -2.355909   -0.233521
    3.000000   -1.912155   -0.529969   -0.691827
    3.000000   -0.300651   -1.966583    1.210980
    3.000000   -1.880483   -2.218654   -0.491907
    3.000000    1.066972   -2.504420    1.619967
    3.000000   -1.213776   -2.371859    0.227596
    3.000000    0.219472   -3.751011   -0.206291
    3.000000   -1.251548   -2.465823    0.252113
    3.000000   -2.900892   -2.884558   -1.397672
    3.000000   -1.350946   -2.775323    0.308963
    3.000000   -1.155282   -3.389116   -0.051941
    3.000000    0.087331   -2.126426    0.867536
    3.000000   -3.236619   -0.750950    0.350439
    3.000000   -1.211257   -2.531754   -0.820805
    3.000000   -1.082631   -2.908299   -0.930157
    3.000000   -0.337355   -2.601665    1.121373
    3.000000   -1.106329   -3.136602    0.268161
    3.000000   -1.213945   -2.470243    0.226336
    3.000000   -1.101686   -3.054954   -0.145695
    3.000000   -0.462596   -2.797149   -0.617188
    3.000000   -1.364061   -4.104279   -0.782702
    3.000000   -1.546852   -2.402322   -0.020328
    3.000000    0.300501   -1.119909   -0.452838
    3.000000   -0.597466   -1.941020    1.853974
    3.000000   -1.031911   -2.092042    0.057556
    3.000000    1.256226   -1.992501    1.080690
    3.000000   -1.137782   -2.492119    0.004465
    3.000000   -2.579830   -2.212213   -1.057618
    3.000000   -0.456025   -1.793607   -0.973032
    3.000000   -1.582012   -3.924409   -1.086824
    3.000000   -1.935752   -3.704815    2.584655
    3.000000   -1.098712   -4.485387    0.384250
    3.000000   -3.858667   -2.340233   -0.092016
    3.000000   -1.071585   -2.522948    0.017789
    3.000000   -1.378622   -2.643513   -0.818647
    3.000000   -0.994786   -2.211732    0.604424
    3.000000   -2.443529   -3.428494   -2.438703
    3.000000   -0.866198   -2.832365   -0.168852
    3.000000   -0.694191   -2.460757    0.512367
    3.000000   -1.135658   -2.740469   -0.553082
    3.000000   -0.326153   -3.180835    2.325018
    3.000000   -0.935686   -2.446771   -0.071573
    3.000000   -1.115210   -2.496700    0.070181
    3.000000   -1.232906   -1.935076   -0.304918
    3.000000   -0.475996   -1.361399    1.245446
    3.000000   -0.790510   -2.212086    0.065002
    3.000000   -0.097316   -4.460326    1.267003
    3.000000   -1.438863   -2.638040   -0.581598
    3.000000   -2.490613   -2.926369   -1.692947
    3.000000   -0.780941   -2.449406   -0.227076
    3.000000    0.974827   -1.203203    1.590495
    3.000000   -1.431058   -2.280937    0.751717
    3.000000   -0.407803   -3.535394   -0.627481
    3.000000   -3.308653   -1.671266    1.173567
    3.000000   -0.891293   -1.766820    0.927528
    3.000000   -1.738698   -1.974207   -1.327897
    3.000000   -0.544932   -2.940640    0.087457
    3.000000   -0.538967   -4.825472   -0.947157
    3.000000   -1.152149   -1.894198    2.795343
    3.000000   -1.668982   -2.922749   -0.188997
    3.000000   -2.897521   -4.136271    0.786367
    3.000000   -1.677893   -3.604841    0.285712
    3.000000   -1.423456   -2.343694    1.342002
    3.000000   -0.856856   -2.361381    0.657261
    3.000000   -1.268309   -2.619319    0.033447
    3.000000    0.189362   -4.013134   -0.102542
    3.000000   -0.596702   -1.921315   -0.241252
    3.000000    0.174158   -2.922061    2.382089
    3.000000   -1.193604   -2.454737   -0.006138
    3.000000   -1.066459   -2.240160   -0.128665
    3.000000   -2.367991   -3.207353   -1.860729
    3.000000   -2.399313   -1.950381    0.882558
    3.000000   -0.898768   -2.547524    0.117410
    3.000000   -1.221901   -2.502485   -0.336653
    3.000000    0.220689   -2.205813   -2.092002
    3.000000   -2.247978   -2.339596   -1.013914
    3.000000   -1.141294   -2.520766   -0.124073
    3.000000   -1.250850   -1.637628    0.156852
    3.000000   -1.738856   -2.022514    0.430807
    3.000000   -0.435757   -0.348103   -1.904200
    3.000000   -1.001313   -2.579882    0.337136
    3.000000   -1.468470   -3.939347    2.078358
    3.000000   -1.241954   -1.100402   -2.013044
    3.000000   -1.555638   -2.316601    0.051816
    3.000000   -0.858155   -2.278244    0.381895
    3.000000   -1.537567   -2.827719    0.575206
    3.000000   -1.163371   -2.480990   -0.021426
    3.000000   -1.152626   -2.438146   -0.063414
    3.000000   -3.086199   -0.739035    1.066348
    3.000000    1.094163   -1.351933    0.238899
    3.000000   -2.188912   -4.096624    0.647619
    3.000000   -1.526907   -2.673238   -0.339767
    3.000000   -0.045659   -2.207334   -0.125300
    3.000000   -2.066578   -2.232341    0.320683
    3.000000   -1.461253   -2.649472    0.366138
    3.000000   -0.703885    0.061548    0.488240
    3.000000   -1.233422   -3.170226   -0.285974
    3.000000    0.010259   -3.113485    2.049560
    3.000000   -0.687013   -3.131797    0.342806
    3.000000   -2.640372   -1.497833    0.723434
    3.000000   -1.021016   -2.487785   -0.271797
    3.000000   -1.133504   -2.454533   -0.003149
    3.000000   -0.963173   -1.919021    0.232781
    3.000000   -0.393160   -2.458503   -0.111906
    3.000000   -1.399173   -3.120040   -0.069645
    3.000000    0.296309   -3.774917    0.305386
    3.000000   -4.064253   -2.415736    0.149321
    3.000000   -2.795153   -2.500456    0.114218
    3.000000   -2.600629   -3.213634    0.351597
    3.000000   -1.171903   -2.922025   -0.356881
    3.000000   -1.474831   -2.835639    0.579629
    3.000000   -1.542457   -2.152551   -1.097912
    3.000000   -2.072323   -1.664836   -0.487281
    3.000000   -0.620680   -2.033675   -1.231831
    3.000000   -1.022054   -1.846451   -0.525541
    3.000000   -1.778982   -0.717482    1.614401
