# First column is original location on swiss roll
# Next columns are points in diffusion space
# In gnuplot to plot the first dimensions try:
#   plot 'evects.dat' u 2:3:1 w points palette
# time =     0.000000
# bandwidth =     1.000000
    3.281000   -0.008278   -0.003555   -0.000157
    4.866000   -0.003098    0.012785    0.025651
    8.454000    0.038476   -0.004054   -0.030174
    8.838000    0.040992   -0.014308   -0.017834
    5.772000    0.003151    0.026025    0.031917
    3.364000   -0.008130   -0.003033    0.000823
    3.194000   -0.008387   -0.003937   -0.000867
    9.172000    0.045136   -0.033247    0.009002
    1.077000   -0.009177   -0.006792   -0.006426
    8.006000    0.033144    0.012750   -0.036964
    3.242000   -0.008315   -0.003681   -0.000379
    9.994000    0.049600   -0.058103    0.059847
    1.952000   -0.009096   -0.006492   -0.005819
    2.250000   -0.009017   -0.006201   -0.005235
    1.552000   -0.009150   -0.006690   -0.006218
    8.384000    0.036546    0.002772   -0.034389
    1.261000   -0.009154   -0.006701   -0.006231
    3.857000   -0.006679    0.001892    0.009538
    7.641000    0.028998    0.021471   -0.031683
    0.347000   -0.009178   -0.006795   -0.006431
    5.040000   -0.002221    0.014647    0.026186
    9.743000    0.049135   -0.055390    0.053948
    4.481000   -0.004379    0.009264    0.021462
    6.516000    0.011395    0.033604    0.014290
    7.834000    0.029897    0.020933   -0.034831
    9.495000    0.048139   -0.049702    0.041861
    5.224000   -0.000934    0.018050    0.030066
    8.076000    0.032973    0.013505   -0.037316
    6.349000    0.009003    0.032189    0.020952
    5.880000    0.003848    0.027108    0.031447
    6.951000    0.018895    0.035430   -0.008680
    5.951000    0.005064    0.028835    0.029803
    8.214000    0.035376    0.006614   -0.036575
    2.231000   -0.009017   -0.006200   -0.005241
    4.875000   -0.003035    0.012550    0.024096
    3.217000   -0.008343   -0.003780   -0.000560
    1.219000   -0.009173   -0.006775   -0.006391
    7.356000    0.022307    0.033443   -0.018446
    8.596000    0.039092   -0.006287   -0.027670
    4.750000   -0.003984    0.010110    0.021751
    5.984000    0.005188    0.029059    0.029742
    3.614000   -0.007578   -0.001144    0.004210
    2.002000   -0.009092   -0.006473   -0.005774
    7.454000    0.024076    0.031552   -0.023475
    4.204000   -0.005713    0.005027    0.014728
    0.173000   -0.009165   -0.006742   -0.006316
    0.580000   -0.009165   -0.006744   -0.006317
    1.350000   -0.009150   -0.006687   -0.006199
    2.890000   -0.008653   -0.004879   -0.002646
    0.154000   -0.009160   -0.006724   -0.006275
    7.837000    0.031906    0.015707   -0.036593
    3.993000   -0.006520    0.002424    0.010479
    8.206000    0.034754    0.008476   -0.036905
    2.646000   -0.008825   -0.005500   -0.003853
    4.242000   -0.005752    0.004889    0.014472
    6.688000    0.015580    0.034922    0.001452
    3.511000   -0.007765   -0.001763    0.003161
    5.692000    0.003247    0.026018    0.030824
    8.732000    0.041155   -0.014544   -0.019629
    6.667000    0.014898    0.034852    0.003664
    1.771000   -0.009130   -0.006618   -0.006076
    9.630000    0.048924   -0.054180    0.051327
    4.658000   -0.003845    0.010803    0.023502
    5.425000    0.000878    0.021419    0.029868
    1.255000   -0.009172   -0.006774   -0.006391
    6.961000    0.019199    0.035365   -0.009653
    4.286000   -0.005614    0.005321    0.015147
    8.847000    0.042393   -0.020946   -0.007398
    3.313000   -0.008152   -0.003105    0.000706
    4.690000   -0.003772    0.011005    0.023743
    1.708000   -0.009133   -0.006625   -0.006084
    0.877000   -0.009165   -0.006743   -0.006316
    1.191000   -0.009172   -0.006773   -0.006386
    7.055000    0.019663    0.035374   -0.010526
    1.118000   -0.009158   -0.006718   -0.006266
    5.502000    0.000913    0.022012    0.032022
    3.670000   -0.007478   -0.000781    0.004930
    8.700000    0.039820   -0.009181   -0.024701
    6.584000    0.013291    0.034523    0.008754
    8.697000    0.039844   -0.009285   -0.024595
    6.487000    0.010914    0.033357    0.015664
    1.777000   -0.009128   -0.006611   -0.006062
    2.181000   -0.009039   -0.006280   -0.005396
    9.254000    0.046544   -0.041052    0.025043
    9.584000    0.048693   -0.052853    0.048500
    5.751000    0.002724    0.025382    0.032320
    2.229000   -0.009025   -0.006230   -0.005296
    3.179000   -0.008373   -0.003885   -0.000756
    2.610000   -0.008845   -0.005574   -0.003998
    7.182000    0.020662    0.034777   -0.013415
    6.122000    0.005870    0.029580    0.028420
    0.143000   -0.009176   -0.006786   -0.006414
    0.650000   -0.009181   -0.006806   -0.006457
    8.787000    0.041996   -0.018077   -0.015571
    6.152000    0.006281    0.030242    0.027770
    1.237000   -0.009155   -0.006707   -0.006240
    9.602000    0.048605   -0.052351    0.047502
    3.430000   -0.008024   -0.002679    0.001439
    5.280000   -0.000185    0.019233    0.029126
    5.311000    0.000148    0.020093    0.030055
    4.828000   -0.003392    0.011997    0.024778
    0.122000   -0.009168   -0.006757   -0.006347
    8.783000    0.042035   -0.018244   -0.015375
    1.764000   -0.009126   -0.006601   -0.006036
    2.393000   -0.008968   -0.006018   -0.004872
    6.792000    0.016523    0.035710   -0.000871
    5.957000    0.005107    0.028786    0.029706
    6.024000    0.005156    0.028801    0.029681
    2.100000   -0.009071   -0.006396   -0.005620
    2.389000   -0.008956   -0.005977   -0.004792
    9.527000    0.048233   -0.050223    0.042941
    7.893000    0.030622    0.019255   -0.035593
    7.925000    0.032588    0.014029   -0.036551
    5.647000    0.002906    0.025404    0.030836
    5.798000    0.003923    0.027203    0.030753
    4.006000   -0.005983    0.004209    0.013522
    2.172000   -0.009042   -0.006290   -0.005408
    2.673000   -0.008824   -0.005498   -0.003851
    3.332000   -0.008101   -0.002927    0.001034
    9.607000    0.048647   -0.052592    0.048008
    2.495000   -0.008916   -0.005831   -0.004505
    9.439000    0.047740   -0.047454    0.037199
    3.813000   -0.007055    0.000648    0.007442
    8.778000    0.041325   -0.015505   -0.017478
    7.253000    0.021396    0.034370   -0.015961
    5.109000   -0.001828    0.015774    0.027843
    4.077000   -0.006231    0.003362    0.012029
    1.629000   -0.009132   -0.006622   -0.006071
    0.741000   -0.009177   -0.006790   -0.006420
    0.931000   -0.009166   -0.006748   -0.006327
    2.276000   -0.009013   -0.006185   -0.005199
    0.191000   -0.009180   -0.006802   -0.006448
    7.345000    0.023203    0.032872   -0.021463
    3.684000   -0.007411   -0.000576    0.005221
    4.538000   -0.004529    0.008720    0.020422
    1.421000   -0.009153   -0.006701   -0.006235
    7.591000    0.026180    0.026704   -0.026185
    0.342000   -0.009165   -0.006744   -0.006317
    3.364000   -0.008058   -0.002778    0.001313
    7.320000    0.021859    0.033833   -0.016999
    6.152000    0.005273    0.029023    0.029800
    8.994000    0.043879   -0.027062   -0.001265
    9.793000    0.049381   -0.056819    0.057029
    9.784000    0.049316   -0.056442    0.056227
    7.365000    0.022337    0.033109   -0.018000
    8.121000    0.034843    0.008104   -0.037296
    9.280000    0.045736   -0.036325    0.014507
    1.775000   -0.009128   -0.006610   -0.006058
    1.134000   -0.009175   -0.006784   -0.006410
    0.086000   -0.009160   -0.006723   -0.006273
    1.557000   -0.009154   -0.006707   -0.006256
    1.328000   -0.009153   -0.006698   -0.006226
    1.435000   -0.009144   -0.006666   -0.006158
    7.561000    0.025156    0.028743   -0.024390
    9.827000    0.049436   -0.057139    0.057724
    6.715000    0.015519    0.035272    0.002078
    3.554000   -0.007788   -0.001859    0.002937
    8.079000    0.034115    0.010157   -0.037132
    8.840000    0.042166   -0.019006   -0.013648
    4.669000   -0.003813    0.010890    0.023602
    9.003000    0.044841   -0.032520    0.010450
    5.671000    0.003080    0.025721    0.030844
    3.791000   -0.007164    0.000277    0.006780
    4.625000   -0.003923    0.010587    0.023239
    8.969000    0.044506   -0.030907    0.007890
    8.969000    0.044608   -0.031388    0.008629
    3.242000   -0.008286   -0.003577   -0.000179
    8.475000    0.037770   -0.001317   -0.032284
    7.688000    0.030045    0.019501   -0.033654
    8.126000    0.034724    0.008459   -0.037417
    1.008000   -0.009159   -0.006721   -0.006268
    8.725000    0.041174   -0.014572   -0.019817
    4.177000   -0.005976    0.004178    0.013338
    7.358000    0.022221    0.033306   -0.017778
    5.715000    0.002553    0.025076    0.032322
    9.887000    0.049418   -0.057034    0.057487
    9.694000    0.048941   -0.054265    0.051528
    8.202000    0.033969    0.010824   -0.037336
    8.793000    0.041909   -0.017709   -0.015996
    5.213000   -0.001510    0.016332    0.027484
    2.576000   -0.008885   -0.005717   -0.004279
    2.917000   -0.008599   -0.004687   -0.002277
    4.657000   -0.004010    0.010292    0.022722
    9.330000    0.047075   -0.043822    0.030101
    0.562000   -0.009162   -0.006731   -0.006290
    1.299000   -0.009170   -0.006764   -0.006371
    9.340000    0.047308   -0.045078    0.032483
    1.307000   -0.009150   -0.006687   -0.006201
    7.260000    0.022186    0.033835   -0.018583
    9.836000    0.049424   -0.057074    0.057605
    0.887000   -0.009173   -0.006775   -0.006388
    3.040000   -0.008539   -0.004472   -0.001874
    7.271000    0.021491    0.034044   -0.015738
    2.410000   -0.008931   -0.005888   -0.004620
    4.667000   -0.003985    0.009988    0.021188
    9.358000    0.047125   -0.044040    0.030249
    9.420000    0.047315   -0.045132    0.032695
    6.763000    0.016201    0.035635    0.000103
    4.344000   -0.005476    0.005745    0.015773
    3.572000   -0.007654   -0.001383    0.003853
    8.312000    0.036739    0.002168   -0.034813
    1.813000   -0.009123   -0.006590   -0.006021
    5.633000    0.002915    0.025481    0.031145
    9.302000    0.046929   -0.043051    0.028669
    2.653000   -0.008805   -0.005428   -0.003715
    2.362000   -0.008967   -0.006017   -0.004874
    9.687000    0.048950   -0.054320    0.051647
    7.255000    0.021447    0.034175   -0.015746
    8.778000    0.041642   -0.016571   -0.017361
    9.584000    0.048438   -0.051395    0.045447
    3.837000   -0.007029    0.000730    0.007577
    4.531000   -0.004842    0.007602    0.018310
    5.644000    0.002882    0.025373    0.030886
    0.324000   -0.009173   -0.006774   -0.006383
    1.848000   -0.009120   -0.006574   -0.005973
    5.167000   -0.001353    0.016590    0.027395
    4.806000   -0.003767    0.010702    0.022454
    2.093000   -0.009057   -0.006348   -0.005536
    4.403000   -0.004984    0.007314    0.018295
    4.227000   -0.005238    0.006599    0.017390
    5.954000    0.004134    0.027535    0.031249
    0.285000   -0.009180   -0.006804   -0.006453
    6.875000    0.017664    0.035544   -0.004586
    9.813000    0.049401   -0.056935    0.057278
    3.434000   -0.007936   -0.002352    0.002098
    5.048000   -0.002197    0.014709    0.026249
    4.172000   -0.005437    0.005970    0.016397
    4.959000   -0.003022    0.012782    0.025062
    4.730000   -0.003646    0.011346    0.024131
    1.106000   -0.009176   -0.006789   -0.006421
    8.579000    0.040192   -0.010545   -0.024488
    2.997000   -0.008565   -0.004566   -0.002053
    9.490000    0.047160   -0.044120    0.030020
    0.582000   -0.009163   -0.006736   -0.006298
    7.105000    0.020082    0.035180   -0.011778
    3.500000   -0.007879   -0.002165    0.002402
    3.135000   -0.008400   -0.003978   -0.000932
    4.480000   -0.004404    0.009194    0.021376
    0.476000   -0.009182   -0.006809   -0.006461
    3.054000   -0.008522   -0.004414   -0.001762
    2.322000   -0.009001   -0.006142   -0.005114
    3.414000   -0.007994   -0.002559    0.001703
    7.415000    0.023741    0.032110   -0.022752
    9.309000    0.045792   -0.036581    0.014850
    8.786000    0.041726   -0.016935   -0.016900
    5.244000   -0.000650    0.018469    0.029610
    1.473000   -0.009153   -0.006699   -0.006231
    2.858000   -0.008670   -0.004942   -0.002771
    3.976000   -0.006656    0.001962    0.009661
    3.564000   -0.007659   -0.001404    0.003803
    0.724000   -0.009176   -0.006787   -0.006412
    7.943000    0.033121    0.012652   -0.037091
    4.154000   -0.005796    0.004785    0.014400
    0.336000   -0.009163   -0.006734   -0.006295
    0.523000   -0.009181   -0.006807   -0.006457
    0.653000   -0.009176   -0.006786   -0.006409
    9.326000    0.047039   -0.043633    0.029746
    7.494000    0.024548    0.030566   -0.024230
    4.427000   -0.004534    0.008792    0.020768
    4.056000   -0.005801    0.004807    0.014525
    4.581000   -0.004244    0.009613    0.021807
    8.178000    0.033687    0.011651   -0.037485
    8.066000    0.034224    0.009868   -0.037608
    7.255000    0.021443    0.034212   -0.015792
    4.681000   -0.003900    0.010616    0.023177
    1.390000   -0.009167   -0.006756   -0.006354
    1.097000   -0.009169   -0.006758   -0.006352
    7.403000    0.022937    0.032000   -0.019120
    8.912000    0.043116   -0.023062   -0.008812
    5.388000    0.000495    0.020626    0.029562
    6.741000    0.016028    0.035251    0.000279
    0.866000   -0.009161   -0.006726   -0.006278
    0.463000   -0.009177   -0.006789   -0.006416
    0.410000   -0.009165   -0.006742   -0.006314
    2.769000   -0.008741   -0.005196   -0.003259
    8.839000    0.042807   -0.021617   -0.011026
    3.433000   -0.007924   -0.002315    0.002155
    0.766000   -0.009179   -0.006798   -0.006438
    3.712000   -0.007334   -0.000305    0.005729
    5.420000    0.000626    0.021189    0.030872
    0.645000   -0.009180   -0.006800   -0.006441
    6.773000    0.016550    0.035304   -0.001390
    7.264000    0.021575    0.034214   -0.016510
    1.555000   -0.009150   -0.006690   -0.006217
    3.491000   -0.007865   -0.002113    0.002517
    0.934000   -0.009177   -0.006790   -0.006420
    8.895000    0.042893   -0.022100   -0.010003
    5.872000    0.004485    0.028091    0.030454
    1.144000   -0.009157   -0.006713   -0.006254
    8.669000    0.040575   -0.012131   -0.022418
    8.289000    0.036082    0.004449   -0.035883
    0.433000   -0.009175   -0.006781   -0.006398
    3.171000   -0.008399   -0.003977   -0.000931
    9.329000    0.046124   -0.038445    0.018719
    7.925000    0.032790    0.013438   -0.036711
    3.045000   -0.008449   -0.004151   -0.001253
    0.616000   -0.009165   -0.006745   -0.006321
    4.719000   -0.003794    0.010517    0.021829
    4.893000   -0.003360    0.011972    0.024427
    9.652000    0.048979   -0.054494    0.052000
    1.612000   -0.009148   -0.006682   -0.006201
    0.754000   -0.009163   -0.006733   -0.006293
    1.102000   -0.009167   -0.006752   -0.006337
    9.864000    0.049476   -0.057373    0.058231
    0.550000   -0.009167   -0.006753   -0.006337
    2.656000   -0.008832   -0.005524   -0.003898
    3.469000   -0.007976   -0.002502    0.001789
    9.006000    0.044856   -0.032582    0.010530
    0.672000   -0.009174   -0.006778   -0.006391
    3.466000   -0.007965   -0.002464    0.001863
    7.249000    0.021374    0.034386   -0.015916
    7.626000    0.026730    0.027000   -0.029057
    1.501000   -0.009148   -0.006680   -0.006189
    8.862000    0.042891   -0.021996   -0.010485
    3.726000   -0.007312   -0.000235    0.005839
    7.309000    0.022693    0.033354   -0.020003
    9.460000    0.047575   -0.046548    0.035457
    3.850000   -0.006923    0.001093    0.008214
    0.829000   -0.009167   -0.006751   -0.006333
    0.461000   -0.009178   -0.006792   -0.006423
    6.116000    0.006052    0.030006    0.028192
    7.405000    0.023619    0.032254   -0.022426
    7.177000    0.020881    0.034684   -0.014253
    7.505000    0.024269    0.030824   -0.023344
    1.418000   -0.009145   -0.006671   -0.006169
    1.650000   -0.009136   -0.006635   -0.006099
    3.073000   -0.008459   -0.004188   -0.001324
    9.367000    0.046229   -0.038966    0.019582
    6.935000    0.018475    0.035503   -0.007329
    1.583000   -0.009155   -0.006708   -0.006256
    0.126000   -0.009177   -0.006789   -0.006419
    3.814000   -0.007106    0.000471    0.007117
    6.722000    0.015297    0.035078    0.002601
    2.521000   -0.008891   -0.005739   -0.004325
    4.141000   -0.005706    0.005082    0.014897
    6.290000    0.007907    0.031372    0.023791
    9.039000    0.045117   -0.033859    0.012616
    4.979000   -0.002657    0.013855    0.026536
    3.224000   -0.008342   -0.003778   -0.000564
    5.767000    0.003798    0.027004    0.030965
    1.064000   -0.009158   -0.006717   -0.006261
    8.248000    0.034201    0.010155   -0.037161
    3.174000   -0.008383   -0.003923   -0.000834
    8.082000    0.034454    0.009212   -0.037475
    5.626000    0.002662    0.024933    0.030732
    5.252000   -0.000601    0.018283    0.028458
    2.895000   -0.008632   -0.004804   -0.002502
    9.271000    0.046043   -0.038100    0.018346
    1.025000   -0.009176   -0.006788   -0.006419
    1.135000   -0.009170   -0.006764   -0.006365
    9.946000    0.049604   -0.058125    0.059905
    7.048000    0.019749    0.035307   -0.010829
    4.340000   -0.005543    0.005484    0.015229
    2.221000   -0.009046   -0.006305   -0.005439
    1.815000   -0.009115   -0.006559   -0.005944
    5.689000    0.003367    0.026281    0.031115
    0.426000   -0.009177   -0.006792   -0.006422
    4.044000   -0.006451    0.002625    0.010751
    2.597000   -0.008860   -0.005626   -0.004099
    7.384000    0.022573    0.032725   -0.018491
    6.847000    0.017288    0.035504   -0.003503
    7.620000    0.026664    0.025866   -0.027172
    0.706000   -0.009171   -0.006765   -0.006363
    7.950000    0.033181    0.012530   -0.037220
    7.286000    0.021632    0.034076   -0.016394
    0.749000   -0.009180   -0.006804   -0.006453
    4.824000   -0.003757    0.010867    0.023060
    9.659000    0.049029   -0.054779    0.052614
    2.062000   -0.009073   -0.006404   -0.005636
    6.773000    0.016516    0.035351   -0.001245
    8.183000    0.035422    0.006374   -0.036800
    7.061000    0.020731    0.034873   -0.014425
    7.650000    0.027168    0.025488   -0.028817
    7.032000    0.019423    0.035351   -0.010239
    9.474000    0.047996   -0.048882    0.040148
    4.006000   -0.006147    0.003654    0.012547
    2.487000   -0.008930   -0.005880   -0.004599
    7.521000    0.024998    0.030048   -0.025500
    2.112000   -0.009063   -0.006365   -0.005557
    1.571000   -0.009134   -0.006630   -0.006086
    0.708000   -0.009180   -0.006803   -0.006449
    7.353000    0.022387    0.032720   -0.017741
    4.478000   -0.004349    0.009351    0.021578
    4.913000   -0.002777    0.013240    0.024842
    7.382000    0.023396    0.032500   -0.021819
    3.449000   -0.008018   -0.002648    0.001519
    6.840000    0.017335    0.035495   -0.003768
    6.049000    0.004948    0.028581    0.030142
    8.668000    0.039867   -0.009451   -0.023992
    6.998000    0.019082    0.035424   -0.008985
    9.743000    0.049268   -0.056166    0.055605
    0.895000   -0.009160   -0.006724   -0.006275
    2.557000   -0.008872   -0.005669   -0.004184
    7.759000    0.029099    0.022473   -0.033400
    0.839000   -0.009162   -0.006733   -0.006291
    8.161000    0.035288    0.006783   -0.036889
    6.830000    0.017206    0.035473   -0.003374
    1.974000   -0.009095   -0.006484   -0.005800
    8.561000    0.039081   -0.006340   -0.027286
    7.494000    0.024553    0.030538   -0.024210
    4.230000   -0.005872    0.004490    0.013787
    8.198000    0.034984    0.007792   -0.036811
    6.232000    0.007016    0.030854    0.026065
    7.355000    0.022361    0.032810   -0.017743
    6.189000    0.006046    0.029772    0.028151
    7.749000    0.028866    0.022548   -0.032338
    5.792000    0.003950    0.027250    0.030762
    7.446000    0.023560    0.031879   -0.021688
    9.750000    0.049292   -0.056305    0.055911
    2.719000   -0.008764   -0.005279   -0.003425
    5.334000   -0.000226    0.019551    0.030710
    1.930000   -0.009108   -0.006531   -0.005887
    0.314000   -0.009180   -0.006803   -0.006450
    5.050000   -0.001689    0.016339    0.028990
    8.968000    0.044421   -0.030514    0.007294
    9.811000    0.049404   -0.056956    0.057322
    7.183000    0.020940    0.034660   -0.014476
    2.049000   -0.009076   -0.006416   -0.005658
    4.506000   -0.004795    0.007692    0.018275
    8.831000    0.041008   -0.014373   -0.017782
    4.259000   -0.005791    0.004752    0.014213
    5.501000    0.000983    0.022051    0.031683
    8.142000    0.034437    0.009353   -0.037050
    4.086000   -0.006194    0.003487    0.012247
    6.216000    0.006789    0.030690    0.026675
    3.578000   -0.007650   -0.001370    0.003875
    4.876000   -0.003526    0.011346    0.023175
    8.309000    0.035987    0.004731   -0.035843
    9.165000    0.044564   -0.030130    0.002812
    0.636000   -0.009181   -0.006806   -0.006455
    5.188000   -0.001069    0.017801    0.030082
    7.353000    0.022234    0.032951   -0.017402
    6.297000    0.007664    0.031334    0.024454
    5.860000    0.004122    0.027456    0.030948
    1.751000   -0.009122   -0.006583   -0.005994
    7.891000    0.031294    0.017349   -0.035688
    2.856000   -0.008662   -0.004913   -0.002711
    8.193000    0.034299    0.009823   -0.037140
    3.302000   -0.008230   -0.003382    0.000180
    5.053000   -0.002164    0.014767    0.026237
    6.508000    0.011551    0.033027    0.013078
    9.764000    0.049335   -0.056555    0.056457
    1.063000   -0.009176   -0.006785   -0.006412
    1.975000   -0.009090   -0.006465   -0.005757
    4.858000   -0.003331    0.011775    0.023336
    4.283000   -0.005686    0.005017    0.014446
    3.745000   -0.007297   -0.000169    0.006012
    7.794000    0.029581    0.021330   -0.033879
    0.769000   -0.009180   -0.006804   -0.006449
    3.662000   -0.007451   -0.000690    0.005092
    0.125000   -0.009174   -0.006780   -0.006399
    5.121000   -0.001598    0.016007    0.026958
    9.105000    0.044751   -0.031373    0.005976
    7.705000    0.028198    0.024008   -0.031445
    7.056000    0.019726    0.035338   -0.010732
    1.850000   -0.009112   -0.006547   -0.005921
    7.127000    0.020419    0.034980   -0.013172
    5.633000    0.001948    0.023975    0.032288
    5.840000    0.003268    0.026283    0.032101
    7.319000    0.022628    0.033354   -0.019748
    2.417000   -0.008940   -0.005921   -0.004683
    6.578000    0.012928    0.034352    0.009818
    4.103000   -0.005664    0.005248    0.015247
    5.583000    0.001461    0.023092    0.032300
    3.258000   -0.008206   -0.003295    0.000353
    4.652000   -0.004337    0.009217    0.020920
    7.528000    0.024689    0.029328   -0.023144
    8.166000    0.033586    0.011957   -0.037548
    9.961000    0.049499   -0.057503    0.058533
    3.665000   -0.007452   -0.000693    0.005084
    7.347000    0.022939    0.033025   -0.020598
    3.878000   -0.006806    0.001482    0.008883
    2.201000   -0.009043   -0.006294   -0.005416
    1.573000   -0.009137   -0.006639   -0.006104
    3.600000   -0.007608   -0.001226    0.004136
    2.818000   -0.008730   -0.005156   -0.003184
    2.239000   -0.009030   -0.006248   -0.005327
    8.322000    0.036864    0.001648   -0.034317
    5.711000    0.003526    0.026562    0.031017
    6.672000    0.014354    0.034812    0.005518
    8.703000    0.039827   -0.009207   -0.024648
    4.786000   -0.003453    0.011861    0.024703
    5.578000    0.001743    0.023481    0.031833
    5.981000    0.005290    0.029082    0.029444
    8.784000    0.041834   -0.017385   -0.016404
    8.918000    0.043160   -0.023740   -0.006112
    1.521000   -0.009149   -0.006687   -0.006207
    4.577000   -0.004261    0.009553    0.021698
    1.224000   -0.009155   -0.006707   -0.006240
    6.196000    0.005796    0.029540    0.028715
    5.708000    0.003489    0.026503    0.031084
    5.142000   -0.001795    0.015654    0.026957
    6.466000    0.010310    0.032699    0.017046
    4.473000   -0.005038    0.007072    0.017719
    8.287000    0.036455    0.003059   -0.035230
    7.918000    0.032234    0.014955   -0.036329
    5.129000   -0.001376    0.017065    0.029497
    3.139000   -0.008420   -0.004053   -0.001080
    2.140000   -0.009048   -0.006314   -0.005466
    9.586000    0.047645   -0.046831    0.035591
    8.650000    0.039839   -0.009349   -0.024055
    7.424000    0.023358    0.031253   -0.019960
    2.906000   -0.008625   -0.004778   -0.002451
    5.221000   -0.000872    0.017949    0.029228
    9.709000    0.049035   -0.054813    0.052707
    3.376000   -0.008053   -0.002760    0.001348
    3.777000   -0.007215    0.000107    0.006493
    3.101000   -0.008468   -0.004222   -0.001397
    2.536000   -0.008888   -0.005730   -0.004303
    4.120000   -0.005664    0.005230    0.015169
    3.946000   -0.006685    0.001877    0.009548
    9.194000    0.045724   -0.036534    0.015793
    2.351000   -0.008989   -0.006096   -0.005027
    8.468000    0.037641   -0.000931   -0.032232
    8.559000    0.039044   -0.006121   -0.028237
    3.415000   -0.007972   -0.002476    0.001870
    9.185000    0.045076   -0.032859    0.008040
    9.588000    0.048687   -0.052818    0.048424
    6.641000    0.014574    0.034629    0.004534
    1.729000   -0.009130   -0.006615   -0.006066
    7.830000    0.031797    0.015944   -0.036448
    5.213000   -0.000854    0.018324    0.030524
    6.197000    0.005560    0.029325    0.029259
    0.654000   -0.009164   -0.006740   -0.006310
    1.071000   -0.009177   -0.006790   -0.006423
    1.387000   -0.009150   -0.006690   -0.006208
    0.357000   -0.009176   -0.006787   -0.006412
    0.227000   -0.009174   -0.006779   -0.006395
    1.810000   -0.009119   -0.006574   -0.005976
    1.408000   -0.009158   -0.006721   -0.006278
    6.119000    0.005641    0.029349    0.028891
    2.444000   -0.008940   -0.005918   -0.004676
    7.935000    0.030981    0.018490   -0.036091
    7.281000    0.022291    0.033712   -0.018846
    0.372000   -0.009182   -0.006809   -0.006461
    8.248000    0.035551    0.006095   -0.036407
    4.261000   -0.005109    0.007022    0.018104
    6.485000    0.011245    0.033488    0.014688
    2.446000   -0.008922   -0.005852   -0.004547
    3.324000   -0.008115   -0.002975    0.000951
    3.839000   -0.006938    0.001039    0.008119
    6.953000    0.018747    0.035556   -0.007792
    2.778000   -0.008726   -0.005144   -0.003162
    6.565000    0.012308    0.034027    0.011629
    8.368000    0.037027    0.001311   -0.034367
    1.870000   -0.009115   -0.006561   -0.005959
    0.913000   -0.009159   -0.006721   -0.006270
    1.165000   -0.009155   -0.006704   -0.006235
    1.293000   -0.009165   -0.006744   -0.006325
    8.593000    0.040277   -0.010896   -0.024033
    1.925000   -0.009099   -0.006502   -0.005838
    9.286000    0.046006   -0.037861    0.017749
    1.123000   -0.009163   -0.006737   -0.006305
    2.936000   -0.008616   -0.004747   -0.002393
    4.764000   -0.003829    0.010484    0.022037
    4.802000   -0.003346    0.012143    0.025002
    5.069000   -0.002051    0.014936    0.026142
    7.408000    0.023199    0.032426   -0.020889
    7.945000    0.032827    0.013503   -0.037293
    1.152000   -0.009163   -0.006735   -0.006303
    8.335000    0.036042    0.004463   -0.035380
    1.613000   -0.009140   -0.006651   -0.006131
    1.703000   -0.009129   -0.006609   -0.006044
    4.482000   -0.004443    0.009034    0.021022
    8.709000    0.040368   -0.011625   -0.021095
    4.911000   -0.003055    0.012477    0.024026
    0.538000   -0.009169   -0.006760   -0.006352
    0.632000   -0.009180   -0.006804   -0.006452
    2.764000   -0.008732   -0.005165   -0.003200
    5.008000   -0.002507    0.014237    0.026904
    6.880000    0.017885    0.035592   -0.005176
    1.986000   -0.009091   -0.006472   -0.005775
    0.448000   -0.009181   -0.006807   -0.006458
    1.549000   -0.009143   -0.006662   -0.006150
    4.014000   -0.006519    0.002417    0.010440
    8.205000    0.035729    0.005436   -0.036441
    8.735000    0.041236   -0.014845   -0.019451
    8.262000    0.036339    0.003530   -0.035590
    2.338000   -0.008977   -0.006056   -0.004951
    3.086000   -0.008483   -0.004273   -0.001495
    4.274000   -0.005632    0.005176    0.014659
    3.857000   -0.006939    0.001036    0.008115
    2.660000   -0.008838   -0.005546   -0.003944
    9.060000    0.044375   -0.029473    0.002664
    7.136000    0.020479    0.034952   -0.013261
    5.741000    0.003570    0.026572    0.031064
    8.946000    0.043377   -0.024249   -0.007125
    4.569000   -0.004457    0.008921    0.020673
    8.622000    0.039804   -0.009222   -0.024139
    0.130000   -0.009178   -0.006794   -0.006433
    8.189000    0.035190    0.007051   -0.036993
    2.076000   -0.009063   -0.006369   -0.005575
    5.070000   -0.001506    0.016792    0.029383
    7.943000    0.031319    0.017604   -0.036241
    6.818000    0.016880    0.035463   -0.002174
    9.966000    0.049616   -0.058200    0.060073
    0.681000   -0.009162   -0.006732   -0.006291
    7.660000    0.029870    0.019822   -0.033346
    0.589000   -0.009173   -0.006773   -0.006380
    0.284000   -0.009173   -0.006774   -0.006384
    8.725000    0.040037   -0.010130   -0.023310
    0.918000   -0.009178   -0.006795   -0.006435
    4.639000   -0.003907    0.010632    0.023293
    8.082000    0.033142    0.013036   -0.037317
    5.255000   -0.000327    0.018928    0.028979
    9.162000    0.045987   -0.038206    0.020013
    3.012000   -0.008556   -0.004531   -0.001980
    2.435000   -0.008922   -0.005855   -0.004555
    0.098000   -0.009177   -0.006792   -0.006428
    0.101000   -0.009159   -0.006720   -0.006267
    2.417000   -0.008949   -0.005950   -0.004734
    7.946000    0.033101    0.012741   -0.037213
    1.564000   -0.009146   -0.006674   -0.006181
    4.007000   -0.006594    0.002145    0.009913
    6.460000    0.010460    0.032914    0.016775
    3.498000   -0.007812   -0.001928    0.002855
    3.823000   -0.006769    0.001587    0.009008
    8.199000    0.033840    0.011211   -0.037420
    6.956000    0.019392    0.035286   -0.010289
    6.708000    0.015504    0.034999    0.001790
    8.801000    0.042061   -0.018369   -0.015157
    1.499000   -0.009150   -0.006690   -0.006213
    8.555000    0.038683   -0.004747   -0.029060
    0.174000   -0.009178   -0.006794   -0.006431
    3.733000   -0.007311   -0.000213    0.005937
    3.398000   -0.008077   -0.002849    0.001164
    7.279000    0.021628    0.034166   -0.016622
    2.526000   -0.008873   -0.005673   -0.004197
    3.245000   -0.008307   -0.003653   -0.000324
    3.664000   -0.007473   -0.000774    0.004909
    5.791000    0.003986    0.027321    0.030877
    5.070000   -0.002074    0.014940    0.026273
    7.061000    0.019715    0.035260   -0.011028
    7.684000    0.027784    0.024007   -0.029504
    5.141000   -0.001485    0.016271    0.027149
    2.410000   -0.008949   -0.005952   -0.004738
    3.078000   -0.008497   -0.004323   -0.001586
    6.009000    0.005383    0.029297    0.029461
    8.693000    0.040278   -0.011227   -0.021636
    8.114000    0.033518    0.012014   -0.037335
    7.136000    0.020815    0.034807   -0.014563
    4.879000   -0.003031    0.012561    0.024110
    0.911000   -0.009175   -0.006783   -0.006405
    0.384000   -0.009164   -0.006738   -0.006302
    8.557000    0.039957   -0.009627   -0.025373
    9.743000    0.049254   -0.056085    0.055431
    8.330000    0.036517    0.003049   -0.035292
    2.075000   -0.009078   -0.006424   -0.005677
    0.083000   -0.009166   -0.006746   -0.006325
    3.326000   -0.008209   -0.003311    0.000307
    1.722000   -0.009129   -0.006610   -0.006052
    7.160000    0.022020    0.034136   -0.018311
    9.875000    0.049486   -0.057434    0.058367
    5.189000   -0.001390    0.016564    0.027519
    0.878000   -0.009160   -0.006724   -0.006276
    0.668000   -0.009181   -0.006807   -0.006457
    5.348000   -0.000173    0.019826    0.031370
    7.968000    0.032971    0.013166   -0.037425
    2.607000   -0.008849   -0.005586   -0.004021
    7.047000    0.019875    0.035219   -0.011699
    8.345000    0.036500    0.003096   -0.035228
    9.904000    0.049429   -0.057098    0.057648
    8.303000    0.036697    0.002358   -0.034976
    4.186000   -0.006044    0.003922    0.012821
    2.823000   -0.008730   -0.005158   -0.003190
    9.425000    0.047348   -0.045295    0.032964
    7.104000    0.019916    0.035250   -0.011233
    1.703000   -0.009139   -0.006652   -0.006144
    5.249000   -0.000744    0.018324    0.029740
    2.077000   -0.009067   -0.006386   -0.005611
    6.991000    0.020386    0.034948   -0.013415
    1.839000   -0.009111   -0.006544   -0.005915
    2.713000   -0.008791   -0.005375   -0.003608
    9.948000    0.049541   -0.057753    0.059090
    1.666000   -0.009136   -0.006635   -0.006099
    2.916000   -0.008648   -0.004862   -0.002616
    1.270000   -0.009155   -0.006707   -0.006243
    6.817000    0.017000    0.035461   -0.002703
    8.348000    0.036214    0.003955   -0.035314
    3.320000   -0.008205   -0.003300    0.000317
    2.051000   -0.009079   -0.006427   -0.005682
    6.476000    0.010715    0.033246    0.016211
    7.733000    0.028815    0.022983   -0.032828
    8.306000    0.036082    0.004442   -0.035788
    7.706000    0.028379    0.023908   -0.032187
    9.090000    0.045496   -0.035742    0.015784
    0.661000   -0.009173   -0.006775   -0.006386
    4.007000   -0.006450    0.002660    0.010890
    6.584000    0.014087    0.034953    0.006431
    9.522000    0.047237   -0.044515    0.030735
    3.183000   -0.008346   -0.003789   -0.000575
    4.594000   -0.004166    0.009847    0.022143
    0.600000   -0.009175   -0.006781   -0.006398
    6.567000    0.013601    0.034711    0.007845
    0.506000   -0.009173   -0.006776   -0.006387
    8.546000    0.038589   -0.004374   -0.029491
    2.505000   -0.008893   -0.005747   -0.004340
    4.352000   -0.004773    0.008070    0.019715
    8.186000    0.035579    0.005899   -0.036608
    9.862000    0.049500   -0.057516    0.058559
    9.604000    0.048788   -0.053399    0.049661
    2.508000   -0.008902   -0.005780   -0.004403
    8.619000    0.040418   -0.011463   -0.023380
    5.222000   -0.000474    0.018664    0.029043
    2.326000   -0.009000   -0.006136   -0.005105
    7.832000    0.030992    0.017680   -0.034811
    1.329000   -0.009159   -0.006721   -0.006276
    3.350000   -0.008161   -0.003143    0.000618
    9.074000    0.043995   -0.027250   -0.002248
    3.946000   -0.006625    0.002085    0.009918
    9.298000    0.046969   -0.043229    0.028793
    7.980000    0.032120    0.015584   -0.036734
    1.534000   -0.009158   -0.006722   -0.006285
    9.001000    0.043684   -0.026380   -0.001431
    1.215000   -0.009154   -0.006702   -0.006230
    1.957000   -0.009098   -0.006497   -0.005819
    7.216000    0.021820    0.034171   -0.017574
    5.644000    0.002771    0.025125    0.030711
    3.433000   -0.008045   -0.002742    0.001346
    5.805000    0.003015    0.025879    0.032250
    5.592000    0.002363    0.024363    0.030641
    4.939000   -0.002941    0.013132    0.025836
    7.864000    0.030315    0.019926   -0.035199
    8.102000    0.034353    0.009507   -0.037579
    5.126000   -0.001889    0.015464    0.026895
    4.298000   -0.005469    0.005786    0.015898
    6.020000    0.005417    0.029340    0.029377
    9.552000    0.048321   -0.050724    0.044001
    3.795000   -0.007127    0.000405    0.007019
    0.353000   -0.009163   -0.006735   -0.006297
    1.668000   -0.009132   -0.006620   -0.006065
    5.491000    0.000762    0.021751    0.032086
    2.226000   -0.009027   -0.006234   -0.005301
    6.972000    0.018795    0.035482   -0.008273
    4.730000   -0.003818    0.010461    0.021816
    4.405000   -0.005291    0.006303    0.016588
    9.661000    0.049023   -0.054747    0.052544
    2.712000   -0.008778   -0.005331   -0.003522
    8.922000    0.043226   -0.023527   -0.008272
    4.819000   -0.003746    0.010757    0.022507
    6.788000    0.016470    0.035707   -0.000709
    0.980000   -0.009173   -0.006776   -0.006389
    5.577000    0.001411    0.023024    0.032380
    2.276000   -0.009014   -0.006189   -0.005210
    7.007000    0.019080    0.035429   -0.009089
    4.375000   -0.005404    0.005948    0.016032
    7.522000    0.024391    0.030238   -0.023074
    5.957000    0.005071    0.028915    0.029899
    4.666000   -0.004079    0.010068    0.022358
    1.519000   -0.009158   -0.006721   -0.006282
    5.324000   -0.000455    0.018614    0.028641
    8.865000    0.041559   -0.016760   -0.014834
    1.753000   -0.009128   -0.006608   -0.006046
    3.631000   -0.007514   -0.000911    0.004673
    7.152000    0.021735    0.034319   -0.017447
    8.397000    0.037884   -0.001923   -0.031832
    1.044000   -0.009159   -0.006721   -0.006270
    8.646000    0.040752   -0.012819   -0.021989
    5.650000    0.003025    0.025658    0.030988
    8.556000    0.039766   -0.008909   -0.025872
    2.652000   -0.008822   -0.005490   -0.003833
    6.854000    0.017519    0.035669   -0.003978
    6.182000    0.007019    0.030755    0.026015
    9.033000    0.044172   -0.028494    0.001091
    2.996000   -0.008557   -0.004536   -0.001989
    8.009000    0.033753    0.011099   -0.037496
    4.645000   -0.004233    0.009298    0.020363
    6.711000    0.015591    0.035129    0.001611
    4.776000   -0.003792    0.010598    0.022215
    3.628000   -0.007527   -0.000949    0.004629
    0.165000   -0.009169   -0.006759   -0.006351
    6.861000    0.018126    0.035382   -0.006341
    5.303000    0.000104    0.019950    0.029811
    0.747000   -0.009163   -0.006734   -0.006294
    1.171000   -0.009170   -0.006765   -0.006369
    6.994000    0.019226    0.035391   -0.009686
    5.424000    0.000568    0.020764    0.029565
    4.519000   -0.004804    0.007665    0.018243
    7.198000    0.020884    0.034608   -0.014065
    5.732000    0.003632    0.026748    0.031025
    2.712000   -0.008787   -0.005363   -0.003584
    6.918000    0.018280    0.035522   -0.006708
    5.875000    0.004519    0.028130    0.030474
    3.754000   -0.007153    0.000297    0.006757
    6.507000    0.011649    0.033679    0.013511
    2.982000   -0.008539   -0.004473   -0.001866
    5.795000    0.003962    0.027265    0.030741
    1.274000   -0.009167   -0.006754   -0.006346
    3.817000   -0.007051    0.000660    0.007462
    7.591000    0.025736    0.028348   -0.026427
    4.763000   -0.003563    0.011560    0.024343
    2.387000   -0.008967   -0.006017   -0.004873
    5.840000    0.003371    0.026431    0.031985
    1.256000   -0.009173   -0.006776   -0.006394
    2.217000   -0.009056   -0.006341   -0.005510
    8.931000    0.043283   -0.023778   -0.007942
    0.903000   -0.009179   -0.006798   -0.006439
    6.253000    0.007748    0.031344    0.024256
    9.711000    0.049195   -0.055741    0.054690
    4.471000   -0.004777    0.007951    0.019245
    7.402000    0.023102    0.032538   -0.020617
    1.706000   -0.009141   -0.006660   -0.006160
    8.310000    0.036435    0.002978   -0.034885
    5.917000    0.004643    0.028306    0.030269
    6.247000    0.006915    0.030550    0.026180
    6.154000    0.006335    0.030303    0.027715
    6.992000    0.019125    0.035519   -0.008915
    6.930000    0.018431    0.035549   -0.006892
    4.508000   -0.004733    0.008047    0.019286
    8.176000    0.035306    0.006736   -0.036636
    8.444000    0.037680   -0.001356   -0.030974
    5.584000    0.002580    0.024857    0.031061
    6.977000    0.019674    0.035236   -0.011157
    6.273000    0.007575    0.031104    0.024605
    8.629000    0.039633   -0.008494   -0.025091
    7.735000    0.028767    0.023137   -0.032847
    1.219000   -0.009153   -0.006697   -0.006221
    3.998000   -0.006528    0.002401    0.010447
    7.254000    0.022067    0.033944   -0.018250
    1.966000   -0.009094   -0.006479   -0.005786
    6.660000    0.014729    0.034794    0.004176
    3.475000   -0.007969   -0.002481    0.001815
    2.836000   -0.008685   -0.004994   -0.002869
    0.215000   -0.009162   -0.006731   -0.006291
    7.865000    0.030242    0.020204   -0.035332
    4.508000   -0.004815    0.007784    0.018860
    5.262000   -0.000449    0.018635    0.028725
    1.624000   -0.009135   -0.006634   -0.006095
    4.545000   -0.004630    0.008357    0.019733
    4.550000   -0.004598    0.008455    0.019884
    7.774000    0.029346    0.021993   -0.033835
    8.320000    0.036792    0.002037   -0.034788
    8.377000    0.036615    0.002589   -0.034440
    9.446000    0.047548   -0.046394    0.035141
    4.987000   -0.002483    0.013949    0.025441
    0.083000   -0.009176   -0.006787   -0.006418
    7.231000    0.021258    0.034477   -0.015541
    6.724000    0.015443    0.035145    0.002216
    9.010000    0.043999   -0.027691   -0.000068
    6.595000    0.013499    0.034398    0.007939
    3.537000   -0.007743   -0.001688    0.003303
    4.382000   -0.004696    0.008301    0.020048
    8.241000    0.035184    0.007196   -0.036609
    9.831000    0.049432   -0.057120    0.057678
    7.585000    0.025676    0.027994   -0.025658
    1.860000   -0.009119   -0.006577   -0.005992
    3.829000   -0.007077    0.000565    0.007273
    9.080000    0.045355   -0.035023    0.014535
    4.263000   -0.005664    0.005170    0.014926
    6.215000    0.007296    0.031029    0.025398
    5.306000   -0.000144    0.019275    0.028973
    9.772000    0.049333   -0.056540    0.056416
    5.995000    0.004257    0.027738    0.031220
    9.590000    0.048666   -0.052695    0.048164
    5.314000   -0.000381    0.019350    0.031042
    2.448000   -0.008935   -0.005899   -0.004637
    6.029000    0.005460    0.029387    0.029301
    7.247000    0.021335    0.034415   -0.015744
    6.795000    0.016713    0.035413   -0.001801
    3.778000   -0.007224    0.000078    0.006441
    4.870000   -0.003417    0.011585    0.023280
    6.776000    0.016377    0.035664   -0.000435
    0.491000   -0.009175   -0.006783   -0.006403
    2.831000   -0.008717   -0.005110   -0.003096
    3.078000   -0.008490   -0.004300   -0.001547
    8.825000    0.042655   -0.020952   -0.011883
    5.421000    0.000707    0.021334    0.030843
    4.758000   -0.003549    0.011604    0.024415
    8.549000    0.039900   -0.009404   -0.025642
    7.363000    0.022336    0.033046   -0.017913
    6.923000    0.018253    0.035536   -0.006580
    6.366000    0.008839    0.031989    0.021319
    7.133000    0.021253    0.034598   -0.015973
    7.399000    0.023041    0.032630   -0.020487
    5.542000    0.001757    0.023152    0.030284
    7.490000    0.024171    0.031011   -0.023172
    7.682000    0.029604    0.020337   -0.032812
    1.111000   -0.009176   -0.006786   -0.006414
    5.437000    0.000365    0.020919    0.031723
    0.718000   -0.009181   -0.006808   -0.006458
    6.193000    0.007123    0.030859    0.025785
    6.952000    0.018621    0.035622   -0.007342
    0.270000   -0.009180   -0.006801   -0.006445
    3.856000   -0.006978    0.000901    0.007868
    4.149000   -0.005870    0.004545    0.014001
    5.794000    0.004027    0.027318    0.030786
    9.438000    0.047816   -0.047875    0.038070
    1.524000   -0.009148   -0.006683   -0.006199
    9.962000    0.049577   -0.057965    0.059540
    6.553000    0.013659    0.034775    0.007682
    3.278000   -0.008190   -0.003239    0.000457
    7.056000    0.019843    0.035225   -0.011555
    4.441000   -0.005161    0.006709    0.017214
    1.682000   -0.009128   -0.006605   -0.006037
    9.508000    0.047978   -0.048824    0.040211
    3.447000   -0.007893   -0.002206    0.002357
    7.046000    0.019904    0.035209   -0.011793
    3.285000   -0.008180   -0.003204    0.000526
    2.284000   -0.009003   -0.006148   -0.005133
    1.421000   -0.009163   -0.006737   -0.006314
    6.689000    0.015406    0.034902    0.002022
    3.864000   -0.006893    0.001192    0.008381
    9.113000    0.044780   -0.031555    0.006427
    7.201000    0.021003    0.034657   -0.014805
    8.823000    0.041295   -0.015807   -0.015248
    4.558000   -0.004446    0.008982    0.020832
    7.823000    0.031716    0.016090   -0.036267
    0.755000   -0.009180   -0.006801   -0.006444
    9.232000    0.046441   -0.040523    0.024100
    7.300000    0.021691    0.033775   -0.016202
    1.082000   -0.009157   -0.006713   -0.006252
    6.020000    0.005565    0.029416    0.029029
    9.037000    0.043903   -0.026834   -0.002813
    1.753000   -0.009125   -0.006597   -0.006022
    3.341000   -0.008171   -0.003182    0.000537
    5.524000    0.001440    0.022798    0.031287
    5.926000    0.004044    0.027403    0.031311
    5.823000    0.004156    0.027584    0.030663
    9.180000    0.045020   -0.032568    0.007500
    6.849000    0.017278    0.035702   -0.003213
    2.890000   -0.008652   -0.004876   -0.002647
    6.913000    0.018719    0.035403   -0.008168
    6.747000    0.016493    0.035100   -0.001366
    2.987000   -0.008578   -0.004612   -0.002139
    1.391000   -0.009147   -0.006676   -0.006180
    6.082000    0.006076    0.029958    0.028109
    5.842000    0.003375    0.026437    0.031983
    0.500000   -0.009167   -0.006750   -0.006331
    4.473000   -0.004404    0.009195    0.021375
    2.311000   -0.008990   -0.006102   -0.005039
    5.766000    0.003870    0.027133    0.030939
    0.344000   -0.009161   -0.006730   -0.006287
    8.903000    0.042453   -0.020711   -0.009663
    3.948000   -0.006699    0.001830    0.009463
    0.023000   -0.009160   -0.006725   -0.006282
    3.002000   -0.008562   -0.004554   -0.002028
    3.637000   -0.007544   -0.001004    0.004532
    4.389000   -0.005298    0.006287    0.016576
    2.846000   -0.008707   -0.005075   -0.003027
    0.432000   -0.009171   -0.006766   -0.006365
    4.892000   -0.003317    0.012128    0.024715
    5.023000   -0.002316    0.014729    0.027399
    4.691000   -0.003771    0.010997    0.023701
    7.172000    0.020639    0.034814   -0.013387
    1.029000   -0.009158   -0.006718   -0.006263
    0.759000   -0.009174   -0.006777   -0.006390
    8.030000    0.033166    0.012750   -0.036987
    4.704000   -0.004150    0.009789    0.021780
    7.787000    0.030529    0.018385   -0.033942
    6.501000    0.011389    0.033560    0.014273
    0.547000   -0.009165   -0.006743   -0.006316
    5.953000    0.004041    0.027428    0.031424
    2.195000   -0.009034   -0.006261   -0.005355
    6.481000    0.011089    0.033276    0.015005
    6.177000    0.006436    0.030394    0.027494
    9.054000    0.044296   -0.029403    0.003630
    1.895000   -0.009109   -0.006535   -0.005895
    0.550000   -0.009178   -0.006793   -0.006424
    8.113000    0.034462    0.009198   -0.037040
    1.426000   -0.009145   -0.006670   -0.006167
    5.037000   -0.001771    0.016136    0.028809
    5.823000    0.004203    0.027663    0.030678
    8.683000    0.040706   -0.012680   -0.021764
    9.120000    0.045750   -0.037017    0.017959
    6.282000    0.007574    0.031266    0.024670
    3.836000   -0.006937    0.001028    0.008051
    2.756000   -0.008746   -0.005213   -0.003293
    6.370000    0.009119    0.032183    0.020574
    4.828000   -0.003336    0.012161    0.024999
    5.294000   -0.000249    0.019055    0.028890
    7.992000    0.033406    0.012037   -0.037534
    9.982000    0.049570   -0.057923    0.059439
    9.391000    0.047559   -0.046449    0.035170
    2.815000   -0.008698   -0.005042   -0.002961
    8.348000    0.036275    0.003744   -0.035163
    8.820000    0.042258   -0.019234   -0.014025
    5.365000    0.000383    0.020618    0.030387
    4.705000   -0.003820    0.010446    0.021741
    7.566000    0.025325    0.029061   -0.025585
    9.874000    0.049489   -0.057448    0.058396
    6.040000    0.005534    0.029480    0.029209
    9.771000    0.049326   -0.056504    0.056356
    0.772000   -0.009175   -0.006783   -0.006404
    7.171000    0.020497    0.034884   -0.012914
    5.198000   -0.000727    0.018059    0.028544
    1.105000   -0.009172   -0.006772   -0.006382
    8.686000    0.041086   -0.014197   -0.020362
    7.033000    0.020405    0.034999   -0.013437
    0.723000   -0.009163   -0.006734   -0.006298
    8.280000    0.035594    0.005943   -0.036208
    7.545000    0.025310    0.029511   -0.026151
    9.351000    0.046101   -0.038250    0.018102
    5.269000   -0.000089    0.019518    0.029536
    5.734000    0.002746    0.025378    0.032173
    0.890000   -0.009178   -0.006796   -0.006433
    3.502000   -0.007790   -0.001847    0.003019
    9.009000    0.043883   -0.027237   -0.000432
    6.085000    0.006024    0.029799    0.028118
    1.741000   -0.009133   -0.006629   -0.006098
    5.007000   -0.002432    0.014021    0.025401
    7.991000    0.033600    0.011494   -0.037462
    5.980000    0.005356    0.029159    0.029346
    3.154000   -0.008335   -0.003745   -0.000483
    9.316000    0.045873   -0.037020    0.015714
    8.731000    0.040535   -0.012377   -0.020049
    9.311000    0.046038   -0.037985    0.017835
    8.246000    0.035727    0.005553   -0.036283
    0.516000   -0.009163   -0.006734   -0.006296
    6.234000    0.007370    0.030979    0.025135
    1.108000   -0.009175   -0.006782   -0.006405
    2.726000   -0.008775   -0.005318   -0.003497
    8.426000    0.037304    0.000364   -0.033631
    5.017000   -0.002274    0.014848    0.027545
    3.783000   -0.007126    0.000399    0.006969
    3.578000   -0.007669   -0.001457    0.003646
    4.054000   -0.006055    0.003949    0.013031
    5.953000    0.004754    0.028323    0.030254
    9.057000    0.044005   -0.027335   -0.001976
    3.057000   -0.008486   -0.004286   -0.001515
    4.031000   -0.006269    0.003253    0.011875
    4.547000   -0.004634    0.008335    0.019679
    2.653000   -0.008814   -0.005461   -0.003777
    7.991000    0.033555    0.011576   -0.037181
    3.066000   -0.008482   -0.004270   -0.001485
    2.147000   -0.009048   -0.006313   -0.005453
    1.561000   -0.009138   -0.006644   -0.006115
    0.444000   -0.009165   -0.006744   -0.006318
    9.966000    0.049560   -0.057864    0.059309
    3.576000   -0.007672   -0.001455    0.003693
    0.077000   -0.009161   -0.006730   -0.006290
    7.823000    0.031376    0.016658   -0.035379
    4.488000   -0.004357    0.009302    0.021443
    4.191000   -0.005859    0.004553    0.013951
    6.019000    0.005642    0.029437    0.028858
    2.646000   -0.008825   -0.005498   -0.003848
    5.072000   -0.002080    0.015118    0.027157
    6.122000    0.006145    0.030105    0.028085
    3.973000   -0.006537    0.002375    0.010405
    6.277000    0.007880    0.031366    0.023870
    2.264000   -0.009005   -0.006156   -0.005146
    8.357000    0.035652    0.005437   -0.034829
    1.743000   -0.009134   -0.006631   -0.006101
    6.239000    0.007115    0.030936    0.025841
    4.458000   -0.004897    0.007562    0.018612
    7.062000    0.019881    0.035239   -0.011241
    1.100000   -0.009176   -0.006785   -0.006412
    6.166000    0.006495    0.030429    0.027344
    8.541000    0.039755   -0.008858   -0.026021
    8.120000    0.034932    0.007837   -0.037187
    6.030000    0.005597    0.029504    0.029053
    7.305000    0.021745    0.033948   -0.016678
    0.286000   -0.009180   -0.006801   -0.006444
    0.874000   -0.009165   -0.006742   -0.006315
    8.440000    0.038714   -0.005007   -0.029318
    3.791000   -0.007106    0.000476    0.007142
    5.296000   -0.001081    0.017285    0.028040
    2.415000   -0.008950   -0.005955   -0.004749
    7.565000    0.025748    0.028614   -0.026880
    9.541000    0.048093   -0.049433    0.041251
    3.238000   -0.008230   -0.003378    0.000204
    3.122000   -0.008365   -0.003854   -0.000689
    2.198000   -0.009028   -0.006241   -0.005316
    9.150000    0.045892   -0.037685    0.018881
    9.955000    0.049566   -0.057904    0.059404
    4.856000   -0.003007    0.012638    0.024215
    2.206000   -0.009023   -0.006222   -0.005285
    8.558000    0.039640   -0.008421   -0.026287
    7.486000    0.024262    0.030914   -0.023441
    1.255000   -0.009162   -0.006734   -0.006301
    2.129000   -0.009052   -0.006329   -0.005498
    9.388000    0.047468   -0.045952    0.034224
    2.043000   -0.009078   -0.006423   -0.005682
    5.330000   -0.000064    0.019446    0.029041
    4.762000   -0.003760    0.010633    0.022072
    0.349000   -0.009163   -0.006735   -0.006297
    6.888000    0.017805    0.035549   -0.005027
    0.575000   -0.009165   -0.006741   -0.006308
    4.427000   -0.005255    0.006403    0.016706
    4.647000   -0.004127    0.009592    0.020707
    8.067000    0.033671    0.011426   -0.037096
    1.401000   -0.009165   -0.006748   -0.006339
    4.686000   -0.004225    0.009524    0.021287
    4.778000   -0.003954    0.010294    0.022279
    2.418000   -0.008946   -0.005938   -0.004712
    8.637000    0.039402   -0.007492   -0.026471
    9.768000    0.049334   -0.056547    0.056434
    8.680000    0.039642   -0.008453   -0.025431
    7.747000    0.030748    0.018103   -0.034814
    1.118000   -0.009159   -0.006722   -0.006273
    3.017000   -0.008521   -0.004410   -0.001748
    1.406000   -0.009165   -0.006746   -0.006334
    0.933000   -0.009161   -0.006727   -0.006280
    3.479000   -0.007938   -0.002372    0.002019
    5.876000    0.004654    0.028234    0.030240
    9.863000    0.049476   -0.057371    0.058232
    8.107000    0.034496    0.009113   -0.037546
    5.569000    0.001804    0.023494    0.031417
    5.468000    0.000552    0.021312    0.031895
    1.073000   -0.009157   -0.006713   -0.006252
    6.509000    0.012408    0.034129    0.011292
    4.839000   -0.003408    0.011932    0.024638
    2.462000   -0.008939   -0.005916   -0.004668
    5.500000    0.001454    0.022582    0.030226
    2.057000   -0.009073   -0.006403   -0.005634
    8.563000    0.040014   -0.009847   -0.025188
    5.668000    0.003231    0.026031    0.030994
    5.859000    0.004414    0.027972    0.030563
    2.931000   -0.008613   -0.004736   -0.002374
    1.410000   -0.009166   -0.006749   -0.006338
    2.931000   -0.008605   -0.004708   -0.002317
    2.032000   -0.009080   -0.006433   -0.005698
    8.612000    0.039794   -0.009187   -0.024157
    4.403000   -0.005155    0.006626    0.016786
    4.572000   -0.004180    0.009812    0.022112
    4.264000   -0.005459    0.005841    0.016040
    0.222000   -0.009166   -0.006746   -0.006323
    8.723000    0.040104   -0.010429   -0.022886
    1.915000   -0.009102   -0.006511   -0.005857
    1.442000   -0.009147   -0.006678   -0.006184
    3.142000   -0.008418   -0.004047   -0.001069
    6.275000    0.007511    0.031045    0.024753
    5.798000    0.004040    0.027323    0.030777
    6.823000    0.017353    0.035420   -0.003884
    8.751000    0.040719   -0.013209   -0.018867
    9.741000    0.049282   -0.056245    0.055777
    1.385000   -0.009164   -0.006742   -0.006324
    2.940000   -0.008614   -0.004740   -0.002386
    0.396000   -0.009165   -0.006743   -0.006317
    1.240000   -0.009170   -0.006765   -0.006370
    6.177000    0.006569    0.030496    0.027184
    5.585000    0.002507    0.024685    0.030872
    8.768000    0.042106   -0.018554   -0.015000
    8.378000    0.036574    0.002771   -0.034702
    6.092000    0.005866    0.029843    0.028627
    6.030000    0.005381    0.029266    0.029344
    6.934000    0.018365    0.035531   -0.006892
    8.639000    0.040474   -0.011695   -0.023044
    3.925000   -0.006709    0.001805    0.009442
    0.649000   -0.009162   -0.006732   -0.006292
    3.470000   -0.007849   -0.002051    0.002647
    2.681000   -0.008789   -0.005370   -0.003601
    1.309000   -0.009152   -0.006694   -0.006214
    9.956000    0.049612   -0.058173    0.060013
    8.522000    0.038233   -0.003022   -0.030898
    0.276000   -0.009163   -0.006736   -0.006299
    7.894000    0.031118    0.017843   -0.035645
    7.027000    0.020922    0.034747   -0.015070
    1.054000   -0.009157   -0.006714   -0.006255
    2.503000   -0.008882   -0.005707   -0.004263
    3.886000   -0.006835    0.001382    0.008709
    5.925000    0.004838    0.028588    0.030160
    6.501000    0.011326    0.033535    0.014464
    3.933000   -0.006719    0.001763    0.009351
    4.501000   -0.004797    0.007844    0.018965
    8.516000    0.039630   -0.008384   -0.026555
    7.074000    0.020835    0.034826   -0.014733
    3.800000   -0.007133    0.000384    0.006975
    5.172000   -0.001723    0.015850    0.027175
    8.587000    0.040234   -0.010708   -0.024333
    0.443000   -0.009166   -0.006748   -0.006327
    7.981000    0.033033    0.012999   -0.036904
    9.035000    0.043920   -0.026936   -0.002590
    0.107000   -0.009161   -0.006728   -0.006285
    0.167000   -0.009163   -0.006735   -0.006300
    0.490000   -0.009163   -0.006736   -0.006300
    7.277000    0.021891    0.033927   -0.017465
    5.490000    0.001736    0.023189    0.030588
    3.619000   -0.007599   -0.001208    0.004126
    4.539000   -0.004184    0.009820    0.022181
    5.100000   -0.001490    0.016801    0.029312
    0.568000   -0.009177   -0.006789   -0.006416
    1.417000   -0.009158   -0.006717   -0.006270
    9.916000    0.049449   -0.057212    0.057897
    2.673000   -0.008798   -0.005402   -0.003664
    7.729000    0.028792    0.023047   -0.032819
    8.069000    0.032647    0.014416   -0.037314
    8.379000    0.037625   -0.001132   -0.032168
    6.815000    0.017453    0.035344   -0.004244
    8.687000    0.039699   -0.008679   -0.025251
    8.994000    0.043653   -0.025659   -0.004594
    1.198000   -0.009159   -0.006722   -0.006274
    3.249000   -0.008313   -0.003672   -0.000360
    8.929000    0.043167   -0.023552   -0.007205
    4.441000   -0.005136    0.006696    0.016932
    0.545000   -0.009170   -0.006762   -0.006356
    1.205000   -0.009168   -0.006755   -0.006347
    9.753000    0.049075   -0.055036    0.053175
    4.311000   -0.005013    0.007285    0.018409
    2.389000   -0.008960   -0.005992   -0.004821
    1.652000   -0.009135   -0.006631   -0.006087
    7.706000    0.028346    0.024011   -0.032190
    4.486000   -0.004750    0.008025    0.019339
    0.476000   -0.009165   -0.006741   -0.006308
    3.007000   -0.008561   -0.004551   -0.002024
    1.232000   -0.009167   -0.006752   -0.006340
    7.911000    0.031757    0.016204   -0.036051
    8.466000    0.037595   -0.000694   -0.032712
    7.884000    0.031460    0.016841   -0.035671
    2.059000   -0.009068   -0.006388   -0.005609
    4.158000   -0.005444    0.005959    0.016407
    3.069000   -0.008502   -0.004341   -0.001623
    9.314000    0.047045   -0.043667    0.029810
    9.605000    0.048633   -0.052510    0.047766
    0.729000   -0.009178   -0.006793   -0.006425
    7.169000    0.020817    0.034738   -0.014110
    6.033000    0.005542    0.029485    0.029214
    5.433000    0.001190    0.022129    0.030398
    5.272000   -0.000548    0.019018    0.030973
    5.322000    0.000138    0.020105    0.030180
    9.550000    0.048245   -0.050296    0.043129
    6.420000    0.009545    0.032350    0.019295
    6.587000    0.013201    0.034257    0.008807
    6.171000    0.006773    0.030610    0.026637
    3.134000   -0.008377   -0.003895   -0.000769
    3.986000   -0.006683    0.001856    0.009438
    9.081000    0.044082   -0.027689   -0.001480
    2.465000   -0.008932   -0.005889   -0.004616
    0.432000   -0.009167   -0.006751   -0.006333
    9.619000    0.048843   -0.053714    0.050332
    4.689000   -0.004221    0.009549    0.021360
    9.929000    0.049584   -0.058010    0.059652
    5.329000   -0.000301    0.019558    0.031258
    2.702000   -0.008789   -0.005369   -0.003598
    9.084000    0.044554   -0.030403    0.004374
    2.617000   -0.008854   -0.005605   -0.004059
    2.450000   -0.008938   -0.005910   -0.004656
    9.563000    0.047709   -0.047218    0.036490
    3.044000   -0.008511   -0.004374   -0.001686
    2.690000   -0.008802   -0.005416   -0.003687
    4.475000   -0.004570    0.008628    0.020375
    6.741000    0.016025    0.035253    0.000289
    5.807000    0.004095    0.027403    0.030748
    2.038000   -0.009083   -0.006440   -0.005709
    8.259000    0.034323    0.009769   -0.037017
    4.599000   -0.004053    0.010220    0.022769
    5.163000   -0.001191    0.017167    0.028535
    4.196000   -0.005991    0.004106    0.013156
    6.093000    0.006003    0.029951    0.028343
    3.328000   -0.008213   -0.003325    0.000281
    3.588000   -0.007631   -0.001304    0.003994
    2.036000   -0.009080   -0.006431   -0.005692
    8.516000    0.038745   -0.005002   -0.029327
    2.981000   -0.008573   -0.004593   -0.002099
    2.401000   -0.008965   -0.006010   -0.004855
    1.619000   -0.009151   -0.006694   -0.006230
    0.987000   -0.009179   -0.006797   -0.006436
    0.361000   -0.009163   -0.006736   -0.006298
    1.707000   -0.009131   -0.006615   -0.006056
    7.243000    0.022304    0.033804   -0.019005
    1.304000   -0.009165   -0.006747   -0.006332
    2.451000   -0.008940   -0.005920   -0.004679
    2.734000   -0.008768   -0.005294   -0.003451
    5.865000    0.004405    0.027968    0.030507
    8.647000    0.039477   -0.007794   -0.026120
    6.153000    0.006451    0.030381    0.027429
    3.019000   -0.008549   -0.004509   -0.001937
    8.567000    0.038876   -0.005491   -0.028327
    3.441000   -0.008018   -0.002651    0.001505
    9.339000    0.046986   -0.043355    0.029250
    6.448000    0.010553    0.033148    0.016690
    3.290000   -0.008156   -0.003119    0.000685
    8.261000    0.035868    0.004885   -0.035999
    8.266000    0.035903    0.004765   -0.035934
    4.685000   -0.003781    0.010974    0.023683
    1.653000   -0.009136   -0.006639   -0.006111
    4.685000   -0.003777    0.010990    0.023727
    0.156000   -0.009172   -0.006769   -0.006375
    2.273000   -0.009018   -0.006202   -0.005234
    4.301000   -0.005553    0.005419    0.015028
    6.001000    0.005502    0.029313    0.029108
    9.576000    0.048511   -0.051804    0.046272
    0.056000   -0.009158   -0.006717   -0.006262
    1.483000   -0.009145   -0.006670   -0.006166
    7.038000    0.019511    0.035328   -0.010503
    6.359000    0.009214    0.032340    0.020391
    6.488000    0.011126    0.033449    0.015052
    1.025000   -0.009166   -0.006748   -0.006328
    4.043000   -0.006490    0.002490    0.010504
    5.287000   -0.000480    0.019137    0.030944
    3.242000   -0.008239   -0.003409    0.000143
    5.948000    0.004083    0.027482    0.031360
    7.146000    0.020379    0.034990   -0.012608
    0.222000   -0.009161   -0.006730   -0.006288
    4.283000   -0.005077    0.007094    0.018135
    1.530000   -0.009143   -0.006660   -0.006144
    8.395000    0.037328    0.000227   -0.033619
    2.245000   -0.009018   -0.006202   -0.005233
    7.776000    0.029341    0.021894   -0.033634
    1.032000   -0.009178   -0.006794   -0.006431
    1.413000   -0.009146   -0.006672   -0.006170
    8.482000    0.038374   -0.003887   -0.028882
    3.594000   -0.007593   -0.001173    0.004231
    9.303000    0.047077   -0.043837    0.030109
    1.867000   -0.009110   -0.006540   -0.005912
    5.248000   -0.000777    0.017901    0.028240
    2.063000   -0.009067   -0.006385   -0.005603
    2.181000   -0.009048   -0.006313   -0.005454
    9.845000    0.049455   -0.057249    0.057961
    5.303000   -0.000457    0.019124    0.030734
    9.342000    0.047147   -0.044207    0.030827
    2.721000   -0.008796   -0.005394   -0.003647
    5.871000    0.003692    0.026890    0.031632
    7.355000    0.022300    0.033135   -0.017876
    1.796000   -0.009123   -0.006590   -0.006014
    5.730000    0.003613    0.026656    0.031018
    0.654000   -0.009169   -0.006758   -0.006347
    5.340000    0.000377    0.020556    0.030181
    5.467000    0.001563    0.022871    0.030600
    3.287000   -0.008287   -0.003587   -0.000217
    7.536000    0.024945    0.029825   -0.024960
    2.367000   -0.008972   -0.006036   -0.004905
    7.133000    0.020128    0.035127   -0.011844
    1.279000   -0.009159   -0.006722   -0.006277
    4.483000   -0.004819    0.007612    0.018132
    1.410000   -0.009145   -0.006669   -0.006165
    7.314000    0.022946    0.033172   -0.020784
    3.265000   -0.008280   -0.003561   -0.000157
    8.353000    0.037128    0.000839   -0.033965
    8.674000    0.040502   -0.011860   -0.022588
    3.217000   -0.008359   -0.003837   -0.000681
    7.421000    0.022867    0.032335   -0.019228
    2.429000   -0.008944   -0.005933   -0.004702
    6.271000    0.006231    0.029922    0.027763
    1.118000   -0.009175   -0.006785   -0.006414
    9.494000    0.047712   -0.047277    0.036746
    8.726000    0.040020   -0.010021   -0.023668
    2.785000   -0.008721   -0.005125   -0.003121
    3.349000   -0.008094   -0.002903    0.001083
    3.792000   -0.007168    0.000265    0.006763
    8.246000    0.036114    0.004218   -0.035910
    2.491000   -0.008896   -0.005758   -0.004365
    9.293000    0.046574   -0.041033    0.024294
    2.708000   -0.008776   -0.005322   -0.003506
    3.152000   -0.008437   -0.004112   -0.001188
    6.469000    0.010827    0.033303    0.015881
    4.680000   -0.004231    0.009413    0.020863
    8.458000    0.037517   -0.000422   -0.032887
    5.299000   -0.000925    0.017612    0.028177
    7.171000    0.021991    0.034141   -0.018206
    7.380000    0.022789    0.032932   -0.019821
    4.279000   -0.005044    0.007229    0.018427
    1.025000   -0.009177   -0.006791   -0.006425
    8.038000    0.032762    0.013997   -0.037139
    3.755000   -0.007245    0.000010    0.006330
    2.105000   -0.009059   -0.006354   -0.005546
    8.066000    0.034379    0.009411   -0.037457
    0.513000   -0.009181   -0.006805   -0.006455
    1.411000   -0.009147   -0.006676   -0.006180
    0.871000   -0.009170   -0.006764   -0.006361
    1.335000   -0.009154   -0.006703   -0.006236
    6.595000    0.013395    0.034330    0.008222
    5.384000   -0.000276    0.018992    0.028814
    6.638000    0.014936    0.035310    0.003926
    3.022000   -0.008545   -0.004494   -0.001914
    1.736000   -0.009132   -0.006620   -0.006064
    2.524000   -0.008896   -0.005757   -0.004356
    3.497000   -0.007890   -0.002212    0.002295
    3.949000   -0.006595    0.002182    0.010081
    0.854000   -0.009165   -0.006742   -0.006315
    7.429000    0.023255    0.031632   -0.019976
    9.648000    0.048798   -0.053452    0.049811
    4.712000   -0.003743    0.010659    0.021993
    8.441000    0.037342    0.000117   -0.032950
    4.016000   -0.006477    0.002559    0.010693
    7.001000    0.019132    0.035418   -0.009238
    1.658000   -0.009134   -0.006628   -0.006084
    6.161000    0.006384    0.030333    0.027540
    0.800000   -0.009163   -0.006735   -0.006296
    2.689000   -0.008817   -0.005471   -0.003795
    7.102000    0.020611    0.034922   -0.013982
    4.888000   -0.002711    0.013778    0.026629
    7.633000    0.026536    0.026946   -0.028055
    7.319000    0.022842    0.033206   -0.020422
    0.326000   -0.009181   -0.006808   -0.006460
    8.933000    0.042769   -0.022169   -0.007511
    4.788000   -0.003861    0.010465    0.022234
    3.077000   -0.008504   -0.004349   -0.001639
    1.778000   -0.009128   -0.006607   -0.006038
    4.417000   -0.004872    0.007674    0.018876
    1.069000   -0.009159   -0.006722   -0.006272
    5.849000    0.004344    0.027873    0.030626
    3.478000   -0.007948   -0.002405    0.001964
    7.145000    0.020599    0.034864   -0.013460
    0.972000   -0.009158   -0.006718   -0.006263
    1.622000   -0.009133   -0.006623   -0.006071
    1.683000   -0.009138   -0.006647   -0.006132
    1.032000   -0.009177   -0.006792   -0.006426
    5.225000   -0.001474    0.016418    0.027549
    4.878000   -0.003419    0.011590    0.023318
    9.428000    0.047657   -0.046992    0.036249
    0.081000   -0.009159   -0.006720   -0.006268
    4.085000   -0.006186    0.003518    0.012310
    8.467000    0.037630   -0.000828   -0.032568
    3.877000   -0.006869    0.001269    0.008515
    8.474000    0.038741   -0.005027   -0.029360
    7.668000    0.027386    0.025152   -0.029323
    4.073000   -0.005798    0.004805    0.014495
    2.571000   -0.008844   -0.005568   -0.003989
    5.512000    0.000932    0.022085    0.032158
    4.749000   -0.003841    0.010410    0.021803
    9.502000    0.048213   -0.050117    0.042729
    2.353000   -0.008975   -0.006045   -0.004927
    6.307000    0.006516    0.030137    0.027061
    9.268000    0.046737   -0.042050    0.026841
    3.263000   -0.008291   -0.003596   -0.000222
    3.580000   -0.007638   -0.001331    0.003939
    2.081000   -0.009083   -0.006441   -0.005708
    0.424000   -0.009167   -0.006751   -0.006332
    0.651000   -0.009177   -0.006789   -0.006416
    1.408000   -0.009149   -0.006684   -0.006194
    3.059000   -0.008525   -0.004423   -0.001781
    7.532000    0.025127    0.029720   -0.025634
    1.858000   -0.009118   -0.006569   -0.005964
    5.174000   -0.001311    0.017162    0.029400
    4.345000   -0.005380    0.005949    0.015816
    8.170000    0.035031    0.007542   -0.037174
    4.481000   -0.004374    0.009257    0.021389
    4.579000   -0.004141    0.009936    0.022309
    7.484000    0.023934    0.030611   -0.021554
    9.797000    0.049405   -0.056962    0.057344
    6.121000    0.006318    0.030225    0.027661
    0.278000   -0.009178   -0.006793   -0.006427
    5.103000   -0.001922    0.015355    0.026734
    6.111000    0.006317    0.030163    0.027592
    1.506000   -0.009158   -0.006720   -0.006280
    9.771000    0.049299   -0.056344    0.055993
    7.135000    0.020445    0.034964   -0.013272
    5.578000    0.001665    0.023343    0.031850
    7.963000    0.033312    0.012173   -0.037119
    9.248000    0.045682   -0.036101    0.014289
    5.155000   -0.001090    0.017788    0.030176
    5.730000    0.002460    0.024947    0.032453
    8.032000    0.032786    0.013901   -0.037090
    4.326000   -0.005595    0.005345    0.015076
    5.553000    0.001976    0.023753    0.031137
    2.775000   -0.008743   -0.005203   -0.003273
    9.650000    0.048861   -0.053819    0.050559
    0.893000   -0.009161   -0.006728   -0.006283
    4.728000   -0.004027    0.010172    0.022368
    6.329000    0.008480    0.031898    0.022384
    5.203000   -0.000964    0.017473    0.027987
    1.387000   -0.009159   -0.006722   -0.006280
    0.780000   -0.009163   -0.006735   -0.006296
    9.446000    0.046890   -0.042628    0.027009
    7.453000    0.024101    0.031423   -0.023424
    3.296000   -0.008236   -0.003405    0.000133
    5.083000   -0.001494    0.016823    0.029419
    6.279000    0.007649    0.031332    0.024556
    9.755000    0.049118   -0.055287    0.053718
    1.231000   -0.009154   -0.006702   -0.006230
    3.544000   -0.007822   -0.001971    0.002749
    8.339000    0.036747    0.002274   -0.034938
    4.609000   -0.004038    0.010261    0.022820
    2.550000   -0.008887   -0.005726   -0.004296
    4.545000   -0.004752    0.007907    0.018849
    6.113000    0.005159    0.028867    0.029914
    1.655000   -0.009139   -0.006648   -0.006131
    2.484000   -0.008917   -0.005834   -0.004508
    1.404000   -0.009163   -0.006738   -0.006314
    5.834000    0.004255    0.027690    0.030640
    8.650000    0.040017   -0.010099   -0.023101
    7.489000    0.024541    0.030641   -0.024302
    8.318000    0.036006    0.004646   -0.035707
    7.395000    0.022882    0.032000   -0.018901
    5.944000    0.004858    0.028610    0.030061
    7.782000    0.029430    0.021852   -0.034023
    1.507000   -0.009141   -0.006653   -0.006132
    4.733000   -0.003767    0.010596    0.021948
    3.328000   -0.008110   -0.002959    0.000981
    8.610000    0.039150   -0.006496   -0.027551
    5.702000    0.003357    0.026244    0.031109
    5.626000    0.002934    0.025514    0.031094
    6.403000    0.009686    0.032526    0.019007
    1.134000   -0.009167   -0.006752   -0.006338
    8.952000    0.043383   -0.024309   -0.006934
    1.425000   -0.009163   -0.006740   -0.006320
    5.889000    0.003593    0.026782    0.031862
    6.038000    0.005766    0.029611    0.028660
    1.297000   -0.009160   -0.006724   -0.006281
    5.197000   -0.000938    0.018137    0.030413
    7.002000    0.019190    0.035398   -0.009323
    5.863000    0.004488    0.028095    0.030509
    4.890000   -0.003321    0.012123    0.024729
    8.889000    0.042995   -0.022509   -0.009613
    0.388000   -0.009171   -0.006767   -0.006368
    4.921000   -0.002781    0.013215    0.024786
    1.739000   -0.009128   -0.006607   -0.006038
    5.674000    0.003281    0.026137    0.031066
    0.982000   -0.009179   -0.006798   -0.006439
    5.534000    0.002043    0.023844    0.030963
    1.402000   -0.009153   -0.006700   -0.006230
    2.898000   -0.008653   -0.004882   -0.002656
    7.144000    0.020781    0.034808   -0.014418
    3.398000   -0.008057   -0.002777    0.001303
    4.145000   -0.006148    0.003610    0.012383
    9.091000    0.044424   -0.029529    0.002110
    9.076000    0.045407   -0.035305    0.015059
    6.725000    0.015808    0.035597    0.001311
    2.610000   -0.008846   -0.005576   -0.004000
    8.305000    0.036683    0.002329   -0.034865
    4.637000   -0.004346    0.009206    0.020950
    0.330000   -0.009178   -0.006794   -0.006428
    4.018000   -0.006410    0.002789    0.011104
    9.359000    0.047179   -0.044377    0.031152
    0.199000   -0.009165   -0.006744   -0.006319
    6.177000    0.006728    0.030615    0.026798
    4.331000   -0.005050    0.007149    0.018141
    2.668000   -0.008809   -0.005442   -0.003737
    3.692000   -0.007404   -0.000534    0.005350
    7.522000    0.024998    0.030017   -0.025458
    9.023000    0.044635   -0.031550    0.008905
    2.757000   -0.008753   -0.005241   -0.003347
    6.503000    0.012780    0.034338    0.010215
    7.595000    0.026874    0.025389   -0.027522
    9.476000    0.047165   -0.044163    0.030166
    5.112000   -0.001912    0.015394    0.026799
    4.067000   -0.006258    0.003284    0.011926
    1.096000   -0.009172   -0.006770   -0.006378
    3.190000   -0.008357   -0.003826   -0.000646
    3.022000   -0.008516   -0.004393   -0.001717
    5.377000    0.000613    0.020943    0.029966
    3.240000   -0.008346   -0.003795   -0.000602
    7.792000    0.029539    0.021422   -0.033829
    7.156000    0.020304    0.034982   -0.012323
    2.538000   -0.008881   -0.005702   -0.004253
    9.258000    0.046171   -0.038840    0.019955
    7.747000    0.030360    0.018832   -0.034042
    3.107000   -0.008483   -0.004273   -0.001493
    7.779000    0.031271    0.017062   -0.035714
    4.545000   -0.004197    0.009781    0.022122
    7.805000    0.029705    0.021268   -0.034418
    0.210000   -0.009175   -0.006781   -0.006401
    9.809000    0.049412   -0.057004    0.057436
    7.866000    0.031072    0.017775   -0.035320
    7.263000    0.022575    0.033601   -0.019821
    8.087000    0.032977    0.013526   -0.037378
    9.777000    0.049169   -0.055583    0.054355
    9.999000    0.049639   -0.058332    0.060362
    5.323000   -0.000319    0.019487    0.031125
    2.027000   -0.009077   -0.006420   -0.005673
    0.689000   -0.009181   -0.006804   -0.006450
    0.914000   -0.009178   -0.006793   -0.006427
    7.341000    0.022454    0.033338   -0.018969
    1.715000   -0.009134   -0.006628   -0.006088
    6.759000    0.016284    0.035622   -0.000163
    9.862000    0.049468   -0.057324    0.058124
    2.531000   -0.008905   -0.005792   -0.004425
    4.826000   -0.003539    0.011237    0.022802
    6.242000    0.007388    0.031130    0.025204
    2.944000   -0.008614   -0.004742   -0.002389
    0.195000   -0.009161   -0.006727   -0.006280
    4.124000   -0.006218    0.003376    0.011976
    3.712000   -0.007370   -0.000414    0.005582
    5.252000   -0.000661    0.018752    0.030770
    2.996000   -0.008549   -0.004509   -0.001936
    5.486000    0.001018    0.022021    0.031294
    1.510000   -0.009144   -0.006664   -0.006157
    2.933000   -0.008605   -0.004706   -0.002315
    2.148000   -0.009051   -0.006324   -0.005475
    2.050000   -0.009077   -0.006418   -0.005662
    4.233000   -0.005456    0.005872    0.016147
    7.848000    0.031905    0.015681   -0.036516
    3.861000   -0.006511    0.002456    0.010526
    1.683000   -0.009141   -0.006658   -0.006158
    9.253000    0.045642   -0.035852    0.013689
    9.028000    0.043789   -0.026241   -0.003905
    5.081000   -0.001883    0.015333    0.026449
    4.239000   -0.005712    0.005019    0.014686
    9.716000    0.049202   -0.055785    0.054790
    7.124000    0.020371    0.035004   -0.013024
    4.263000   -0.005749    0.004827    0.014173
    7.388000    0.023078    0.032620   -0.020644
    8.716000    0.041124   -0.014362   -0.020061
    9.275000    0.045973   -0.037685    0.017426
    6.254000    0.007216    0.031019    0.025630
    1.911000   -0.009117   -0.006564   -0.005953
    0.491000   -0.009170   -0.006764   -0.006360
    2.845000   -0.008691   -0.005017   -0.002913
    1.410000   -0.009158   -0.006719   -0.006274
    4.958000   -0.002944    0.012766    0.024362
    4.482000   -0.004661    0.008327    0.019866
    4.593000   -0.004499    0.008716    0.020156
    3.332000   -0.008184   -0.003223    0.000475
    0.425000   -0.009174   -0.006779   -0.006394
    3.153000   -0.008373   -0.003883   -0.000751
    7.923000    0.032617    0.014041   -0.037224
    1.873000   -0.009109   -0.006536   -0.005901
    4.114000   -0.006266    0.003230    0.011763
    6.799000    0.016940    0.035429   -0.002556
    5.663000    0.002941    0.025514    0.031197
    9.214000    0.045465   -0.034966    0.012195
    7.013000    0.019300    0.035486   -0.009433
    1.781000   -0.009126   -0.006599   -0.006023
    6.163000    0.005634    0.029372    0.029013
    1.184000   -0.009163   -0.006736   -0.006305
    6.010000    0.005540    0.029359    0.029044
    9.299000    0.046763   -0.042188    0.027098
    3.005000   -0.008557   -0.004538   -0.001999
    0.992000   -0.009177   -0.006791   -0.006424
    0.062000   -0.009159   -0.006722   -0.006274
    7.762000    0.029603    0.020773   -0.033059
    5.589000    0.002494    0.024654    0.030838
    8.925000    0.042370   -0.020655   -0.008527
    9.449000    0.047525   -0.046268    0.034890
    0.511000   -0.009176   -0.006786   -0.006408
    8.346000    0.036834    0.001969   -0.034773
    9.005000    0.043968   -0.027398   -0.001053
    7.446000    0.023757    0.030665   -0.020906
    8.547000    0.038914   -0.005712   -0.027859
    2.043000   -0.009075   -0.006415   -0.005670
    1.936000   -0.009095   -0.006486   -0.005799
    7.267000    0.022532    0.033586   -0.019640
    3.860000   -0.006841    0.001345    0.008591
    7.250000    0.021753    0.034083   -0.017172
    5.692000    0.002210    0.024508    0.032490
    0.445000   -0.009181   -0.006806   -0.006455
    1.646000   -0.009132   -0.006619   -0.006064
    4.652000   -0.003929    0.010542    0.023103
    4.867000   -0.003243    0.012387    0.025186
    4.456000   -0.004465    0.009005    0.021085
    8.301000    0.036625    0.002490   -0.034895
    8.163000    0.035006    0.007631   -0.037220
    0.325000   -0.009179   -0.006797   -0.006434
    3.907000   -0.006674    0.001911    0.009587
    2.506000   -0.008903   -0.005785   -0.004415
    5.978000    0.005329    0.029073    0.029371
    7.832000    0.030517    0.018986   -0.034606
    2.768000   -0.008737   -0.005180   -0.003229
    5.903000    0.004695    0.028390    0.030312
    2.123000   -0.009055   -0.006342   -0.005523
    8.449000    0.037540   -0.000482   -0.033024
    5.982000    0.005191    0.028877    0.029588
    2.649000   -0.008823   -0.005492   -0.003837
    0.582000   -0.009165   -0.006741   -0.006309
    2.789000   -0.008738   -0.005186   -0.003245
    3.685000   -0.007376   -0.000441    0.005512
    2.211000   -0.009029   -0.006243   -0.005315
    9.088000    0.045393   -0.035210    0.014843
    0.842000   -0.009174   -0.006778   -0.006393
    5.861000    0.004434    0.027964    0.030496
    8.102000    0.034390    0.009394   -0.037080
    7.910000    0.030785    0.018900   -0.035807
    0.902000   -0.009177   -0.006791   -0.006422
    8.641000    0.040563   -0.012050   -0.022691
    4.425000   -0.004991    0.007280    0.018208
    9.147000    0.045909   -0.037815    0.019332
    6.766000    0.016299    0.035598   -0.000219
    0.930000   -0.009176   -0.006786   -0.006412
    0.660000   -0.009181   -0.006805   -0.006454
    1.874000   -0.009117   -0.006568   -0.005977
    8.124000    0.034582    0.008866   -0.037506
    5.343000   -0.000234    0.019587    0.030904
    6.395000    0.008844    0.031890    0.021178
    4.783000   -0.003805    0.010792    0.023140
    0.903000   -0.009162   -0.006731   -0.006288
    9.621000    0.048622   -0.052446    0.047662
    6.981000    0.019467    0.035302   -0.010499
    2.582000   -0.008854   -0.005604   -0.004060
    9.737000    0.049082   -0.055095    0.053299
    2.785000   -0.008747   -0.005218   -0.003303
    9.086000    0.044465   -0.029768    0.002636
    9.101000    0.044292   -0.028778    0.000521
    2.880000   -0.008661   -0.004910   -0.002711
    1.315000   -0.009156   -0.006710   -0.006249
    3.483000   -0.007945   -0.002399    0.001961
    7.831000    0.029993    0.020624   -0.034772
    0.663000   -0.009164   -0.006737   -0.006301
    7.500000    0.024338    0.029882   -0.022355
    2.577000   -0.008863   -0.005637   -0.004120
    5.268000   -0.000296    0.018982    0.028962
    4.758000   -0.003787    0.010565    0.022013
    6.475000    0.011003    0.033342    0.015362
    1.030000   -0.009178   -0.006793   -0.006429
    6.118000    0.005066    0.028782    0.030136
    9.068000    0.045269   -0.034596    0.013810
    0.224000   -0.009167   -0.006753   -0.006338
    4.689000   -0.003741    0.011090    0.023846
    8.040000    0.033106    0.013007   -0.037094
    6.952000    0.018233    0.035685   -0.006126
    1.079000   -0.009170   -0.006765   -0.006367
    4.011000   -0.006424    0.002744    0.011030
    7.211000    0.021045    0.034503   -0.014573
    5.993000    0.005350    0.029079    0.029339
    2.679000   -0.008818   -0.005473   -0.003799
    6.197000    0.007125    0.030853    0.025776
    6.723000    0.015721    0.035394    0.001502
    7.356000    0.022566    0.033198   -0.019237
    6.446000    0.010224    0.032961    0.017563
    7.742000    0.030806    0.018007   -0.034970
    0.713000   -0.009168   -0.006757   -0.006345
    8.950000    0.043269   -0.024379   -0.004653
    1.809000   -0.009121   -0.006581   -0.005988
    9.985000    0.049631   -0.058283    0.060257
    0.679000   -0.009167   -0.006751   -0.006333
    3.362000   -0.008155   -0.003121    0.000657
    4.681000   -0.003861    0.010735    0.023350
    7.186000    0.021159    0.034561   -0.015504
    4.259000   -0.005757    0.004857    0.014375
    4.001000   -0.005979    0.004220    0.013541
    6.306000    0.008285    0.031756    0.022894
    4.409000   -0.005162    0.006609    0.016774
    7.071000    0.020045    0.035154   -0.012196
    2.715000   -0.008766   -0.005287   -0.003437
    2.098000   -0.009071   -0.006397   -0.005620
    1.999000   -0.009083   -0.006442   -0.005716
    9.466000    0.047952   -0.048647    0.039664
    0.186000   -0.009161   -0.006727   -0.006281
    6.849000    0.017391    0.035508   -0.003927
    5.890000    0.004313    0.027735    0.030796
    9.899000    0.049452   -0.057232    0.057944
    5.660000    0.003179    0.025951    0.031057
    4.858000   -0.003088    0.012419    0.023970
    5.883000    0.004543    0.028172    0.030389
    8.037000    0.032906    0.013562   -0.037083
    4.753000   -0.003984    0.010279    0.022460
    6.805000    0.017380    0.035267   -0.004056
    3.135000   -0.008388   -0.003939   -0.000857
    1.963000   -0.009094   -0.006485   -0.005811
    7.524000    0.025033    0.029927   -0.025494
    3.834000   -0.007066    0.000604    0.007348
    5.644000    0.001947    0.024002    0.032393
    6.194000    0.006696    0.030613    0.026904
    1.929000   -0.009098   -0.006497   -0.005822
    8.097000    0.034248    0.009798   -0.037092
    2.026000   -0.009079   -0.006426   -0.005679
    7.253000    0.021703    0.034116   -0.017008
    6.211000    0.006823    0.030707    0.026539
    5.662000    0.002164    0.024360    0.032270
    8.044000    0.033666    0.011375   -0.037126
    3.059000   -0.008493   -0.004308   -0.001556
    7.190000    0.021552    0.034361   -0.016780
    7.225000    0.021837    0.034124   -0.017580
    2.884000   -0.008667   -0.004929   -0.002742
    7.882000    0.032251    0.014878   -0.036843
    5.195000   -0.001067    0.017234    0.027812
    5.676000    0.003266    0.026111    0.031128
    8.636000    0.039436   -0.007636   -0.026285
    1.169000   -0.009174   -0.006781   -0.006405
    9.313000    0.045967   -0.037567    0.016906
    3.230000   -0.008329   -0.003730   -0.000468
    1.892000   -0.009108   -0.006535   -0.005903
    2.161000   -0.009041   -0.006287   -0.005406
    3.970000   -0.006654    0.001971    0.009689
    8.623000    0.040428   -0.011504   -0.023293
    6.948000    0.019637    0.035171   -0.011082
    4.436000   -0.004833    0.007786    0.019024
    3.331000   -0.008103   -0.002936    0.001017
    9.173000    0.045889   -0.037558    0.018238
    1.474000   -0.009147   -0.006675   -0.006174
    6.179000    0.005770    0.029511    0.028751
    7.038000    0.019495    0.035433   -0.010000
    7.955000    0.032701    0.013820   -0.036694
    7.065000    0.019674    0.035369   -0.010535
    0.071000   -0.009177   -0.006792   -0.006429
    4.845000   -0.003536    0.011550    0.024101
    9.421000    0.046993   -0.043254    0.028453
    7.395000    0.022884    0.032805   -0.020045
    3.056000   -0.008514   -0.004386   -0.001708
    3.668000   -0.007469   -0.000750    0.004984
    9.373000    0.047304   -0.045033    0.032266
    7.355000    0.023137    0.032854   -0.021187
    3.065000   -0.008446   -0.004140   -0.001230
    3.824000   -0.006643    0.002012    0.009753
    5.315000   -0.000962    0.017541    0.028167
    1.475000   -0.009146   -0.006670   -0.006166
    3.609000   -0.007583   -0.001140    0.004290
    0.016000   -0.009174   -0.006781   -0.006403
    5.378000   -0.000046    0.020093    0.031481
    3.982000   -0.006546    0.002334    0.010319
    2.526000   -0.008891   -0.005741   -0.004328
    6.717000    0.016082    0.035050   -0.000076
    9.029000    0.043793   -0.026257   -0.003900
    9.046000    0.043980   -0.027231   -0.002097
    7.885000    0.030915    0.018395   -0.035571
    4.178000   -0.005403    0.006080    0.016578
    8.910000    0.043016   -0.023107   -0.006922
    7.817000    0.031203    0.016986   -0.035008
    6.235000    0.006986    0.030843    0.026173
    8.080000    0.032905    0.013697   -0.037327
    8.309000    0.036461    0.003214   -0.035415
    5.063000   -0.002118    0.014901    0.026408
    7.888000    0.031564    0.016611   -0.035797
    9.202000    0.044969   -0.032254    0.006760
    6.737000    0.015864    0.035365    0.001035
    1.014000   -0.009177   -0.006790   -0.006422
    3.257000   -0.008305   -0.003646   -0.000315
    5.594000    0.001525    0.023239    0.032404
    4.247000   -0.005602    0.005374    0.015265
    4.217000   -0.005500    0.005734    0.015934
    4.851000   -0.003627    0.011096    0.022957
    1.701000   -0.009137   -0.006643   -0.006122
    9.647000    0.048772   -0.053301    0.049473
    0.414000   -0.009174   -0.006780   -0.006396
    2.577000   -0.008873   -0.005675   -0.004193
    2.629000   -0.008834   -0.005532   -0.003919
    2.794000   -0.008714   -0.005100   -0.003078
    8.584000    0.040115   -0.010262   -0.024608
    5.669000    0.003195    0.025981    0.031134
    8.524000    0.039700   -0.008641   -0.026317
    3.778000   -0.007235    0.000038    0.006367
    4.448000   -0.004738    0.008089    0.019509
    2.950000   -0.008599   -0.004686   -0.002276
    6.492000    0.011126    0.033469    0.015062
    0.707000   -0.009181   -0.006805   -0.006454
    8.788000    0.041860   -0.017501   -0.016242
    1.730000   -0.009122   -0.006585   -0.005995
    4.783000   -0.003548    0.011585    0.024332
    7.690000    0.029977    0.019630   -0.033527
    6.681000    0.015534    0.034886    0.001538
    9.114000    0.044454   -0.029627    0.002115
    9.263000    0.045977   -0.037729    0.017586
    9.959000    0.049559   -0.057861    0.059303
    2.683000   -0.008811   -0.005449   -0.003756
    3.142000   -0.008427   -0.004074   -0.001112
    7.944000    0.032866    0.013406   -0.037312
    2.889000   -0.008662   -0.004911   -0.002709
    7.842000    0.030066    0.020488   -0.034910
    9.273000    0.045580   -0.035459    0.012734
    8.953000    0.044302   -0.029942    0.006392
    8.778000    0.040404   -0.011693   -0.021404
    8.496000    0.039308   -0.007162   -0.027559
    4.675000   -0.004257    0.009447    0.021226
    8.922000    0.043248   -0.023639   -0.008081
    1.873000   -0.009104   -0.006519   -0.005865
    0.662000   -0.009181   -0.006808   -0.006459
    6.754000    0.016439    0.035080   -0.001213
    8.418000    0.037753   -0.001348   -0.032394
    2.540000   -0.008893   -0.005746   -0.004333
    9.178000    0.046274   -0.039667    0.022540
    9.351000    0.047293   -0.044996    0.032346
    9.375000    0.047179   -0.044379    0.031161
    7.150000    0.020894    0.034746   -0.014766
    9.357000    0.047290   -0.044978    0.032311
    1.320000   -0.009160   -0.006727   -0.006287
    4.150000   -0.005978    0.004176    0.013350
    0.001000   -0.009157   -0.006713   -0.006253
    4.166000   -0.006085    0.003793    0.012617
    5.507000    0.001009    0.022159    0.031912
    8.498000    0.039310   -0.007175   -0.027557
    7.708000    0.029472    0.020560   -0.032458
    3.290000   -0.008186   -0.003223    0.000487
    8.910000    0.043006   -0.022651   -0.009088
    4.300000   -0.004977    0.007429    0.018718
    7.256000    0.022478    0.033664   -0.019516
    9.324000    0.047003   -0.043442    0.029392
    9.444000    0.047311   -0.045036    0.032146
    6.551000    0.012215    0.033965    0.011881
    0.305000   -0.009180   -0.006803   -0.006450
    3.822000   -0.007095    0.000506    0.007177
    0.916000   -0.009179   -0.006797   -0.006435
    1.501000   -0.009143   -0.006660   -0.006148
    8.066000    0.032619    0.014475   -0.037282
    8.121000    0.034552    0.008941   -0.037491
    1.176000   -0.009162   -0.006734   -0.006299
    2.076000   -0.009071   -0.006397   -0.005631
    9.981000    0.049625   -0.058251    0.060183
    3.327000   -0.008207   -0.003307    0.000300
    3.141000   -0.008365   -0.003853   -0.000688
    1.697000   -0.009128   -0.006607   -0.006042
    0.510000   -0.009177   -0.006790   -0.006419
    6.287000    0.008082    0.031616    0.023426
    3.830000   -0.006984    0.000880    0.007819
    5.537000    0.001957    0.023596    0.030551
    8.295000    0.036110    0.004362   -0.035850
    1.435000   -0.009146   -0.006672   -0.006173
    6.862000    0.017557    0.035530   -0.004327
    8.635000    0.039271   -0.006967   -0.027110
    5.114000   -0.001565    0.016081    0.027019
    2.435000   -0.008950   -0.005954   -0.004743
    2.870000   -0.008658   -0.004897   -0.002681
    1.990000   -0.009100   -0.006504   -0.005834
    3.155000   -0.008353   -0.003813   -0.000615
    0.541000   -0.009173   -0.006773   -0.006380
    7.220000    0.020922    0.034546   -0.014125
    9.539000    0.048319   -0.050714    0.043968
    5.030000   -0.002304    0.014326    0.025680
    9.979000    0.049564   -0.057886    0.059357
    6.861000    0.017580    0.035499   -0.004547
    5.731000    0.002764    0.025398    0.032128
    5.790000    0.002890    0.025677    0.032322
    9.647000    0.048970   -0.054444    0.051894
    0.223000   -0.009172   -0.006772   -0.006381
    5.100000   -0.001702    0.016250    0.028744
    9.470000    0.047958   -0.048673    0.039717
    6.115000    0.005988    0.029974    0.028414
    5.678000    0.003284    0.026146    0.031113
    2.647000   -0.008812   -0.005454   -0.003766
    8.861000    0.042235   -0.019635   -0.011525
    9.808000    0.049370   -0.056758    0.056890
    5.298000   -0.000437    0.018646    0.028648
    6.041000    0.005513    0.029461    0.029258
    0.900000   -0.009175   -0.006784   -0.006407
    1.028000   -0.009158   -0.006718   -0.006264
    2.000000   -0.009089   -0.006462   -0.005753
    7.033000    0.019577    0.035361   -0.010321
    8.982000    0.043652   -0.025741   -0.004180
    5.861000    0.004445    0.028036    0.030513
    1.782000   -0.009117   -0.006567   -0.005960
    2.869000   -0.008693   -0.005024   -0.002930
    8.000000    0.032565    0.014381   -0.036846
    7.367000    0.022187    0.033437   -0.017848
    8.122000    0.034823    0.008139   -0.036978
    4.107000   -0.006279    0.003155    0.011543
    7.734000    0.028731    0.022665   -0.031863
    9.891000    0.049516   -0.057611    0.058762
    2.209000   -0.009034   -0.006260   -0.005349
    0.870000   -0.009179   -0.006800   -0.006442
    7.014000    0.020452    0.034967   -0.013596
    8.564000    0.039427   -0.007757   -0.025614
    3.949000   -0.006696    0.001837    0.009473
    6.642000    0.013813    0.034600    0.007111
    3.601000   -0.007684   -0.001498    0.003598
    9.640000    0.048765   -0.053262    0.049410
    4.600000   -0.004379    0.008882    0.019815
    8.609000    0.039097   -0.006292   -0.027794
    1.323000   -0.009150   -0.006685   -0.006197
    4.750000   -0.003968    0.010155    0.021806
    0.344000   -0.009179   -0.006800   -0.006441
    8.101000    0.033765    0.011247   -0.037184
    9.155000    0.045571   -0.035891    0.015128
    8.232000    0.035616    0.005882   -0.036390
    5.889000    0.004639    0.028323    0.030373
    2.870000   -0.008676   -0.004963   -0.002809
    0.312000   -0.009161   -0.006729   -0.006286
    5.294000   -0.000486    0.019139    0.030987
    7.980000    0.031850    0.016299   -0.036632
    0.970000   -0.009170   -0.006762   -0.006358
    0.595000   -0.009172   -0.006769   -0.006372
    7.710000    0.028370    0.022834   -0.030483
    8.846000    0.042093   -0.019541   -0.009546
    4.785000   -0.003876    0.010575    0.022811
    5.869000    0.004045    0.027362    0.031125
    9.081000    0.045400   -0.035283    0.015023
    5.900000    0.004699    0.028410    0.030311
    5.470000    0.001614    0.022972    0.030626
    0.605000   -0.009175   -0.006783   -0.006403
    2.715000   -0.008777   -0.005328   -0.003519
    6.214000    0.007289    0.030960    0.025364
    2.779000   -0.008741   -0.005196   -0.003263
    1.003000   -0.009177   -0.006792   -0.006428
    7.622000    0.026726    0.026784   -0.028718
    1.562000   -0.009136   -0.006636   -0.006098
    6.057000    0.005735    0.029687    0.028868
    1.351000   -0.009167   -0.006755   -0.006352
    1.744000   -0.009134   -0.006631   -0.006102
    1.313000   -0.009152   -0.006695   -0.006219
    7.888000    0.030418    0.019810   -0.035540
    6.075000    0.004785    0.028444    0.030572
    0.480000   -0.009181   -0.006806   -0.006454
    4.457000   -0.004758    0.008022    0.019394
    6.566000    0.012729    0.034139    0.010300
    0.907000   -0.009165   -0.006745   -0.006321
    4.015000   -0.006501    0.002476    0.010539
    2.528000   -0.008881   -0.005704   -0.004256
    8.311000    0.036480    0.002834   -0.034802
    5.296000   -0.000500    0.019090    0.030902
    1.228000   -0.009173   -0.006776   -0.006394
    9.109000    0.044760   -0.031376    0.005832
    4.354000   -0.004858    0.007759    0.019113
    0.837000   -0.009177   -0.006791   -0.006422
    1.886000   -0.009107   -0.006534   -0.005908
    0.464000   -0.009180   -0.006803   -0.006447
    5.040000   -0.002223    0.014571    0.025947
    5.514000    0.001784    0.023367    0.030982
    7.234000    0.021399    0.034354   -0.016068
    9.783000    0.049345   -0.056615    0.056580
    4.899000   -0.002820    0.013496    0.026350
    8.364000    0.036956    0.001564   -0.034522
    4.953000   -0.002818    0.013070    0.024583
    1.358000   -0.009167   -0.006755   -0.006352
    1.200000   -0.009161   -0.006731   -0.006293
    2.201000   -0.009025   -0.006231   -0.005295
    1.459000   -0.009162   -0.006737   -0.006316
    4.746000   -0.003677    0.010839    0.022204
    9.750000    0.049277   -0.056218    0.055717
    8.156000    0.034047    0.010526   -0.037231
    2.448000   -0.008944   -0.005932   -0.004703
    6.598000    0.013490    0.034349    0.007921
    8.638000    0.040676   -0.012503   -0.022290
    9.172000    0.046228   -0.039417    0.022037
    0.488000   -0.009177   -0.006790   -0.006419
    6.295000    0.007722    0.031386    0.024350
    9.790000    0.049297   -0.056332    0.055987
    8.649000    0.040808   -0.013050   -0.021722
    8.157000    0.033841    0.011140   -0.037330
    5.658000    0.002302    0.024550    0.032056
    6.665000    0.015229    0.034815    0.002511
    3.341000   -0.008060   -0.002783    0.001310
    5.941000    0.004960    0.028690    0.029922
    0.829000   -0.009180   -0.006803   -0.006450
    9.200000    0.046358   -0.040100    0.023347
    0.092000   -0.009158   -0.006717   -0.006262
    4.576000   -0.004068    0.010167    0.022676
    7.108000    0.021413    0.034529   -0.016506
    6.238000    0.007200    0.030809    0.025519
    0.100000   -0.009177   -0.006790   -0.006425
    5.054000   -0.002193    0.014705    0.026205
    4.396000   -0.005116    0.006883    0.017571
    7.771000    0.030822    0.017888   -0.034764
    6.378000    0.009122    0.032271    0.020528
