    3.281000   -2.241604    1.812134   -4.334393
    4.866000    2.303564    5.532702   -3.503434
    8.454000   -4.925607   -5.541631    2.078462
    8.838000   -7.082957   -2.976128   -2.202086
    5.772000    6.269166    2.909555   -2.798085
    3.364000   -2.271642    2.017572   -0.382256
    3.194000   -2.198894    1.507388   -4.285909
    9.172000   -8.307430   -0.299070    1.701210
    1.077000    1.316134   -0.121415   -3.844715
    8.006000   -1.493973   -6.866014   -0.225393
    3.242000   -2.295245    1.618218   -1.380585
    9.994000   -6.725298    7.285695    0.205918
    1.952000   -0.105261   -0.864039   -1.675778
    2.250000   -0.828773   -0.758168    0.096632
    1.552000    0.662828   -0.712046   -1.561719
    8.384000   -4.315084   -5.726413   -3.044504
    1.261000    0.988726   -0.538670    1.840724
    3.857000   -1.627460    3.792907   -4.254455
    7.641000    1.247381   -6.910155    3.581433
    0.347000    1.140493    0.655948   -2.031551
    5.040000    3.016847    5.130446    4.756980
    9.743000   -7.848762    5.175166   -2.518558
    4.481000    0.521019    5.352410   -4.077082
    6.516000    6.820702   -1.619534    1.625071
    7.834000   -0.004196   -6.861479   -4.850326
    9.495000   -8.462085    2.769718    0.418820
    5.224000    4.070439    4.984210   -2.976172
    8.076000   -2.006233   -6.697703   -3.470990
    6.349000    7.017588   -0.510422   -0.566750
    5.880000    6.545769    2.373063   -2.875294
    6.951000    5.633608   -4.207135   -1.666398
    5.951000    6.646545    1.862088    0.908997
    8.214000   -3.117720   -6.360528   -1.219098
    2.231000   -0.660282   -0.679882   -4.141776
    4.875000    2.228697    5.334776    3.830672
    3.217000   -2.317985    1.489459   -0.121261
    1.219000    1.122292   -0.294845   -3.154533
    7.356000    3.358248   -6.085562   -0.290149
    8.596000   -5.813768   -4.621438   -2.274928
    4.750000    1.633918    5.394951    1.346463
    5.984000    6.700368    1.670561    2.320755
    3.614000   -2.020819    3.014766   -3.827185
    2.002000   -0.270521   -0.925961    1.202744
    7.454000    2.836396   -6.285147   -4.425524
    4.204000   -0.653128    4.702770    0.204570
    0.173000    0.933133    0.697369    1.379010
    0.580000    1.239147    0.322103    1.959168
    1.350000    0.817640   -0.711416    4.225261
    2.890000   -2.071636    0.499588   -0.181567
    0.154000    0.932538    0.614084    3.256935
    7.837000   -0.297098   -7.111846    4.717478
    3.993000   -1.374464    4.142037    0.318153
    8.206000   -3.011896   -6.333054   -2.576699
    2.646000   -1.702044   -0.239994    3.613235
    4.242000   -0.591612    4.770746    1.783828
    6.688000    6.584324   -2.595698   -3.511453
    3.511000   -2.283889    2.503859    1.343695
    5.692000    5.877030    3.069562    4.899693
    8.732000   -6.660144   -3.780981    1.079539
    6.667000    6.632963   -2.549034   -1.652244
    1.771000    0.329177   -0.791177   -4.510298
    9.630000   -8.207659    4.065682    0.863814
    4.658000    1.353959    5.553864   -4.109890
    5.425000    4.842653    4.229785    2.764474
    1.255000    1.157001   -0.350075   -3.802177
    6.961000    5.632212   -4.283408   -2.117214
    4.286000   -0.426389    4.873045    1.820926
    8.847000   -7.115779   -2.786408   -4.192438
    3.313000   -2.382938    1.709902    2.570548
    4.690000    1.459360    5.571844   -4.045195
    1.708000    0.367834   -0.867625   -0.233116
    0.877000    1.230137   -0.009208    1.334446
    1.191000    1.174821   -0.331337   -2.343287
    7.055000    5.067214   -4.911808    3.512139
    1.118000    1.118376   -0.324387    1.840400
    5.502000    5.343402    4.131477   -3.612696
    3.670000   -2.148814    2.956416    3.280323
    8.700000   -6.415371   -3.986154   -1.276691
    6.584000    6.727277   -2.143586    3.182866
    8.697000   -6.380873   -3.957443   -1.156070
    6.487000    6.911818   -1.458707    1.858422
    1.777000    0.330169   -0.722164   -4.853916
    2.181000   -0.591690   -0.776662   -2.491054
    9.254000   -8.335139    0.702557   -4.978920
    9.584000   -8.377710    3.611627    1.024143
    5.751000    6.255128    3.091673   -3.864303
    2.229000   -0.701471   -0.711329   -1.772677
    3.179000   -2.274948    1.345393    0.455881
    2.610000   -1.574111   -0.193926    0.479906
    7.182000    4.376903   -5.556161    3.416609
    6.122000    7.006791    0.955686   -2.774382
    0.143000    0.995105    0.800904   -1.907976
    0.650000    1.391646    0.441612   -4.629587
    8.787000   -6.939325   -3.470341    3.012402
    6.152000    6.857989    0.603505    4.011077
    1.237000    1.002595   -0.529467    4.393949
    9.602000   -8.193572    3.923608   -4.939131
    3.430000   -2.153677    2.369181   -4.952235
    5.280000    4.246196    4.758518    0.833972
    5.311000    4.468750    4.708206   -0.540041
    4.828000    2.134455    5.531901   -2.431409
    0.122000    0.948868    0.729543    0.509408
    8.783000   -6.954202   -3.517751    3.256508
    1.764000    0.262814   -0.824955   -0.839378
    2.393000   -1.196748   -0.636531    1.299921
    6.792000    6.108066   -3.490882    4.806680
    5.957000    6.684581    1.882967   -1.420374
    6.024000    6.893659    1.534246   -2.531957
    2.100000   -0.486918   -0.877309    1.429076
    2.389000   -1.142844   -0.550339   -0.727800
    9.527000   -8.420511    3.130317   -1.076219
    7.893000   -0.527046   -6.849479   -3.831608
    7.925000   -0.892544   -6.958747    0.651699
    5.647000    5.688298    3.321683    3.633849
    5.798000    6.210008    2.611339    4.901591
    4.006000   -1.194968    4.280476   -4.841740
    2.172000   -0.689345   -0.872556    2.688563
    2.673000   -1.640930   -0.011028   -1.966014
    3.332000   -2.366871    1.824553    2.279985
    9.607000   -8.191029    4.014441   -4.573355
    2.495000   -1.278554   -0.364653   -2.501860
    9.439000   -8.511666    2.251549    0.413281
    3.813000   -1.815190    3.541281    0.944452
    8.778000   -6.834915   -3.433032    0.012358
    7.253000    4.057097   -5.755389    0.082530
    5.109000    3.494542    5.182173   -1.719744
    4.077000   -1.113745    4.377061    0.625725
    1.629000    0.440679   -0.841416    2.306306
    0.741000    1.313779    0.257155   -1.465666
    0.931000    1.272177   -0.053746    1.040803
    2.276000   -0.905482   -0.821613    2.562232
    0.191000    1.124895    0.859686   -4.013485
    7.345000    3.575024   -5.959159   -5.045342
    3.684000   -1.915386    3.206373   -3.619499
    4.538000    0.694714    5.296925   -0.409299
    1.421000    0.796131   -0.667520   -0.006663
    7.591000    1.680658   -6.780866    2.150993
    0.342000    1.082303    0.570912    1.824426
    3.364000   -2.404722    1.912285    2.625471
    7.320000    3.571825   -6.018913    0.990871
    6.152000    7.051611    0.827767   -4.579979
    8.994000   -7.835355   -1.818616    0.953401
    9.793000   -7.704301    5.548970    0.015653
    9.784000   -7.683707    5.522453   -1.732223
    7.365000    3.258006   -6.179693    1.815904
    8.121000   -2.476167   -6.773257    2.550064
    9.280000   -8.506665    0.707613    2.869529
    1.775000    0.276013   -0.814920   -1.995521
    1.134000    1.259478   -0.186470   -4.259829
    0.086000    0.812049    0.619090    4.354046
    1.557000    0.674322   -0.679473   -3.698486
    1.328000    0.915534   -0.605428    1.468698
    1.435000    0.746462   -0.704982    2.978805
    7.561000    1.908520   -6.684756    0.841619
    9.827000   -7.555026    5.889405    0.397342
    6.715000    6.388872   -2.981668    2.830548
    3.554000   -2.137005    2.756856   -3.561981
    8.079000   -2.111992   -6.764855    0.174789
    8.840000   -7.185681   -3.039827    1.297252
    4.669000    1.407246    5.514842   -4.141111
    9.003000   -7.711968   -1.546572   -4.519690
    5.671000    5.810781    3.241253    3.990219
    3.791000   -1.949513    3.376008    4.988606
    4.625000    1.214499    5.543464   -3.873980
    8.969000   -7.599803   -1.881170   -4.656273
    8.969000   -7.583743   -1.825117   -5.013419
    3.242000   -2.377413    1.517438    0.850432
    8.475000   -5.054490   -5.276938   -0.764430
    7.688000    0.885356   -6.999776    3.848687
    8.126000   -2.489248   -6.724236    3.156190
    1.008000    1.108353   -0.250219    4.388973
    8.725000   -6.605245   -3.902545    1.711834
    4.177000   -0.828855    4.592053    1.792028
    7.358000    3.341084   -6.197282    1.516727
    5.715000    6.120480    3.212387   -3.645591
    9.887000   -7.391608    6.298992    4.454772
    9.694000   -7.978270    4.792352   -4.333951
    8.202000   -2.989034   -6.325676   -4.243341
    8.793000   -6.973082   -3.447470    2.587203
    5.213000    3.835841    4.794952    4.849719
    2.576000   -1.468357   -0.259155   -1.379894
    2.917000   -2.185963    0.408021    4.141576
    4.657000    1.283657    5.433995   -1.653252
    9.330000   -8.447938    1.372417   -3.377389
    0.562000    1.149615    0.327211    3.319227
    1.299000    1.116389   -0.392760   -4.407355
    9.340000   -8.474456    1.396602   -1.422241
    1.307000    0.933418   -0.604407    2.927260
    7.260000    4.029728   -5.657672   -2.968485
    9.836000   -7.503159    6.046527   -2.023263
    0.887000    1.268214    0.022371   -0.880721
    3.040000   -2.108493    1.020758   -4.544146
    7.271000    3.871613   -5.870286    2.672004
    2.410000   -1.080823   -0.442812   -4.666845
    4.667000    1.199074    5.277203    4.672825
    9.358000   -8.543345    1.491407    0.237321
    9.420000   -8.435832    2.184384   -4.505517
    6.763000    6.249562   -3.275900    4.413865
    4.344000   -0.206189    4.983606    2.114780
    3.572000   -2.253240    2.602801    4.449696
    8.312000   -3.912467   -6.149208    1.783442
    1.813000    0.250685   -0.782442   -4.756747
    5.633000    5.761783    3.524465    0.512765
    9.302000   -8.392715    1.084825   -3.603799
    2.653000   -1.562364    0.002761   -4.538762
    2.362000   -1.017228   -0.562408   -2.769272
    9.687000   -7.983124    4.739483   -3.734891
    7.255000    3.958559   -5.757760    1.961016
    8.778000   -6.880602   -3.536780    2.017335
    9.584000   -8.281712    3.716570   -2.243811
    3.837000   -1.764816    3.559221    2.568768
    4.531000    0.600995    5.245307    2.734782
    5.644000    5.693992    3.399882    3.096617
    0.324000    1.094929    0.651134   -0.117443
    1.848000   -0.059220   -1.069992    4.706285
    5.167000    3.669240    5.018151    2.539904
    4.806000    1.948920    5.455949    1.012338
    2.093000   -0.371330   -0.744726   -4.766166
    4.403000    0.075135    5.150459    0.253419
    4.227000   -0.514261    4.863957   -3.544607
    5.954000    6.735951    2.020438   -3.447040
    0.285000    1.208370    0.751970   -4.310224
    6.875000    5.883437   -3.851086    1.677311
    9.813000   -7.670589    5.702101    0.812414
    3.434000   -2.354808    2.142406    3.620593
    5.048000    3.036742    5.104529    4.898661
    4.172000   -0.720250    4.741355   -3.856041
    4.959000    2.728727    5.426819   -0.976679
    4.730000    1.660748    5.558695   -3.115045
    1.106000    1.275970   -0.123136   -3.863260
    8.579000   -5.842326   -4.853626    3.911903
    2.997000   -2.059704    0.900566   -3.486789
    9.490000   -8.543226    2.662718    3.700192
    0.582000    1.148408    0.303094    4.204610
    7.105000    4.828294   -5.151896    3.198808
    3.500000   -2.232144    2.547730   -1.615589
    3.135000   -2.333312    1.178167    1.300928
    4.480000    0.562423    5.389072   -4.784527
    0.476000    1.309911    0.599271   -3.383181
    3.054000   -2.110362    1.096920   -4.878135
    2.322000   -1.036848   -0.780129    3.839444
    3.414000   -2.317800    2.153343    0.785035
    7.415000    3.096386   -6.154227   -5.026067
    9.309000   -8.596769    0.900291    4.213739
    8.786000   -6.953425   -3.493242    2.072220
    5.244000    4.158804    4.899760   -1.530422
    1.473000    0.791082   -0.672867    0.150139
    2.858000   -1.918384    0.521704   -4.333984
    3.976000   -1.450815    4.005627    3.152101
    3.564000   -2.159196    2.698927    0.843316
    0.724000    1.326239    0.248206   -1.080186
    7.943000   -1.080188   -7.026958    2.459339
    4.154000   -0.804827    4.628876   -2.012127
    0.336000    1.008574    0.525259    4.308235
    0.523000    1.340661    0.588222   -4.769168
    0.653000    1.287982    0.363184   -0.874280
    9.326000   -8.395159    1.298144   -3.425376
    7.494000    2.462960   -6.443195   -2.624858
    4.427000    0.282797    5.253397   -3.775219
    4.056000   -1.086215    4.483282   -4.778059
    4.581000    0.883978    5.389307   -1.527756
    8.178000   -2.771288   -6.384605   -4.527072
    8.066000   -2.093707   -6.907872    3.421043
    7.255000    4.000322   -5.791825    1.680910
    4.681000    1.383107    5.499522   -2.008863
    1.390000    0.989544   -0.467395   -3.760033
    1.097000    1.195124   -0.240147   -0.498344
    7.403000    3.000564   -6.404364    3.448120
    8.912000   -7.553140   -2.566962    3.706795
    5.388000    4.717286    4.410828    2.726164
    6.741000    6.375393   -3.033214   -0.402338
    0.866000    1.157670   -0.086476    4.123973
    0.463000    1.223491    0.543874   -1.067687
    0.410000    1.153946    0.469089    2.051964
    2.769000   -1.856636    0.153850    0.371233
    8.839000   -7.286649   -3.137599    4.716684
    3.433000   -2.296517    2.205867    1.434288
    0.766000    1.365197    0.224645   -2.187947
    3.712000   -1.951576    3.308406   -2.042207
    5.420000    4.900679    4.375210   -1.362800
    0.645000    1.362841    0.396432   -1.961212
    6.773000    6.332650   -3.166693   -1.485157
    7.264000    3.942224   -5.742469   -0.324065
    1.555000    0.687161   -0.732988   -1.227368
    3.491000   -2.233857    2.384993    0.706517
    0.934000    1.346778    0.037703   -1.895505
    8.895000   -7.497593   -2.677528    2.963727
    5.872000    6.393119    2.216578    3.747309
    1.144000    1.072350   -0.393059    1.848636
    8.669000   -6.285977   -4.204034    0.875629
    8.289000   -3.691878   -6.166183   -1.054337
    0.433000    1.177421    0.575683   -0.440716
    3.171000   -2.291670    1.347831   -0.283301
    9.329000   -8.528194    1.144606    2.318698
    7.925000   -0.882946   -7.046737    1.687629
    3.045000   -2.309764    0.834780    4.422920
    0.616000    1.206500    0.285646    1.653542
    4.719000    1.412088    5.357175    4.431203
    4.893000    2.408129    5.467292   -1.192113
    9.652000   -8.203424    4.231721    1.451344
    1.612000    0.578757   -0.715432   -2.099936
    0.754000    1.185684    0.073106    4.397041
    1.102000    1.174103   -0.228707   -0.004180
    9.864000   -7.459291    6.176169    1.735413
    0.550000    1.203269    0.406068    1.343199
    2.656000   -1.717161   -0.196732    2.061961
    3.469000   -2.250851    2.397253   -1.890782
    9.006000   -7.709034   -1.550283   -4.815796
    0.672000    1.295410    0.296956   -0.264560
    3.466000   -2.257174    2.349533   -0.783132
    7.249000    4.064195   -5.687489   -0.047202
    7.626000    1.602877   -6.685030   -4.716452
    1.501000    0.722824   -0.745980    1.037859
    8.862000   -7.341927   -2.992599    4.519902
    3.726000   -1.885241    3.354710   -2.729050
    7.309000    3.760996   -5.858510   -3.441327
    9.460000   -8.445157    2.546509   -2.999327
    3.850000   -1.710554    3.699913    0.005494
    0.829000    1.290692    0.028352    1.070301
    0.461000    1.222379    0.558345   -1.355854
    6.116000    6.807485    0.780306    4.765870
    7.405000    3.161109   -6.123318   -4.527119
    7.177000    4.444580   -5.441492    1.621925
    7.505000    2.410370   -6.508324   -1.390696
    1.418000    0.780498   -0.714051    2.301049
    1.650000    0.422544   -0.845171    1.062607
    3.073000   -2.338041    0.911157    3.098848
    9.367000   -8.584589    1.446829    3.523662
    6.935000    5.696856   -4.130000   -0.969363
    1.583000    0.676824   -0.682081   -2.968180
    0.126000    1.026115    0.802256   -1.947543
    3.814000   -1.858741    3.470768    4.189127
    6.722000    6.452149   -2.931816    0.914019
    2.521000   -1.316642   -0.282339   -3.276162
    4.141000   -0.813495    4.643803   -2.536973
    6.290000    7.123014   -0.093731   -2.067023
    9.039000   -7.839521   -1.227678   -4.544059
    4.979000    2.891782    5.382190   -2.431578
    3.224000   -2.228008    1.553861   -2.462117
    5.767000    6.150840    2.887761    0.699985
    1.064000    1.125257   -0.313811    4.031181
    8.248000   -3.301509   -6.161046   -5.182286
    3.174000   -2.258384    1.429071   -2.572074
    8.082000   -2.137947   -6.803710    2.681866
    5.626000    5.626841    3.428519    4.168554
    5.252000    4.131941    4.826972    1.993006
    2.895000   -2.143528    0.350922    3.614765
    9.271000   -8.442579    0.633642    0.967700
    1.025000    1.291682   -0.050211   -4.546687
    1.135000    1.171626   -0.251898   -1.243751
    9.946000   -6.955395    6.957747   -1.116768
    7.048000    5.074952   -4.870866    2.652138
    4.340000   -0.235433    4.898806    3.431343
    2.221000   -0.855812   -0.919698    4.398778
    1.815000    0.063896   -0.985257    3.527536
    5.689000    5.974368    3.226766    0.521731
    0.426000    1.233479    0.580685   -1.203596
    4.044000   -1.259193    4.217471    3.399445
    2.597000   -1.562494   -0.205473   -0.705964
    7.384000    3.134949   -6.262922    2.193224
    6.847000    5.995196   -3.675266    1.003553
    7.620000    1.481836   -6.870722    1.883221
    0.706000    1.281967    0.239779    0.486363
    7.950000   -1.154607   -7.031846    2.873741
    7.286000    3.780426   -5.877379    1.127629
    0.749000    1.407957    0.329484   -4.639945
    4.824000    2.057544    5.445241   -0.498870
    9.659000   -8.191346    4.346508    0.527210
    2.062000   -0.429776   -0.988123    2.460140
    6.773000    6.329848   -3.221028   -0.772856
    8.183000   -2.980191   -6.562273    2.594936
    7.061000    5.183304   -4.752673   -3.401216
    7.650000    1.258226   -6.843750   -0.384240
    7.032000    5.280559   -4.653556   -0.837846
    9.474000   -8.471412    2.622959   -0.925044
    4.006000   -1.240590    4.248972   -3.547388
    2.487000   -1.422851   -0.550989    4.369098
    7.521000    2.309384   -6.452684   -4.515629
    2.112000   -0.562997   -0.977046    3.382166
    1.571000    0.506456   -0.870707    2.773618
    0.708000    1.339818    0.339081   -2.752590
    7.353000    3.261730   -6.266070    4.639812
    4.478000    0.533741    5.370740   -3.808366
    4.913000    2.375377    5.274715    5.055664
    7.382000    3.260356   -6.071410   -3.856742
    3.449000   -2.188439    2.348924   -2.835886
    6.840000    6.102090   -3.616101   -0.581029
    6.049000    6.958043    1.409444   -3.400791
    8.668000   -6.151417   -4.080956   -3.554217
    6.998000    5.399980   -4.547231    1.169456
    9.743000   -7.896703    5.076973    1.412962
    0.895000    1.201487   -0.061954    2.755130
    2.557000   -1.504901   -0.287023   -0.112549
    7.759000    0.551745   -6.851190   -3.519024
    0.839000    1.212768   -0.050716    4.560169
    8.161000   -2.743414   -6.664163    1.933949
    6.830000    6.124178   -3.529333   -0.690407
    1.974000   -0.176577   -0.888095    0.022503
    8.561000   -5.542025   -4.734222   -3.420319
    7.494000    2.453124   -6.491143   -2.481881
    4.230000   -0.626976    4.706663    2.769540
    8.198000   -2.990280   -6.419200   -1.897502
    6.232000    6.957005    0.100378    4.487590
    7.355000    3.264612   -6.240113    3.731542
    6.189000    7.116227    0.542706   -3.418980
    7.749000    0.594279   -6.897401   -1.732877
    5.792000    6.179142    2.663115    3.814571
    7.446000    2.773228   -6.387815   -1.155116
    9.750000   -7.862521    5.151452    0.240336
    2.719000   -1.668696    0.172156   -4.636301
    5.334000    4.564912    4.692387   -2.427330
    1.930000   -0.194642   -1.062612    4.320548
    0.314000    1.182460    0.744820   -4.255282
    5.050000    3.244611    5.356450   -4.476831
    8.968000   -7.656568   -1.891411   -4.180931
    9.811000   -7.684081    5.686109    2.476602
    7.183000    4.408073   -5.474777    1.314874
    2.049000   -0.484509   -0.966997    3.827574
    4.506000    0.488817    5.185607    3.962791
    8.831000   -7.099422   -2.973244   -2.120217
    4.259000   -0.554977    4.788408    2.569253
    5.501000    5.285686    4.148161   -2.460328
    8.142000   -2.558458   -6.598084   -1.620000
    4.086000   -1.057030    4.401895   -0.183880
    6.216000    6.938736    0.237730    2.441572
    3.578000   -2.207634    2.665656    1.829894
    4.876000    2.279591    5.400525    0.533763
    8.309000   -3.788833   -6.054409   -1.937583
    9.165000   -8.350868   -0.436082    4.717579
    0.636000    1.339939    0.419354   -2.997231
    5.188000    3.889781    5.129416   -3.711983
    7.353000    3.335846   -6.219037    4.143969
    6.297000    6.952054   -0.270067    3.599213
    5.860000    6.490062    2.491439   -1.932019
    1.751000    0.217748   -0.946012    2.037331
    7.891000   -0.569084   -6.948434   -1.496139
    2.856000   -2.036178    0.403374    0.519811
    8.193000   -2.935915   -6.364044   -3.251269
    3.302000   -2.288709    1.762657    0.021086
    5.053000    3.097551    5.156007    4.166039
    6.508000    6.996565   -1.430228   -4.634472
    9.764000   -7.822520    5.346973   -0.380463
    1.063000    1.258668   -0.161097   -2.565257
    1.975000   -0.274828   -0.935435    1.781170
    4.858000    2.146523    5.401751    2.381873
    4.283000   -0.513261    4.737713    4.463382
    3.745000   -1.969735    3.206284    2.977043
    7.794000    0.238441   -6.879785   -2.571600
    0.769000    1.388452    0.270845   -2.651752
    3.662000   -2.090261    2.985511    2.854035
    0.125000    0.979866    0.768828   -1.272394
    5.121000    3.475703    5.057125    1.957452
    9.105000   -8.154451   -0.809498    0.895760
    7.705000    0.902814   -6.871777   -2.325357
    7.056000    5.032199   -4.876166    3.128596
    1.850000    0.049128   -0.951647    2.070982
    7.127000    4.741217   -5.191452   -0.202351
    5.633000    5.811149    3.599017   -3.403687
    5.840000    6.481938    2.609998   -4.180624
    7.319000    3.716683   -5.915216   -2.935472
    2.417000   -1.114267   -0.463406   -3.148282
    6.578000    6.755087   -2.061339    2.974273
    4.103000   -0.945897    4.578835   -4.558066
    5.583000    5.649530    3.856026   -3.985669
    3.258000   -2.407833    1.582528    2.741645
    4.652000    1.181278    5.421714    0.470324
    7.528000    2.170508   -6.704267    2.081765
    8.166000   -2.679390   -6.380917   -5.114234
    9.961000   -6.793374    7.184877   -4.139275
    3.665000   -2.068668    2.981949    1.363597
    7.347000    3.538028   -5.999870   -3.245568
    3.878000   -1.583906    3.814018   -1.085170
    2.201000   -0.829375   -0.930382    4.102784
    1.573000    0.568504   -0.857888    2.666418
    3.600000   -2.176487    2.729855    2.267978
    2.818000   -1.931082    0.295506   -0.923836
    2.239000   -0.811051   -0.768830    1.368984
    8.322000   -4.039157   -6.117536    2.661374
    5.711000    6.008451    3.099477    2.130641
    6.672000    6.542905   -2.648820    1.609699
    8.703000   -6.462234   -3.968147   -1.502557
    4.786000    1.906132    5.539080   -3.520083
    5.578000    5.625195    3.792002   -2.213845
    5.981000    6.696652    1.745447    0.206420
    8.784000   -6.928628   -3.480945    2.495440
    8.918000   -7.548746   -2.413681    0.465473
    1.521000    0.690801   -0.691521   -0.185265
    4.577000    0.928706    5.372707   -1.292976
    1.224000    0.956991   -0.538155    4.729583
    6.196000    7.079530    0.552159   -3.830312
    5.708000    5.990385    3.131428    1.196327
    5.142000    3.490380    4.999880    4.264467
    6.466000    7.008073   -1.202607   -2.861869
    4.473000    0.336549    5.199803    2.021587
    8.287000   -3.761404   -6.251494    2.463432
    7.918000   -0.814408   -6.988957   -0.015747
    5.129000    3.647172    5.224882   -3.580541
    3.139000   -2.206595    1.322970   -2.562660
    2.140000   -0.503224   -0.729813   -2.730125
    9.586000   -8.399164    3.530835    4.557198
    8.650000   -6.073740   -4.249699   -3.961284
    7.424000    2.808707   -6.455797    4.588992
    2.906000   -2.101244    0.519886    0.768751
    5.221000    4.018945    5.005171   -1.422162
    9.709000   -7.982424    4.861654   -2.225986
    3.376000   -2.377217    1.916750    3.100386
    3.777000   -1.932188    3.332324    3.313782
    3.101000   -2.198787    1.168770   -2.442317
    2.536000   -1.519417   -0.456314    3.681038
    4.120000   -0.862266    4.575775   -3.403058
    3.946000   -1.469920    3.930566    1.012216
    9.194000   -8.360763    0.016828   -0.047435
    2.351000   -1.051711   -0.680405    0.789200
    8.468000   -4.937373   -5.326662   -2.010883
    8.559000   -5.630435   -4.854995    0.228883
    3.415000   -2.394388    2.070116    3.703638
    9.185000   -8.359304   -0.164015    2.619323
    9.588000   -8.299301    3.629471    0.407508
    6.641000    6.742902   -2.345834   -2.887970
    1.729000    0.319521   -0.859611   -1.401876
    7.830000   -0.205600   -7.132977    4.602276
    5.213000    4.041547    5.067240   -4.229757
    6.197000    7.147856    0.564238   -4.466849
    0.654000    1.253385    0.222226    2.076398
    1.071000    1.282828   -0.144409   -3.227683
    1.387000    0.862756   -0.675812    1.546823
    0.357000    1.195569    0.654319   -0.767274
    0.227000    1.081027    0.703647   -0.542345
    1.810000    0.120191   -0.925784    1.297071
    1.408000    0.887693   -0.615197   -1.053568
    6.119000    7.049805    1.023664   -3.026441
    2.444000   -1.192766   -0.437734   -2.022055
    7.935000   -0.838088   -6.816979   -4.743061
    7.281000    3.944022   -5.766949   -2.847791
    0.372000    1.266881    0.718362   -3.647652
    8.248000   -3.338556   -6.262034   -1.597948
    4.261000   -0.383358    4.997728   -4.525849
    6.485000    6.934473   -1.441063    0.033503
    2.446000   -1.205229   -0.390902   -3.054863
    3.324000   -2.422306    1.783322    3.121878
    3.839000   -1.699596    3.662980   -0.436796
    6.953000    5.521348   -4.309997    2.806991
    2.778000   -1.749034    0.328569   -4.936242
    6.565000    6.777826   -1.954116    1.316962
    8.368000   -4.301557   -5.853291    0.258977
    1.870000    0.101546   -0.861873   -2.103255
    0.913000    1.195672   -0.121264    3.153049
    1.165000    1.062416   -0.456529    3.434682
    1.293000    1.033808   -0.474661   -1.271753
    8.593000   -5.916417   -4.783404    2.856715
    1.925000   -0.077224   -0.888200   -1.093456
    9.286000   -8.487727    0.754861    1.448173
    1.123000    1.140142   -0.299260    0.773222
    2.936000   -2.110506    0.624669   -0.067261
    4.764000    1.718770    5.387141    1.953046
    4.802000    2.009922    5.598328   -3.855826
    5.069000    3.192010    5.209249    1.932011
    7.408000    3.052522   -6.227390   -1.439902
    7.945000   -1.098685   -7.068200    4.263964
    1.152000    1.093794   -0.358773    0.505986
    8.335000   -3.989487   -5.872306   -2.951004
    1.613000    0.537572   -0.844181    1.165833
    1.703000    0.350652   -0.933797    1.970529
    4.482000    0.455504    5.338013   -2.018047
    8.709000   -6.353102   -3.825797   -4.913613
    4.911000    2.412999    5.323343    2.178179
    0.538000    1.219500    0.384355    0.884735
    0.632000    1.353847    0.459220   -4.862643
    2.764000   -1.954355    0.012471    4.183563
    5.008000    2.989342    5.360871   -2.562912
    6.880000    5.860735   -3.938800    2.542461
    1.986000   -0.252239   -0.911955    0.571306
    0.448000    1.274541    0.615556   -3.528954
    1.549000    0.503722   -0.861215    4.914366
    4.014000   -1.315290    4.105209    2.350911
    8.205000   -3.118905   -6.510740    2.040008
    8.735000   -6.691106   -3.836670    1.587982
    8.262000   -3.565712   -6.294304    1.203407
    2.338000   -0.950729   -0.597576   -2.896433
    3.086000   -2.202165    1.118682   -2.395951
    4.274000   -0.512129    4.754503    5.026624
    3.857000   -1.744543    3.696432    1.029082
    2.660000   -1.630507   -0.071850   -1.452683
    9.060000   -8.044497   -1.261012    0.982629
    7.136000    4.683413   -5.202884    0.544635
    5.741000    6.153076    3.032030   -0.910537
    8.946000   -7.732801   -2.242764    4.129953
    4.569000    0.860924    5.373481   -0.216116
    8.622000   -5.900928   -4.380034   -4.567807
    0.130000    1.038990    0.880930   -4.174835
    8.189000   -3.070946   -6.585771    4.173824
    2.076000   -0.410162   -0.830198   -2.307648
    5.070000    3.389809    5.325091   -4.568695
    7.943000   -0.946687   -6.837563   -3.590598
    6.818000    6.079741   -3.509501    1.740603
    9.966000   -6.840595    7.129679   -1.750594
    0.681000    1.232070    0.184198    3.282695
    7.660000    1.125492   -7.022572    4.535996
    0.589000    1.236130    0.357494    0.008965
    0.284000    1.075553    0.662216   -0.210775
    8.725000   -6.502902   -3.750057   -2.751911
    0.918000    1.381890    0.121013   -4.954858
    4.639000    1.263953    5.565010   -4.208255
    8.082000   -2.061138   -6.655367   -3.195113
    5.255000    4.175709    4.849607    0.741455
    9.162000   -8.183323   -0.198837   -4.095256
    3.012000   -2.173216    0.784214    0.421911
    2.435000   -1.129854   -0.419903   -4.413642
    0.098000    0.988270    0.868828   -3.591628
    0.101000    0.826598    0.613806    3.977395
    2.417000   -1.260815   -0.634623    2.697547
    7.946000   -1.121200   -7.019380    3.079008
    1.564000    0.620847   -0.742917    0.037755
    4.007000   -1.386068    4.030427    4.713486
    6.460000    6.992861   -1.162971   -1.898368
    3.498000   -2.231250    2.469096    0.770928
    3.823000   -1.664376    3.740740   -4.102265
    8.199000   -2.907562   -6.314514   -4.513452
    6.956000    5.675356   -4.222048   -2.749839
    6.708000    6.557108   -2.736228   -2.034718
    8.801000   -7.042391   -3.372466    2.784694
    1.499000    0.719572   -0.723531   -0.206750
    8.555000   -5.514201   -4.868239   -2.278747
    0.174000    1.044235    0.772888   -2.629494
    3.733000   -2.007069    3.197259    2.395828
    3.398000   -2.287862    2.087469    0.037526
    7.279000    3.857406   -5.817882   -0.084097
    2.526000   -1.312826   -0.235143   -4.859421
    3.245000   -2.344186    1.575196   -0.034839
    3.664000   -2.010042    3.044434   -1.090253
    5.791000    6.230562    2.730781    1.301975
    5.070000    3.165938    5.170046    3.414444
    7.061000    5.066175   -4.815395    0.155433
    7.684000    1.028747   -6.952075    0.761319
    5.141000    3.548175    5.035380    1.832069
    2.410000   -1.266337   -0.628044    2.478113
    3.078000   -2.237946    1.078778   -0.703596
    6.009000    6.737335    1.482008    2.244287
    8.693000   -6.297498   -3.892419   -4.709498
    8.114000   -2.299230   -6.629373   -3.014485
    7.136000    4.775582   -5.152821   -2.143440
    4.879000    2.222306    5.333259    3.917556
    0.911000    1.328359   -0.005793   -1.412122
    0.384000    1.029929    0.438926    4.805328
    8.557000   -5.664440   -5.015461    3.486685
    9.743000   -7.949356    5.037673    2.102200
    8.330000   -4.001165   -6.021874   -0.610479
    2.075000   -0.416365   -0.909186    1.100438
    0.083000    0.916981    0.761112    1.091127
    3.326000   -2.308945    1.884673   -1.355048
    1.722000    0.294106   -0.891635   -0.130424
    7.160000    4.653069   -5.198179   -5.009095
    9.875000   -7.391506    6.270924    0.937834
    5.189000    3.788271    4.872316    3.843842
    0.878000    1.198034   -0.013441    2.948232
    0.668000    1.345735    0.430982   -3.765005
    5.348000    4.687188    4.715558   -4.241716
    7.968000   -1.271056   -7.038633    4.636566
    2.607000   -1.654638   -0.248871    2.116131
    7.047000    5.223197   -4.754647   -1.718491
    8.345000   -4.079977   -5.943534   -1.101672
    9.904000   -7.154156    6.681273   -4.184511
    8.303000   -3.857713   -6.103160    1.172282
    4.186000   -0.843985    4.567093    3.672181
    2.823000   -1.924931    0.308285   -1.396780
    9.425000   -8.410236    2.206970   -3.658896
    7.104000    4.789065   -5.173832    4.407361
    1.703000    0.404511   -0.768175   -3.069270
    5.249000    4.179464    4.922692   -1.933064
    2.077000   -0.329987   -0.763237   -3.934413
    6.991000    5.540177   -4.378138   -4.266859
    1.839000    0.052197   -0.958453    2.372317
    2.713000   -1.810290   -0.057668    2.444100
    9.948000   -6.930958    7.014239   -2.914751
    1.666000    0.427092   -0.856220    1.090234
    2.916000   -2.067926    0.581922   -0.759640
    1.270000    0.976745   -0.484394    1.525382
    6.817000    6.119840   -3.468480   -0.075304
    8.348000   -4.062444   -5.900425   -2.467406
    3.320000   -2.238639    1.952855   -3.653871
    2.051000   -0.412114   -0.929778    1.204438
    6.476000    6.877290   -1.381177    2.255675
    7.733000    0.696362   -6.864241   -3.148363
    8.306000   -3.800792   -6.062028   -1.604381
    7.706000    0.958201   -6.834038   -4.061587
    9.090000   -8.031674   -0.844135   -3.856063
    0.661000    1.291937    0.339512   -0.018020
    4.007000   -1.312407    4.211909   -1.280428
    6.584000    6.691696   -2.197854    4.461791
    9.522000   -8.530110    2.899667    4.843824
    3.183000   -2.331531    1.368060    0.833519
    4.594000    0.977973    5.431178   -1.673625
    0.600000    1.306942    0.381455   -0.317436
    6.567000    6.725655   -2.081806    4.038205
    0.506000    1.218300    0.490575   -0.027428
    8.546000   -5.500138   -4.875335   -1.791764
    2.505000   -1.345191   -0.331188   -3.182734
    4.352000    0.016225    5.181450   -4.411043
    8.186000   -2.978899   -6.564992    1.933688
    9.862000   -7.420650    6.234669   -0.638120
    9.604000   -8.337182    3.792644    1.092875
    2.508000   -1.382115   -0.342898   -0.701978
    8.619000   -6.005673   -4.602977    2.178401
    5.222000    4.022444    4.904245   -0.042149
    2.326000   -1.004693   -0.722006    0.905301
    7.832000   -0.114483   -6.978703    0.195353
    1.329000    0.966593   -0.563762    0.156991
    3.350000   -2.321931    1.994650   -1.291838
    9.074000   -8.121997   -1.220103    4.144252
    3.946000   -1.454644    4.029811   -1.142814
    9.298000   -8.464277    0.986930   -0.779162
    7.980000   -1.284700   -6.864716   -2.744225
    1.534000    0.763715   -0.596944   -3.937810
    9.001000   -7.843554   -1.709881   -0.544519
    1.215000    0.968690   -0.515136    4.076411
    1.957000   -0.234600   -1.028664    3.814036
    7.216000    4.344064   -5.519005   -2.967270
    5.644000    5.671177    3.291265    5.051973
    3.433000   -2.224146    2.302348   -3.129091
    5.805000    6.393919    2.809974   -4.261780
    5.592000    5.482644    3.557203    3.945425
    4.939000    2.688481    5.484579   -2.215083
    7.864000   -0.294823   -6.906900   -3.599101
    8.102000   -2.355425   -6.838823    4.336009
    5.126000    3.439046    5.023186    5.084586
    4.298000   -0.340150    4.897274    1.208524
    6.020000    6.758641    1.382420    3.613434
    9.552000   -8.334733    3.375868   -1.445136
    3.795000   -1.833271    3.426463    1.164333
    0.353000    1.052373    0.456045    4.308453
    1.668000    0.384016   -0.916623    3.562735
    5.491000    5.326964    4.239416   -4.559742
    2.226000   -0.794524   -0.764201    0.475203
    6.972000    5.538753   -4.388778   -0.378636
    4.730000    1.552959    5.350433    3.242770
    4.405000    0.043767    5.099602    2.224416
    9.661000   -8.136453    4.302316    0.876477
    2.712000   -1.850930   -0.005040    2.111498
    8.922000   -7.632380   -2.502912    4.427303
    4.819000    1.972055    5.394466    0.999431
    6.788000    6.158766   -3.482752    4.834814
    0.980000    1.255494   -0.087009   -1.310734
    5.577000    5.676793    3.886888   -4.721050
    2.276000   -0.924677   -0.776804    0.917412
    7.007000    5.389971   -4.545729    0.247265
    4.375000   -0.054385    5.011300    2.487234
    7.522000    2.225254   -6.576641    0.118040
    5.957000    6.639174    1.760012    2.617526
    4.666000    1.312827    5.486617   -1.163331
    1.519000    0.744579   -0.641527   -3.127304
    5.324000    4.372710    4.584391    3.705296
    8.865000   -7.234242   -2.787475   -1.418107
    1.753000    0.269079   -0.884215    0.842657
    3.631000   -2.068470    2.969236   -0.270972
    7.152000    4.721865   -5.139938   -4.204988
    8.397000   -4.585009   -5.770304    2.426902
    1.044000    1.157059   -0.213826    2.144518
    8.646000   -6.220556   -4.440579    4.140314
    5.650000    5.734408    3.382482    2.409701
    8.556000   -5.644451   -4.935260    1.660223
    2.652000   -1.665372   -0.064779   -0.517576
    6.854000    5.942930   -3.848262    3.583512
    6.182000    7.051257    0.540843   -1.012234
    9.033000   -7.950019   -1.487601    0.871308
    2.996000   -2.177741    0.748640    0.812352
    8.009000   -1.582120   -6.938745    2.926050
    4.645000    1.069824    5.289454    3.817530
    6.711000    6.469337   -2.856943   -0.554749
    4.776000    1.799706    5.421240    1.678624
    3.628000   -2.136824    2.868842    1.581873
    0.165000    0.975343    0.707963    0.475967
    6.861000    6.057838   -3.709137   -2.462042
    5.303000    4.373665    4.705042   -0.128280
    0.747000    1.189065    0.097192    4.383277
    1.171000    1.173059   -0.296686   -1.531822
    6.994000    5.470044   -4.459418   -1.421731
    5.424000    4.810949    4.219572    3.728308
    4.519000    0.497218    5.168951    3.885428
    7.198000    4.257611   -5.607686    3.023733
    5.732000    6.060762    3.027230    1.741187
    2.712000   -1.837966   -0.096241    2.836538
    6.918000    5.749503   -4.059324   -0.749049
    5.875000    6.485200    2.296293    1.625649
    3.754000   -1.802517    3.453279   -3.693274
    6.507000    6.891077   -1.582798   -0.023498
    2.982000   -2.237978    0.581753    4.302263
    5.795000    6.150266    2.587709    4.336611
    1.274000    1.073292   -0.436371   -1.704508
    3.817000   -1.794233    3.536570    0.751652
    7.591000    1.754119   -6.706597   -1.443402
    4.763000    1.842178    5.543684   -2.680065
    2.387000   -1.059300   -0.559040   -2.126643
    5.840000    6.477128    2.581056   -3.709407
    1.256000    1.156416   -0.332794   -3.619721
    2.217000   -0.842474   -0.883035    4.832907
    8.931000   -7.694909   -2.417293    4.747918
    0.903000    1.399503    0.149623   -4.886952
    6.253000    7.051745    0.090735   -0.613910
    9.711000   -8.036937    4.823716    0.250325
    4.471000    0.375341    5.228959    0.187721
    7.402000    3.076656   -6.233908   -1.238458
    1.706000    0.444607   -0.743378   -3.794675
    8.310000   -3.962229   -6.237789    4.685533
    5.917000    6.496928    1.981678    4.904725
    6.247000    7.093617    0.231359   -2.828112
    6.154000    6.947366    0.605949    2.212278
    6.992000    5.387343   -4.578579    3.300821
    6.930000    5.675537   -4.211721    2.080030
    4.508000    0.556996    5.282543    0.875101
    8.176000   -2.881053   -6.571421    0.433133
    8.444000   -4.754329   -5.375102   -4.046095
    5.584000    5.532631    3.676422    0.802967
    6.977000    5.527544   -4.347254   -2.732146
    6.273000    7.069154    0.017143   -2.356236
    8.629000   -5.949675   -4.344840   -3.602661
    7.735000    0.750727   -6.838279   -3.668494
    1.219000    1.003822   -0.482020    2.689883
    3.998000   -1.359291    4.122121   -0.127834
    7.254000    4.126485   -5.638864   -2.913619
    1.966000   -0.225785   -0.993219    1.875408
    6.660000    6.630542   -2.481060   -1.671860
    3.475000   -2.150668    2.444382   -3.549223
    2.836000   -2.012179    0.309157    0.601465
    0.215000    0.962726    0.677969    2.390723
    7.865000   -0.285226   -6.867441   -5.153503
    4.508000    0.493056    5.263320    1.215188
    5.262000    4.144965    4.819185    1.205237
    1.624000    0.489299   -0.871522    1.850193
    4.545000    0.713178    5.276187    0.748825
    4.550000    0.739406    5.349505    0.674759
    7.774000    0.399980   -6.899876   -3.641577
    8.320000   -3.937471   -6.058783    1.189587
    8.377000   -4.326944   -5.693130   -2.685765
    9.446000   -8.452914    2.454495   -2.893430
    4.987000    2.789729    5.257015    3.561116
    0.083000    0.969053    0.880531   -4.337807
    7.231000    4.130642   -5.660903    0.310482
    6.724000    6.394488   -3.006656    1.683617
    9.010000   -7.873822   -1.646606    0.587433
    6.595000    6.765749   -2.106754   -1.030773
    3.537000   -2.246512    2.506405    2.851782
    4.382000    0.076691    5.206876   -3.985728
    8.241000   -3.272145   -6.229924   -2.444971
    9.831000   -7.613328    5.861333    2.376240
    7.585000    1.768203   -6.761269    0.321674
    1.860000    0.137395   -0.826066   -2.805277
    3.829000   -1.822796    3.483140    4.644061
    9.080000   -7.998772   -0.895041   -4.786625
    4.263000   -0.518096    4.786679    1.461698
    6.215000    6.996119    0.296831   -0.015742
    5.306000    4.380000    4.640533    2.218831
    9.772000   -7.849094    5.366897    1.039226
    5.995000    6.857983    1.799809   -4.433444
    9.590000   -8.326029    3.664285    0.064223
    5.314000    4.526379    4.820895   -3.602681
    2.448000   -1.264564   -0.472623   -1.425488
    6.029000    6.740122    1.330926    3.714505
    7.247000    4.076886   -5.735120    0.382023
    6.795000    6.179718   -3.358817    0.144174
    3.778000   -1.936661    3.316465    3.508056
    4.870000    2.261192    5.408161    1.224913
    6.776000    6.196572   -3.375957    4.420903
    0.491000    1.233621    0.497345   -0.567341
    2.831000   -1.913725    0.366741   -0.881008
    3.078000   -2.170347    1.159514   -3.983615
    8.825000   -7.213285   -3.227459    4.303980
    5.421000    4.957144    4.414185   -1.176390
    4.758000    1.812658    5.525507   -3.076228
    8.549000   -5.626390   -5.078888    4.545854
    7.363000    3.311393   -6.224262    2.316428
    6.923000    5.709529   -4.095791   -0.115893
    6.366000    7.087784   -0.562564   -2.030361
    7.133000    4.827012   -5.098236   -3.271660
    7.399000    3.139423   -6.188689   -1.354753
    5.542000    5.325502    3.740759    4.613259
    7.490000    2.491769   -6.459131   -1.589985
    7.682000    0.962617   -6.988121    3.410787
    1.111000    1.242880   -0.206675   -3.103792
    5.437000    5.051243    4.411961   -3.701270
    0.718000    1.387294    0.362081   -3.324498
    6.193000    6.989026    0.455373   -0.672718
    6.952000    5.481941   -4.391162    4.053237
    0.270000    1.124607    0.738340   -3.168842
    3.856000   -1.747533    3.645166    2.911810
    4.149000   -0.821766    4.619986   -1.623377
    5.794000    6.273336    2.752252   -0.307941
    9.438000   -8.461992    2.257528   -0.702636
    1.524000    0.673467   -0.751112   -0.384625
    9.962000   -6.908660    7.066299    0.411146
    6.553000    6.717515   -1.964513    4.832735
    3.278000   -2.410869    1.625841    2.474488
    7.056000    5.118927   -4.800182   -1.248504
    4.441000    0.185586    5.103771    1.944397
    1.682000    0.351042   -0.922142    2.332140
    9.508000   -8.337614    3.057239   -4.780039
    3.447000   -2.315527    2.256190    1.584452
    7.046000    5.215893   -4.748067   -1.785785
    3.285000   -2.404124    1.609923    3.668757
    2.284000   -0.821419   -0.634897   -2.403664
    1.421000    0.907140   -0.563877   -2.182426
    6.689000    6.623704   -2.622583   -2.880326
    3.864000   -1.673132    3.727838   -1.020683
    9.113000   -8.145334   -0.770309    0.625097
    7.201000    4.324899   -5.498287    0.403231
    8.823000   -7.039128   -3.012679   -3.238310
    4.558000    0.761127    5.343033   -0.719385
    7.823000   -0.183741   -7.114999    4.193075
    0.755000    1.338981    0.278485   -2.561823
    9.232000   -8.274974    0.451165   -4.427507
    7.300000    3.703181   -5.998463    2.986548
    1.082000    1.131983   -0.318384    3.373547
    6.020000    6.789499    1.516093    0.348003
    9.037000   -8.016625   -1.494982    3.331932
    1.753000    0.238387   -0.887762    1.425048
    3.341000   -2.213069    2.025320   -3.434827
    5.524000    5.349794    4.016851   -1.317674
    5.926000    6.695269    2.151313   -3.197781
    5.823000    6.307151    2.486781    4.148033
    9.180000   -8.373513   -0.230372    2.639862
    6.849000    5.930573   -3.779299    4.063711
    2.890000   -2.000797    0.566613   -3.125576
    6.913000    5.789585   -3.992946   -2.193491
    6.747000    6.459585   -2.968821   -4.366956
    2.987000   -2.094542    0.857486   -4.249484
    1.391000    0.807175   -0.654149    2.226069
    6.082000    6.886335    1.126281    0.151067
    5.842000    6.527168    2.609415   -3.676548
    0.500000    1.173106    0.454396    1.495270
    4.473000    0.528094    5.388854   -4.529311
    2.311000   -0.975583   -0.677171   -0.118245
    5.766000    6.170643    2.822166    1.143622
    0.344000    1.031142    0.559524    3.339200
    8.903000   -7.420722   -2.489254   -0.849111
    3.948000   -1.510592    3.940754    1.796013
    0.023000    0.792029    0.759972    1.711029
    3.002000   -2.146971    0.871903   -1.844662
    3.637000   -2.131615    2.834701    3.046992
    4.389000    0.034890    5.060519    2.126377
    2.846000   -1.934998    0.391415   -0.763571
    0.432000    1.212638    0.535846    0.682144
    4.892000    2.393888    5.489788   -1.574886
    5.023000    3.097875    5.408315   -2.842368
    4.691000    1.493440    5.503975   -2.685627
    7.172000    4.446548   -5.467097    2.994164
    1.029000    1.131786   -0.269257    3.942918
    0.759000    1.276194    0.204003   -0.476266
    8.030000   -1.664414   -6.831238   -1.043179
    4.704000    1.472272    5.471429   -0.192198
    7.787000    0.180838   -7.060046    1.791251
    6.501000    6.874573   -1.493555    0.094981
    0.547000    1.228771    0.397725    2.131747
    5.953000    6.792464    2.022830   -4.010724
    2.195000   -0.654130   -0.749436   -1.216848
    6.481000    7.005205   -1.343562   -1.522156
    6.177000    6.963738    0.512716    2.321679
    9.054000   -7.991745   -1.198518   -0.694870
    1.895000   -0.111890   -1.007914    3.973418
    0.550000    1.306592    0.470778   -1.182527
    8.113000   -2.384515   -6.667785   -0.088327
    1.426000    0.759120   -0.672266    2.317263
    5.037000    3.196826    5.392200   -4.392732
    5.823000    6.299399    2.523318    3.083764
    8.683000   -6.403440   -4.094699    0.812731
    9.120000   -8.096068   -0.588551   -3.509115
    6.282000    6.989329   -0.211438    4.092481
    3.836000   -1.685576    3.720239   -2.683992
    2.756000   -1.879574    0.121044    1.239995
    6.370000    7.092334   -0.641084   -1.754477
    4.828000    2.117429    5.539298   -2.965818
    5.294000    4.290882    4.683878    1.774448
    7.992000   -1.508765   -7.029494    3.964895
    9.982000   -6.843331    7.173239    2.045068
    9.391000   -8.511071    1.820802   -0.698706
    2.815000   -2.040402    0.157116    3.343956
    8.348000   -4.116713   -5.863706   -2.571235
    8.820000   -7.132079   -3.239881    2.941062
    5.365000    4.656685    4.584762   -0.762500
    4.705000    1.325132    5.326426    4.974910
    7.566000    1.914642   -6.648370   -1.413819
    9.874000   -7.373652    6.265464    1.761228
    6.040000    6.728315    1.263286    3.316709
    9.771000   -7.752397    5.381747   -1.035186
    0.772000    1.298554    0.172117   -1.042716
    7.171000    4.427197   -5.498416    3.935796
    5.198000    3.889402    4.964517    0.283194
    1.105000    1.219663   -0.210603   -1.568808
    8.686000   -6.401702   -4.157523    2.842122
    7.033000    5.336767   -4.571529   -3.363007
    0.723000    1.221125    0.182154    2.362860
    8.280000   -3.587950   -6.127994   -2.445383
    7.545000    2.180037   -6.548351   -4.461833
    9.351000   -8.562033    1.336184    4.221537
    5.269000    4.252576    4.779382   -0.008824
    5.734000    6.139395    3.125581   -3.156973
    0.890000    1.320990    0.091016   -2.564234
    3.502000   -2.384378    2.333272    4.970836
    9.009000   -7.813712   -1.619015   -0.037929
    6.085000    6.926922    1.194872   -1.513593
    1.741000    0.417760   -0.722457   -5.013170
    5.007000    2.898111    5.265877    2.303880
    7.991000   -1.479138   -6.979303    3.015004
    5.980000    6.722710    1.701204    0.153124
    3.154000   -2.410773    1.098090    4.863760
    9.316000   -8.558861    1.000388    4.006316
    8.731000   -6.508180   -3.633860   -4.210261
    9.311000   -8.511673    1.007199    2.198182
    8.246000   -3.390951   -6.302492   -1.099287
    0.516000    1.182983    0.363226    3.426196
    6.234000    7.090530    0.260524   -1.909526
    1.108000    1.200114   -0.218887   -2.851730
    2.726000   -1.869439    0.000081    1.721247
    8.426000   -4.694542   -5.569746   -0.496806
    5.017000    3.077354    5.412057   -3.082222
    3.783000   -1.771959    3.504158   -2.065444
    3.578000   -2.047694    2.875680   -4.198011
    4.054000   -1.098318    4.390465   -2.728849
    5.953000    6.711223    1.978813   -2.068343
    9.057000   -8.106279   -1.358732    3.332919
    3.057000   -2.245909    0.924018    1.875567
    4.031000   -1.180093    4.315067   -1.924663
    4.547000    0.720320    5.295049    0.890028
    2.653000   -1.784201   -0.233050    4.463556
    7.991000   -1.401385   -6.932225    1.544152
    3.066000   -2.247666    0.946651    1.570138
    2.147000   -0.671495   -0.937251    3.260151
    1.561000    0.591140   -0.826375    3.060397
    0.444000    1.121140    0.482228    1.823501
    9.966000   -6.908549    6.995850    1.891323
    3.576000   -2.124872    2.769417   -0.556039
    0.077000    0.859930    0.740189    1.866155
    7.823000   -0.094601   -7.078729    2.686272
    4.488000    0.512616    5.356234   -2.524967
    4.191000   -0.746681    4.661032    1.337950
    6.019000    6.859915    1.536120   -0.980106
    2.646000   -1.726008   -0.162696    2.118187
    5.072000    3.323769    5.251415   -1.346631
    6.122000    6.913328    0.863559    1.546441
    3.973000   -1.355053    4.090456   -1.411464
    6.277000    7.086149   -0.038901   -1.880227
    2.264000   -0.881596   -0.736516   -0.440299
    8.357000   -4.064440   -5.730062   -4.921735
    1.743000    0.320656   -0.807120   -3.229151
    6.239000    6.932447    0.022759    3.955493
    4.458000    0.287457    5.206874    0.760240
    7.062000    5.002206   -4.920435    2.409766
    1.100000    1.251658   -0.160759   -2.618481
    6.166000    6.944623    0.586916    1.452687
    8.541000   -5.539046   -5.054644    2.663589
    8.120000   -2.479432   -6.749789    2.174814
    6.030000    6.815508    1.388566    1.263415
    7.305000    3.694855   -5.966049    1.162647
    0.286000    1.147444    0.720862   -2.750475
    0.874000    1.247769   -0.030807    1.388747
    8.440000   -4.920242   -5.646647    3.707378
    3.791000   -1.824908    3.459553    1.003494
    5.296000    4.239713    4.592310    5.057419
    2.415000   -1.162989   -0.514004   -2.036758
    7.565000    1.970029   -6.584434   -3.135227
    9.541000   -8.410401    3.178553    2.338006
    3.238000   -2.414021    1.446476    4.227533
    3.122000   -2.349920    1.029609    4.812416
    2.198000   -0.704814   -0.749308   -0.647903
    9.150000   -8.207104   -0.395107   -1.990772
    9.955000   -6.956980    6.964226    0.518902
    4.856000    2.124941    5.291406    5.175349
    2.206000   -0.618836   -0.676730   -4.169817
    8.558000   -5.627195   -4.916366    1.292180
    7.486000    2.501293   -6.461886   -1.896892
    1.255000    1.050683   -0.488615   -0.071779
    2.129000   -0.413906   -0.717826   -4.574869
    9.388000   -8.503449    1.811693   -1.867632
    2.043000   -0.286011   -0.841192   -2.177235
    5.330000    4.448409    4.586806    2.720024
    4.762000    1.680392    5.370796    2.746631
    0.349000    1.082860    0.527368    3.900634
    6.888000    5.866674   -3.934930    1.617434
    0.575000    1.170424    0.257810    4.960352
    4.427000    0.123258    5.088517    2.399791
    4.647000    1.080404    5.308422    4.454038
    8.067000   -1.992403   -6.733768   -1.140486
    1.401000    0.996763   -0.475320   -4.489601
    4.686000    1.376913    5.429414    0.495094
    4.778000    1.824480    5.438041    0.027779
    2.418000   -1.254346   -0.606786    3.094853
    8.637000   -6.033206   -4.326290   -2.281542
    9.768000   -7.834188    5.359569    0.620578
    8.680000   -6.255571   -4.096690   -2.254273
    7.747000    0.432284   -7.081620    3.683892
    1.118000    1.141532   -0.358318    1.625706
    3.017000   -2.266411    0.753477    2.910258
    1.406000    0.958001   -0.527916   -4.198680
    0.933000    1.202473   -0.197075    4.375188
    3.479000   -2.189955    2.510128   -3.028522
    5.876000    6.524913    2.300488   -0.286621
    9.863000   -7.423717    6.183280    0.775239
    8.107000   -2.380882   -6.799713    3.641781
    5.569000    5.533203    3.840898   -1.384507
    5.468000    5.184486    4.328894   -3.987404
    1.073000    1.117427   -0.333680    3.630047
    6.509000    6.815163   -1.683869    4.091702
    4.839000    2.190326    5.469625   -2.019819
    2.462000   -1.329155   -0.551969    1.737240
    5.500000    5.161261    4.006233    3.451126
    2.057000   -0.454833   -0.957990    1.964417
    8.563000   -5.701006   -4.982268    3.872839
    5.668000    5.838007    3.253106    2.500602
    5.859000    6.460954    2.394676    1.434686
    2.931000   -2.116421    0.558207    1.867424
    1.410000    0.938820   -0.539111   -2.974907
    2.931000   -2.157474    0.460464    3.466350
    2.032000   -0.285228   -0.865026   -0.586693
    8.612000   -5.855333   -4.441764   -4.901634
    4.403000    0.043597    5.022056    4.435952
    4.572000    0.906914    5.432147   -1.837530
    4.264000   -0.428406    4.840719   -0.486860
    0.222000    0.998916    0.656513    1.415800
    8.723000   -6.523507   -3.724459   -2.925347
    1.915000   -0.047565   -0.881685   -1.378831
    1.442000    0.752713   -0.725492    1.464820
    3.142000   -2.181570    1.347500   -3.032490
    6.275000    7.085604    0.003897   -2.500416
    5.798000    6.281265    2.739984   -0.622589
    6.823000    6.121539   -3.479861   -1.583295
    8.751000   -6.615459   -3.517921   -4.185719
    9.741000   -7.903887    5.123312    0.456658
    1.385000    0.930618   -0.543265   -2.300430
    2.940000   -2.076145    0.686805   -2.738890
    0.396000    1.102574    0.522709    1.855852
    1.240000    1.079969   -0.330504   -2.324514
    6.177000    6.969575    0.522391    1.503853
    5.585000    5.510271    3.683395    2.273613
    8.768000   -6.928911   -3.604199    3.922274
    8.378000   -4.292166   -5.758270   -2.285169
    6.092000    6.863892    0.966443    3.468752
    6.030000    6.710013    1.339111    4.919812
    6.934000    5.699517   -4.204180    0.285855
    8.639000   -6.112655   -4.421786    1.400367
    3.925000   -1.521503    3.934823   -0.826686
    0.649000    1.201099    0.212964    2.682789
    3.470000   -2.337602    2.247980    4.519632
    2.681000   -1.643395    0.042328   -4.310549
    1.309000    0.897909   -0.650318    4.175491
    9.956000   -6.915795    7.080715   -1.678417
    8.522000   -5.346281   -5.049476   -0.549728
    0.276000    0.941501    0.556696    4.908472
    7.894000   -0.556314   -6.892377   -2.003611
    7.027000    5.387565   -4.514462   -4.994683
    1.054000    1.130470   -0.312311    3.652120
    2.503000   -1.312766   -0.290619   -4.167232
    3.886000   -1.616159    3.787700    0.785713
    5.925000    6.587861    2.007530    2.002656
    6.501000    6.940070   -1.489761    0.158979
    3.933000   -1.519289    3.910425    1.597016
    4.501000    0.501849    5.250842    1.092050
    8.516000   -5.409984   -5.230912    4.635151
    7.074000    5.102493   -4.827003   -3.338043
    3.800000   -1.849012    3.434034    3.037183
    5.172000    3.616212    4.882496    5.023365
    8.587000   -5.864289   -4.806379    4.178963
    0.443000    1.126623    0.485712    1.547735
    7.981000   -1.301405   -6.899168    0.225328
    9.035000   -7.999683   -1.499442    3.140039
    0.107000    0.884888    0.676374    2.104779
    0.167000    0.919024    0.667251    1.808250
    0.490000    1.163854    0.397098    2.549547
    7.277000    3.870226   -5.793294   -1.038457
    5.490000    5.162248    4.049352    1.498867
    3.619000   -2.087949    2.946881   -1.668885
    4.539000    0.773927    5.384020   -2.676107
    5.100000    3.534780    5.307697   -3.752686
    0.568000    1.293865    0.434047   -0.966068
    1.417000    0.869186   -0.583426   -0.742626
    9.916000   -7.017243    6.816677   -4.587731
    2.673000   -1.592873    0.031289   -4.286722
    7.729000    0.721192   -6.877866   -3.279595
    8.069000   -1.897777   -6.608216   -4.796583
    8.379000   -4.447859   -5.938410    3.909999
    6.815000    6.213231   -3.437985   -2.394956
    8.687000   -6.325394   -4.037003   -1.549331
    8.994000   -7.853100   -1.872798    2.948155
    1.198000    1.043050   -0.413318    1.067733
    3.249000   -2.304393    1.580101   -0.197611
    8.929000   -7.620238   -2.377933    1.750188
    4.441000    0.159879    5.110135    3.752454
    0.545000    1.227480    0.439854    0.879339
    1.205000    1.092911   -0.323958   -1.220484
    9.753000   -7.756738    5.333240   -4.561740
    4.311000   -0.237827    5.042020   -2.574405
    2.389000   -1.131691   -0.573649   -1.058218
    1.652000    0.383964   -0.969242    4.115676
    7.706000    0.950644   -6.775827   -5.012900
    4.486000    0.425327    5.283476    0.316838
    0.476000    1.087634    0.400966    5.031782
    3.007000   -2.093032    0.917930   -3.916289
    1.232000    1.123094   -0.411053   -1.000827
    7.911000   -0.750033   -6.953389   -1.007396
    8.466000   -4.958912   -5.388941   -1.028426
    7.884000   -0.506558   -6.939673   -0.724870
    2.059000   -0.395956   -0.874625   -0.690559
    4.158000   -0.711354    4.721407   -4.551673
    3.069000   -2.197352    1.055301   -2.261052
    9.314000   -8.400398    1.192029   -3.017460
    9.605000   -8.339940    3.804476    2.240661
    0.729000    1.334292    0.288483   -1.525831
    7.169000    4.518764   -5.427252    1.403655
    6.033000    6.794094    1.335002    2.226351
    5.433000    4.953145    4.296895    0.790788
    5.272000    4.367358    4.962007   -4.366206
    5.322000    4.510879    4.686351   -0.824120
    9.550000   -8.338820    3.343668   -1.963125
    6.420000    7.024424   -0.922961   -2.469543
    6.587000    6.809497   -2.002340   -1.311745
    6.171000    6.961143    0.608150    0.152538
    3.134000   -2.328349    1.121237    3.549365
    3.986000   -1.504770    3.974090    4.803558
    9.081000   -8.164258   -1.103909    4.039610
    2.465000   -1.423922   -0.587794    4.292874
    0.432000    1.186442    0.507860    1.570455
    9.619000   -8.292953    3.928142    1.392589
    4.689000    1.383000    5.448922    0.323515
    9.929000   -7.087470    6.791371   -1.116178
    5.329000    4.588058    4.806992   -4.382880
    2.702000   -1.724134    0.016325    0.145463
    9.084000   -8.098513   -1.030318    0.721348
    2.617000   -1.582686   -0.165458   -0.908054
    2.450000   -1.321152   -0.533831    1.929918
    9.563000   -8.453082    3.319183    3.578954
    3.044000   -2.197271    1.023987   -2.154900
    2.690000   -1.811624   -0.104952    2.125696
    4.475000    0.413690    5.311089   -1.278695
    6.741000    6.412347   -3.056477   -0.345839
    5.807000    6.340522    2.715914   -0.780498
    2.038000   -0.371801   -0.950695    1.391053
    8.259000   -3.347846   -6.115438   -4.749053
    4.599000    1.028647    5.470707   -4.065848
    5.163000    3.768939    5.083447   -1.101311
    4.196000   -0.756167    4.608938    3.111558
    6.093000    6.902909    1.027961    1.313475
    3.328000   -2.297677    1.900033   -2.308211
    3.588000   -2.184340    2.697190    1.698118
    2.036000   -0.384469   -0.877042    0.888508
    8.516000   -5.309951   -5.148446    0.740128
    2.981000   -2.152131    0.689191    1.187305
    2.401000   -1.167765   -0.577724    1.019139
    1.619000    0.622080   -0.661813   -4.068394
    0.987000    1.345583   -0.030958   -3.361824
    0.361000    1.032839    0.461074    4.472151
    1.707000    0.228260   -0.985544    4.420313
    7.243000    4.138307   -5.589496   -3.712609
    1.304000    1.007460   -0.451842   -1.665217
    2.451000   -1.209605   -0.452111   -1.647895
    2.734000   -1.802840    0.062358    1.126066
    5.865000    6.359166    2.266661    3.947219
    8.647000   -6.093084   -4.297109   -2.473250
    6.153000    6.945528    0.659957    1.254361
    3.019000   -2.223614    0.840640   -0.047685
    8.567000   -5.572128   -4.749421   -2.577144
    3.441000   -2.182184    2.356790   -3.729721
    9.339000   -8.398783    1.447670   -4.500444
    6.448000    6.990502   -1.224770    0.486731
    3.290000   -2.433230    1.637415    4.108305
    8.261000   -3.590654   -6.394025    4.123633
    8.266000   -3.645260   -6.407060    4.722998
    4.685000    1.461301    5.541618   -2.795409
    1.653000    0.432111   -0.830718   -0.686976
    4.685000    1.444597    5.521257   -3.754453
    0.156000    0.980186    0.719865   -0.315973
    2.273000   -0.914203   -0.790562    1.574657
    4.301000   -0.385216    4.760567    4.769435
    6.001000    6.807532    1.637135   -0.299837
    9.576000   -8.319670    3.612420   -0.837991
    0.056000    0.844183    0.674527    2.950263
    1.483000    0.662886   -0.793554    4.220130
    7.038000    5.248508   -4.717378   -0.790009
    6.359000    7.045155   -0.616645   -0.219840
    6.488000    6.882962   -1.444084    0.534540
    1.025000    1.190526   -0.147019    0.577940
    4.043000   -1.312067    4.184400    3.950224
    5.287000    4.420427    4.845776   -3.696040
    3.242000   -2.383574    1.480069    3.458043
    5.948000    6.777537    2.000941   -3.855582
    7.146000    4.554464   -5.392039    3.589482
    0.222000    0.999522    0.646927    2.785295
    4.283000   -0.328649    4.982997   -2.943910
    1.530000    0.543286   -0.878712    4.491898
    8.395000   -4.478142   -5.770199    0.678656
    2.245000   -0.861901   -0.805491    2.608490
    7.776000    0.378970   -6.869385   -2.898794
    1.032000    1.310254   -0.044035   -3.351393
    1.413000    0.786264   -0.756230    3.404437
    8.482000   -4.995047   -5.183846   -4.451536
    3.594000   -2.160960    2.752876    1.993775
    9.303000   -8.459749    1.026014   -1.878025
    1.867000    0.028254   -0.895782   -0.434179
    5.248000    4.070859    4.778944    3.018150
    2.063000   -0.399835   -0.863862   -0.787981
    2.181000   -0.687615   -0.863911    1.666307
    9.845000   -7.525896    6.004305    2.060714
    5.303000    4.454438    4.819448   -2.974073
    9.342000   -8.439155    1.420254   -2.925698
    2.721000   -1.745044    0.069237   -0.878998
    5.871000    6.543761    2.452895   -3.075166
    7.355000    3.309316   -6.181347    2.028249
    1.796000    0.218054   -0.847421   -1.259940
    5.730000    6.125408    3.038191   -0.394695
    0.654000    1.244634    0.274659    0.933768
    5.340000    4.569156    4.598455   -0.332970
    5.467000    5.110759    4.151191    0.923566
    3.287000   -2.220842    1.815716   -4.694802
    7.536000    2.192366   -6.621209   -2.052735
    2.367000   -1.191635   -0.719869    3.785902
    7.133000    4.654338   -5.321727    4.427507
    1.279000    0.985164   -0.520854    0.379700
    4.483000    0.350608    5.134258    4.722179
    1.410000    0.741652   -0.737693    3.519498
    7.314000    3.775030   -5.875735   -4.612709
    3.265000   -2.262557    1.721147   -2.233295
    8.353000   -4.181444   -5.946146    1.643543
    8.674000   -6.325651   -4.185663    0.600945
    3.217000   -2.208539    1.632855   -4.885434
    7.421000    2.929995   -6.365549    1.809107
    2.429000   -1.299709   -0.596270    2.215497
    6.271000    7.121625    0.075538   -4.150834
    1.118000    1.234411   -0.190583   -3.633598
    9.494000   -8.534635    2.742669    2.208483
    8.726000   -6.522306   -3.748377   -1.491858
    2.785000   -1.974158    0.106367    3.219980
    3.349000   -2.416247    1.831052    3.017408
    3.792000   -1.949756    3.407839    4.174127
    8.246000   -3.409661   -6.348541    1.962822
    2.491000   -1.210392   -0.299736   -4.957175
    9.293000   -8.454940    0.870828    0.140885
    2.708000   -1.833831   -0.093073    4.151914
    3.152000   -2.274337    1.269017   -1.111771
    6.469000    6.885533   -1.409382    2.585860
    4.680000    1.298307    5.376291    1.694542
    8.458000   -4.874704   -5.383035   -1.135958
    5.299000    4.258412    4.601055    4.512058
    7.171000    4.623600   -5.271390   -4.575270
    7.380000    3.262579   -6.170940   -1.091021
    4.279000   -0.276167    4.999676   -4.613228
    1.025000    1.272896   -0.084955   -3.255044
    8.038000   -1.727655   -6.755668   -2.907128
    3.755000   -1.961655    3.287914    1.681265
    2.105000   -0.430194   -0.783615   -2.626733
    8.066000   -2.042929   -6.842443    2.472352
    0.513000    1.311884    0.603934   -4.797276
    1.411000    0.775463   -0.693387    1.835960
    0.871000    1.297617    0.038489    0.258273
    1.335000    0.953179   -0.560532    1.444260
    6.595000    6.801921   -2.065729   -1.374111
    5.384000    4.625346    4.313578    4.770529
    6.638000    6.533963   -2.552213    4.699856
    3.022000   -2.076948    1.010993   -4.647792
    1.736000    0.230737   -0.970284    4.566128
    2.524000   -1.427910   -0.378559   -0.281358
    3.497000   -2.136321    2.578308   -4.021612
    3.949000   -1.404675    4.041762   -1.080345
    0.854000    1.250317   -0.003421    1.434392
    7.429000    2.804208   -6.439424    2.595556
    9.648000   -8.128082    4.344772   -3.421319
    4.712000    1.391256    5.306007    5.096954
    8.441000   -4.761981   -5.444152   -2.194544
    4.016000   -1.342216    4.180705    1.343206
    7.001000    5.371762   -4.575276    0.345843
    1.658000    0.404521   -0.893177    1.313907
    6.161000    6.920053    0.533531    4.339659
    0.800000    1.180271    0.024372    4.833547
    2.689000   -1.711877   -0.036996   -0.853829
    7.102000    4.943401   -4.973648   -2.358939
    4.888000    2.480638    5.540624   -4.589596
    7.633000    1.471112   -6.812311   -1.611826
    7.319000    3.688348   -5.901428   -3.674068
    0.326000    1.239404    0.763695   -3.738909
    8.933000   -7.580549   -2.276066   -0.923187
    4.788000    1.860440    5.399631    0.875409
    3.077000   -2.171772    1.073338   -1.534649
    1.778000    0.112464   -1.037622    4.802418
    4.417000    0.163432    5.183192   -0.278278
    1.069000    1.194220   -0.256238    2.125563
    5.849000    6.372051    2.425529    1.638159
    3.478000   -2.225424    2.463158   -2.144033
    7.145000    4.655523   -5.296875    1.537534
    0.972000    1.170910   -0.187651    3.289080
    1.622000    0.451379   -0.915647    3.108222
    1.683000    0.425232   -0.775793   -1.997487
    1.032000    1.281467   -0.061298   -3.024960
    5.225000    3.906065    4.814916    4.946735
    4.878000    2.300961    5.366340    0.970123
    9.428000   -8.491622    2.141396    0.367046
    0.081000    0.826327    0.636294    3.969964
    4.085000   -1.020334    4.396651   -0.842084
    8.467000   -4.986187   -5.374773   -1.174170
    3.877000   -1.625076    3.735360    0.421867
    8.474000   -5.060085   -5.371279    1.838291
    7.668000    1.178461   -6.876950   -0.679901
    4.073000   -1.054183    4.495533   -4.033604
    2.571000   -1.432193   -0.146660   -4.774879
    5.512000    5.417307    4.145960   -4.423842
    4.749000    1.588266    5.359977    2.843620
    9.502000   -8.439442    2.874073    0.368835
    2.353000   -1.049303   -0.617610   -1.399502
    6.307000    7.135523   -0.121449   -4.196942
    9.268000   -8.350006    0.774964   -3.858521
    3.263000   -2.316965    1.683079   -1.653712
    3.580000   -2.211324    2.729454    1.068549
    2.081000   -0.581971   -1.031030    4.667266
    0.424000    1.156612    0.519238    1.520119
    0.651000    1.338179    0.376001   -0.950102
    1.408000    0.750753   -0.740164    4.554928
    3.059000   -2.125817    1.046417   -3.975731
    7.532000    2.257933   -6.525559   -3.405615
    1.858000   -0.062182   -1.059913    4.578901
    5.174000    3.806680    5.128655   -2.884678
    4.345000   -0.209931    4.915768    4.548403
    8.170000   -2.913309   -6.634213    3.915549
    4.481000    0.488931    5.294898   -2.768538
    4.579000    0.905345    5.427633   -2.176543
    7.484000    2.435517   -6.577858    1.991434
    9.797000   -7.644701    5.664370   -0.508263
    6.121000    6.896450    0.862562    0.669556
    0.278000    1.120121    0.720565   -1.803087
    5.103000    3.364135    5.067326    4.285731
    6.111000    6.945505    0.999466   -0.478741
    1.506000    0.741024   -0.638198   -3.030298
    9.771000   -7.873430    5.298212    3.194215
    7.135000    4.727906   -5.188927   -0.405509
    5.578000    5.564199    3.794824   -2.292842
    7.963000   -1.197527   -6.956641    1.964113
    9.248000   -8.473050    0.406941    1.756351
    5.155000    3.800382    5.226036   -4.534375
    5.730000    6.174591    3.207238   -4.571007
    8.032000   -1.676993   -6.796954   -2.578516
    4.326000   -0.266671    4.882271    2.979652
    5.553000    5.436376    3.871183   -0.529494
    2.775000   -1.875939    0.146773    0.139773
    9.650000   -8.243324    4.213009    2.427571
    0.893000    1.250412   -0.042959    2.589179
    4.728000    1.586450    5.473274   -0.684548
    6.329000    7.057726   -0.419640    0.782338
    5.203000    3.857808    4.945439    1.396759
    1.387000    0.903597   -0.598420   -0.889521
    0.780000    1.192026   -0.000229    4.826225
    9.446000   -8.555989    2.227250    3.246617
    7.453000    2.792916   -6.333711   -3.593745
    3.296000   -2.282137    1.836298   -2.124580
    5.083000    3.404401    5.375365   -4.662550
    6.279000    7.059306   -0.101071    1.206599
    9.755000   -7.807130    5.312688   -3.515602
    1.231000    0.934280   -0.555792    4.403172
    3.544000   -2.147735    2.671792   -2.190910
    8.339000   -4.095194   -5.983898   -0.008981
    4.609000    1.091860    5.491388   -4.475780
    2.550000   -1.477599   -0.305015   -1.078144
    4.545000    0.701688    5.238755    2.083474
    6.113000    7.037830    1.073594   -4.003867
    1.655000    0.455458   -0.817426   -1.507685
    2.484000   -1.338493   -0.451531   -0.185037
    1.404000    0.917432   -0.558601   -2.084206
    5.834000    6.383401    2.566626    0.286320
    8.650000   -6.030114   -4.160585   -4.943810
    7.489000    2.524396   -6.463211   -3.025871
    8.318000   -3.874197   -5.990480   -2.307025
    7.395000    2.999681   -6.347740    4.445014
    5.944000    6.538951    1.823713    4.408441
    7.782000    0.343040   -6.865841   -3.988272
    1.507000    0.656589   -0.832838    3.147991
    4.733000    1.551604    5.369718    3.579088
    3.328000   -2.416188    1.762030    3.859030
    8.610000   -5.889167   -4.494764   -1.677254
    5.702000    5.996524    3.213711   -0.061877
    5.626000    5.722867    3.525051    1.312522
    6.403000    7.039087   -0.846622   -1.580294
    1.134000    1.181878   -0.271307   -0.110240
    8.952000   -7.728279   -2.217480    3.679436
    1.425000    0.882615   -0.534447   -2.636964
    5.889000    6.639863    2.369311   -4.133848
    6.038000    6.841224    1.413392   -0.271802
    1.297000    0.984211   -0.490613    0.300880
    5.197000    3.947442    5.116082   -4.398665
    7.002000    5.328893   -4.576248    1.100924
    5.863000    6.428879    2.304453    2.009568
    4.890000    2.370697    5.444078   -1.644007
    8.889000   -7.479431   -2.709668    3.685508
    0.388000    1.181874    0.553455    0.554204
    4.921000    2.448791    5.302008    4.143883
    1.739000    0.179080   -0.992711    4.383192
    5.674000    5.849285    3.257550    1.850711
    0.982000    1.351240    0.033286   -3.803750
    5.534000    5.364783    3.947045    0.331994
    1.402000    0.829025   -0.626026    0.734614
    2.898000   -1.951673    0.585168   -4.308115
    7.144000    4.726614   -5.223665   -1.783425
    3.398000   -2.338027    2.054617    0.641083
    4.145000   -0.915398    4.442823    2.815165
    9.091000   -8.151506   -1.028004    2.367689
    9.076000   -8.009476   -0.968779   -3.664697
    6.725000    6.319994   -3.053938    4.984522
    2.610000   -1.650419   -0.237153    2.310376
    8.305000   -3.892312   -6.185031    2.094575
    4.637000    1.157909    5.390572    0.272767
    0.330000    1.128122    0.695571   -1.860046
    4.018000   -1.232940    4.223748   -0.840004
    9.359000   -8.445545    1.618407   -3.234041
    0.199000    0.968021    0.643614    1.408307
    6.177000    6.988217    0.496849    1.024023
    4.331000   -0.135801    5.029025   -1.623202
    2.668000   -1.742416   -0.142897    2.899770
    3.692000   -2.044466    3.116612   -0.113831
    7.522000    2.314650   -6.460149   -4.117187
    9.023000   -7.844513   -1.458264   -2.808159
    2.757000   -1.912048    0.000961    3.123725
    6.503000    6.802624   -1.657077    4.889598
    7.595000    1.665283   -6.821729    2.803860
    9.476000   -8.526276    2.534560    3.204863
    5.112000    3.389558    5.034707    4.601657
    4.067000   -1.144202    4.408490   -0.645888
    1.096000    1.199281   -0.198772   -1.464834
    3.190000   -2.306042    1.348583    0.780775
    3.022000   -2.256281    0.826421    1.959283
    5.377000    4.670999    4.496388    0.755769
    3.240000   -2.241815    1.666105   -4.895289
    7.792000    0.261409   -6.884010   -2.601106
    7.156000    4.499447   -5.443511    4.808005
    2.538000   -1.380217   -0.284690   -3.323212
    9.258000   -8.468573    0.561446    0.404563
    7.747000    0.490612   -7.064637    3.057984
    3.107000   -2.251262    1.129220   -0.995094
    7.779000    0.205340   -7.100274    4.321398
    4.545000    0.762573    5.381179   -2.576628
    7.805000    0.145652   -6.907256   -3.777491
    0.210000    1.024512    0.755620   -1.077545
    9.809000   -7.616137    5.697897   -0.414167
    7.866000   -0.366367   -6.967662   -1.103633
    7.263000    4.110913   -5.619188   -4.678910
    8.087000   -2.078585   -6.610894   -3.906106
    9.777000   -7.678920    5.557563   -3.812214
    9.999000   -6.644889    7.393399   -1.099990
    5.323000    4.547466    4.744971   -3.683575
    2.027000   -0.308451   -0.881816   -0.949819
    0.689000    1.337217    0.355681   -2.780851
    0.914000    1.329432    0.029409   -2.347526
    7.341000    3.499279   -6.039728   -1.101725
    1.715000    0.371244   -0.862044    0.152389
    6.759000    6.218649   -3.293861    4.146120
    9.862000   -7.447754    6.110652    2.456953
    2.531000   -1.391495   -0.354168   -1.180789
    4.826000    1.972607    5.373914    2.205064
    6.242000    7.033772    0.129415    0.739363
    2.944000   -2.018865    0.712755   -2.488977
    0.195000    0.888807    0.586426    4.166797
    4.124000   -0.999456    4.405015    3.310761
    3.712000   -2.058844    3.117501    2.681865
    5.252000    4.243706    4.957645   -3.999015
    2.996000   -2.211232    0.650771    3.289140
    5.486000    5.212716    4.195432   -1.679802
    1.510000    0.691229   -0.743975    1.863040
    2.933000   -2.099271    0.603854    0.724440
    2.148000   -0.633438   -0.923055    2.399520
    2.050000   -0.486558   -1.011404    3.814240
    4.233000   -0.534286    4.836952   -1.963707
    7.848000   -0.330095   -7.128556    4.329786
    3.861000   -1.599746    3.869076   -4.878980
    1.683000    0.465347   -0.758086   -4.173291
    9.253000   -8.489962    0.485352    2.335156
    9.028000   -7.981163   -1.591833    3.848088
    5.081000    3.303462    5.157321    1.621270
    4.239000   -0.575519    4.783183    1.544863
    9.716000   -8.009823    4.880606   -0.268877
    7.124000    4.775204   -5.180040   -0.132182
    4.263000   -0.543379    4.694445    4.230449
    7.388000    3.195993   -6.151176   -1.751321
    8.716000   -6.566550   -3.931908    1.665160
    9.275000   -8.482357    0.686000    1.372944
    6.254000    6.949819   -0.025937    2.487550
    1.911000   -0.154133   -1.028499    4.949716
    0.491000    1.225449    0.497947    0.823347
    2.845000   -2.032662    0.235698    2.884111
    1.410000    0.887149   -0.638206   -0.960207
    4.958000    2.664174    5.369919    1.091767
    4.482000    0.438408    5.288062   -0.480724
    4.593000    0.942351    5.339513    1.022671
    3.332000   -2.290118    1.872696   -0.038810
    0.425000    1.181912    0.548491   -0.333822
    3.153000   -2.328291    1.193982    2.430204
    7.923000   -0.970880   -7.126921    4.650039
    1.873000   -0.045152   -0.964851    1.149218
    4.114000   -1.077843    4.385710    2.920237
    6.799000    6.199873   -3.395034   -0.777400
    5.663000    5.850963    3.424160   -0.454964
    9.214000   -8.416270    0.088709    1.618167
    7.013000    5.278388   -4.705045    3.552831
    1.781000    0.085997   -1.034630    4.684322
    6.163000    7.108103    0.773033   -3.654516
    1.184000    1.126320   -0.414862    0.438273
    6.010000    6.786876    1.592861   -0.247759
    9.299000   -8.331492    1.078194   -4.966359
    3.005000   -2.058093    0.941206   -3.797733
    0.992000    1.289287   -0.033449   -2.624976
    0.062000    0.865276    0.679495    2.426488
    7.762000    0.396665   -6.975007   -0.584875
    5.589000    5.503203    3.652321    2.530134
    8.925000   -7.482885   -2.274828   -2.228004
    9.449000   -8.389900    2.444877   -3.011102
    0.511000    1.266877    0.510021   -0.614440
    8.346000   -4.116510   -5.956953    0.251120
    9.005000   -7.863329   -1.695362    1.546930
    7.446000    2.666340   -6.485607    3.670675
    8.547000   -5.436851   -4.826304   -3.392368
    2.043000   -0.221713   -0.755983   -4.900308
    1.936000   -0.190428   -0.987341    2.055820
    7.267000    3.990526   -5.695130   -3.895553
    3.860000   -1.633808    3.771047   -3.183876
    7.250000    4.072864   -5.663839   -1.668657
    5.692000    6.060243    3.373120   -4.687635
    0.445000    1.240784    0.627439   -3.653116
    1.646000    0.389994   -0.937573    3.503419
    4.652000    1.288985    5.493977   -2.176028
    4.867000    2.297738    5.489363   -2.559245
    4.456000    0.390127    5.298062   -3.956589
    8.301000   -3.864644   -6.176043    2.440927
    8.163000   -2.805853   -6.688818    3.318546
    0.325000    1.148286    0.667735   -2.139353
    3.907000   -1.487583    3.936014   -2.376398
    2.506000   -1.364621   -0.330679   -2.207221
    5.978000    6.776589    1.773966   -1.090685
    7.832000   -0.075671   -6.985756   -1.115182
    2.768000   -1.934909    0.106789    2.710583
    5.903000    6.540381    2.137104    1.951751
    2.123000   -0.414757   -0.732681   -3.939908
    8.449000   -4.861803   -5.452237   -0.340031
    5.982000    6.749250    1.774220   -1.646741
    2.649000   -1.729114   -0.246760    4.019416
    0.582000    1.170341    0.269571    5.014117
    2.789000   -1.872563    0.273262   -2.153885
    3.685000   -2.020671    3.158215   -0.512163
    2.211000   -0.798655   -0.875705    2.590301
    9.088000   -8.010981   -0.815433   -4.948855
    0.842000    1.339928    0.077845   -0.643456
    5.861000    6.456779    2.406945    0.566264
    8.102000   -2.311179   -6.743347    0.169235
    7.910000   -0.660080   -6.847478   -4.069526
    0.902000    1.292106    0.061289   -2.189524
    8.641000   -6.169548   -4.403752    1.561590
    4.425000    0.149445    5.117385    0.649219
    9.147000   -8.187102   -0.321478   -3.989739
    6.766000    6.256309   -3.303970    3.897482
    0.930000    1.285871    0.031516   -1.829240
    0.660000    1.376926    0.420445   -4.617205
    1.874000    0.114384   -0.795490   -3.769949
    8.124000   -2.508929   -6.784290    3.921107
    5.343000    4.608475    4.716991   -2.790759
    6.395000    7.099295   -0.740248   -2.827447
    4.783000    1.895406    5.484570   -0.923535
    0.903000    1.158252   -0.126306    4.949893
    9.621000   -8.167717    4.016743   -2.228018
    6.981000    5.548897   -4.339601   -2.375878
    2.582000   -1.477573   -0.167830   -3.242817
    9.737000   -8.013224    4.979920    3.917862
    2.785000   -1.865167    0.216474   -0.538157
    9.086000   -8.113470   -1.035926    2.104661
    9.101000   -8.172729   -0.927571    3.341800
    2.880000   -1.935067    0.555486   -4.247286
    1.315000    0.975622   -0.560727    1.166294
    3.483000   -2.191160    2.496288   -3.769494
    7.831000   -0.059884   -6.874327   -3.522965
    0.663000    1.220927    0.180111    4.367941
    7.500000    2.348245   -6.637075    2.408084
    2.577000   -1.598036   -0.366910    3.150114
    5.268000    4.191476    4.775236    0.947798
    4.758000    1.671513    5.373818    2.618159
    6.475000    6.923966   -1.307714   -0.302725
    1.030000    1.294811   -0.050895   -3.197177
    6.118000    7.039637    1.060446   -4.501017
    9.068000   -7.916637   -0.980268   -4.999510
    0.224000    1.019312    0.702324    1.100574
    4.689000    1.499788    5.575673   -3.878165
    8.040000   -1.762375   -6.747790   -1.988156
    6.952000    5.521174   -4.379686    4.972188
    1.079000    1.182387   -0.217789   -1.172408
    4.011000   -1.299549    4.227266   -1.506943
    7.211000    4.240678   -5.639901    2.504016
    5.993000    6.823340    1.719135   -1.415790
    2.679000   -1.699948   -0.081020   -0.396974
    6.197000    7.028520    0.464600   -0.815938
    6.723000    6.375017   -3.034221    3.310172
    7.356000    3.394381   -6.124371   -0.964725
    6.446000    6.901242   -1.202847    2.719669
    7.742000    0.485073   -7.045792    4.045820
    0.713000    1.268445    0.225419    0.970132
    8.950000   -7.630477   -2.100514   -0.350915
    1.809000    0.050154   -1.038111    4.298010
    9.985000   -6.753617    7.260126   -1.441079
    0.679000    1.291111    0.259509    1.474995
    3.362000   -2.275306    2.008290   -1.379303
    4.681000    1.397860    5.509976   -2.259839
    7.186000    4.477502   -5.418412   -1.703063
    4.259000   -0.491606    4.781348    2.572756
    4.001000   -1.184336    4.277433   -4.824691
    6.306000    7.005544   -0.261175    0.325142
    4.409000    0.068035    5.035944    4.214798
    7.071000    5.056656   -4.849904   -1.529401
    2.715000   -1.868038   -0.053851    3.425508
    2.098000   -0.583417   -1.003703    4.031917
    1.999000   -0.257330   -0.849996   -0.621761
    9.466000   -8.466642    2.509015    0.322936
    0.186000    0.933573    0.600263    3.854716
    6.849000    6.053573   -3.652566   -0.355458
    5.890000    6.584055    2.304053   -2.081732
    9.899000   -7.138380    6.613240   -3.347469
    5.660000    5.789693    3.315498    1.919389
    4.858000    2.101425    5.299897    4.498200
    5.883000    6.416327    2.126781    4.129957
    8.037000   -1.687430   -6.733387   -2.303532
    4.753000    1.694452    5.500852   -0.576771
    6.805000    6.260799   -3.336457   -3.089742
    3.135000   -2.353112    1.163714    2.081388
    1.963000   -0.088752   -0.783337   -4.320175
    7.524000    2.299504   -6.472737   -3.808867
    3.834000   -1.799709    3.518992    3.818155
    5.644000    5.899797    3.603632   -3.947013
    6.194000    6.994893    0.360820    1.922349
    1.929000   -0.161843   -0.920768    1.797611
    8.097000   -2.243387   -6.706984   -0.098932
    2.026000   -0.363329   -0.975083    2.967258
    7.253000    4.086267   -5.673966   -1.493892
    6.211000    6.906414    0.210787    4.251622
    5.662000    5.897113    3.485551   -3.263992
    8.044000   -1.800899   -6.860773    0.136103
    3.059000   -2.226124    0.936480    1.126493
    7.190000    4.457390   -5.413040   -2.729584
    7.225000    4.227175   -5.549824   -2.694123
    2.884000   -2.015494    0.416868    0.249021
    7.882000   -0.626343   -7.139875    4.227758
    5.195000    3.815754    4.922239    1.889001
    5.676000    5.893567    3.287903    0.776994
    8.636000   -6.055141   -4.338897   -2.492229
    1.169000    1.218408   -0.264683   -3.917962
    9.313000   -8.546613    1.023031    2.897651
    3.230000   -2.274820    1.540807   -0.215734
    1.892000    0.015810   -0.861580   -0.534101
    2.161000   -0.650145   -0.838834   -0.234092
    3.970000   -1.438032    3.977031    2.567694
    8.623000   -6.064716   -4.543680    1.710544
    6.948000    5.697795   -4.169664   -3.499310
    4.436000    0.267177    5.159732   -0.051614
    3.331000   -2.336030    1.817223    2.343610
    9.173000   -8.280164   -0.138898   -1.111786
    1.474000    0.635788   -0.804108    4.736505
    6.179000    7.119729    0.647065   -3.677384
    7.038000    5.096146   -4.868494    4.044418
    7.955000   -1.076543   -6.945068    0.181426
    7.065000    4.980074   -4.979748    4.082990
    0.071000    0.993115    0.877415   -3.627722
    4.845000    2.147626    5.481104   -1.437406
    9.421000   -8.558089    2.033665    2.089015
    7.395000    3.179947   -6.207855   -1.030828
    3.056000   -2.199986    1.012132   -2.640435
    3.668000   -2.165720    2.912734    4.567321
    9.373000   -8.515577    1.635857    0.062084
    7.355000    3.479735   -6.011024   -3.856146
    3.065000   -2.357603    0.854962    4.179986
    3.824000   -1.663218    3.767251   -4.799796
    5.315000    4.314147    4.538364    5.034629
    1.475000    0.639989   -0.838347    4.479852
    3.609000   -2.206073    2.758801    3.910221
    0.016000    0.915624    0.866500   -2.039904
    5.378000    4.788357    4.643988   -4.185319
    3.982000   -1.387567    4.101015    1.083771
    2.526000   -1.366375   -0.307472   -2.918951
    6.717000    6.505826   -2.801206   -3.493310
    9.029000   -8.010413   -1.574351    3.977428
    9.046000   -8.055413   -1.426839    3.131269
    7.885000   -0.519869   -6.918502   -2.460688
    4.178000   -0.674200    4.741549   -3.936808
    8.910000   -7.463771   -2.471951    0.254395
    7.817000   -0.047549   -7.027598    2.250385
    6.235000    6.987717    0.095185    3.675938
    8.080000   -1.993412   -6.644420   -3.712590
    8.309000   -3.834725   -6.115686   -0.086546
    5.063000    3.147905    5.117760    4.733045
    7.888000   -0.576548   -6.956019   -0.761150
    9.202000   -8.400934   -0.067678    3.783381
    6.737000    6.335235   -3.111580    2.873893
    1.014000    1.267206   -0.073060   -2.834350
    3.257000   -2.304665    1.649855   -2.165035
    5.594000    5.721979    3.812087   -4.653543
    4.247000   -0.515806    4.773877    0.820904
    4.217000   -0.588228    4.803110   -2.100626
    4.851000    2.191671    5.418152    0.463817
    1.701000    0.409722   -0.785321   -1.915673
    9.647000   -8.124213    4.270629   -1.914642
    0.414000    1.162668    0.610784   -0.382259
    2.577000   -1.576502   -0.363926    2.462188
    2.629000   -1.555055   -0.064376   -2.860954
    2.794000   -1.862887    0.350542   -3.385099
    8.584000   -5.818948   -4.811438    2.124227
    5.669000    5.838338    3.310642    0.610974
    8.524000   -5.452414   -5.180338    3.894550
    3.778000   -2.000274    3.281892    4.635247
    4.448000    0.340510    5.216554   -0.442169
    2.950000   -2.121178    0.607309    1.021540
    6.492000    6.894103   -1.534225    1.775462
    0.707000    1.372335    0.372108   -4.311818
    8.788000   -7.010886   -3.479894    2.428683
    1.730000    0.245878   -0.942695    2.839812
    4.783000    1.922281    5.494574   -2.346869
    7.690000    0.901335   -7.001476    3.781995
    6.681000    6.681624   -2.531527   -4.605747
    9.114000   -8.197018   -0.830307    2.909251
    9.263000   -8.460475    0.602083    1.107953
    9.959000   -6.959539    6.989042    1.593337
    2.683000   -1.631763    0.037268   -2.585530
    3.142000   -2.312575    1.201343    0.274984
    7.944000   -1.127343   -7.079942    4.234051
    2.889000   -2.075893    0.380519    2.278309
    7.842000   -0.121958   -6.914514   -3.715126
    9.273000   -8.504394    0.616284    3.913655
    8.953000   -7.550417   -1.978450   -4.367474
    8.778000   -6.793471   -3.373351   -2.195670
    8.496000   -5.268804   -5.280695    2.703990
    4.675000    1.325578    5.388943    0.353900
    8.922000   -7.634654   -2.450553    4.296772
    1.873000   -0.050507   -0.944275    2.315081
    0.662000    1.400272    0.396113   -4.151639
    6.754000    6.450365   -2.942724   -4.784769
    8.418000   -4.651792   -5.651136    1.213953
    2.540000   -1.481248   -0.427662    2.740744
    9.178000   -8.223846   -0.058958   -2.718717
    9.351000   -8.427487    1.518595   -2.146317
    9.375000   -8.402941    1.715994   -3.521500
    7.150000    4.666897   -5.241523   -1.900694
    9.357000   -8.429134    1.516774   -2.164149
    1.320000    1.001562   -0.520913    0.074911
    4.150000   -0.863659    4.528164    0.778086
    0.001000    0.721548    0.689239    4.147749
    4.166000   -0.851711    4.490882    3.646917
    5.507000    5.346745    4.105254   -3.012292
    8.498000   -5.226521   -5.269720    2.909262
    7.708000    0.790402   -7.039918    2.701827
    3.290000   -2.379465    1.628949    2.831302
    8.910000   -7.519149   -2.505078    2.702367
    4.300000   -0.237997    5.017734   -4.019778
    7.256000    4.106154   -5.657548   -4.116559
    9.324000   -8.433534    1.289972   -3.723379
    9.444000   -8.543578    2.239720    1.833565
    6.551000    6.847770   -1.874490    0.571761
    0.305000    1.190365    0.806524   -4.647919
    3.822000   -1.871263    3.498780    4.176656
    0.916000    1.348803    0.059085   -2.657308
    1.501000    0.653805   -0.749546    1.833419
    8.066000   -1.871842   -6.659829   -4.457679
    8.121000   -2.533091   -6.775295    4.458319
    1.176000    1.118401   -0.372555    0.700502
    2.076000   -0.336977   -0.785684   -2.521067
    9.981000   -6.816540    7.214861   -1.078238
    3.327000   -2.237816    1.995099   -4.454370
    3.141000   -2.391775    1.118995    3.847293
    1.697000    0.337049   -0.934611    1.880684
    0.510000    1.247852    0.491320   -1.184694
    6.287000    7.059951   -0.156907    0.264717
    3.830000   -1.681491    3.629123   -1.785302
    5.537000    5.326066    3.849134    3.057141
    8.295000   -3.698964   -6.139829   -1.015771
    1.435000    0.752026   -0.732372    1.809132
    6.862000    5.949531   -3.820097    1.043311
    8.635000   -6.022514   -4.420270   -1.367131
    5.114000    3.484660    5.091531    1.176405
    2.435000   -1.261222   -0.561442    1.911723
    2.870000   -2.099176    0.354172    2.715526
    1.990000   -0.350799   -1.003204    4.620972
    3.155000   -2.366282    1.194274    3.294846
    0.541000    1.255567    0.441660    0.207528
    7.220000    4.183285   -5.690523    3.413784
    9.539000   -8.373599    3.251317   -0.858832
    5.030000    3.077535    5.250243    0.843947
    9.979000   -6.854663    7.121217    2.411011
    6.861000    6.027166   -3.689022   -0.919291
    5.731000    6.171403    3.163751   -2.995925
    5.790000    6.330095    2.865714   -4.516963
    9.647000   -8.176280    4.174772    1.099555
    0.223000    1.019208    0.702621   -0.328136
    5.100000    3.495059    5.290899   -3.099579
    9.470000   -8.443606    2.556902   -0.988836
    6.115000    6.898690    0.858374    3.077845
    5.678000    5.871222    3.271109    1.201372
    2.647000   -1.583109   -0.012754   -3.606579
    8.861000   -7.250639   -2.846896   -0.317640
    9.808000   -7.705955    5.631511    3.355006
    5.298000    4.305374    4.674606    3.187716
    6.041000    6.761382    1.302277    3.070548
    0.900000    1.299597    0.043921   -1.514700
    1.028000    1.153209   -0.235947    2.363152
    2.000000   -0.282783   -0.941152    0.483792
    7.033000    5.148752   -4.747766    2.587436
    8.982000   -7.787007   -1.906024    2.352902
    5.861000    6.416334    2.316612    3.223165
    1.782000    0.161048   -0.959592    2.595557
    2.869000   -1.974241    0.437757   -1.805631
    8.000000   -1.407836   -6.800081   -1.935826
    7.367000    3.315536   -6.213060    0.808597
    8.122000   -2.476570   -6.699442    0.811603
    4.107000   -1.099348    4.300459    4.732550
    7.734000    0.674630   -6.889911   -1.167032
    9.891000   -7.311841    6.464484    0.137928
    2.209000   -0.765979   -0.847219    2.307788
    0.870000    1.380378    0.093684   -2.773114
    7.014000    5.397432   -4.517469   -3.695245
    8.564000   -5.530971   -4.684833   -4.623352
    3.949000   -1.494298    3.933787    1.980506
    6.642000    6.602543   -2.433334    0.895992
    3.601000   -2.054141    2.876181   -2.331690
    9.640000   -8.067518    4.266746   -4.534150
    4.600000    0.843479    5.273976    4.347544
    8.609000   -5.907744   -4.551473   -1.251616
    1.323000    0.870467   -0.638765    3.576119
    4.750000    1.657557    5.394722    1.317720
    0.344000    1.163142    0.662288   -2.510184
    8.101000   -2.180377   -6.626397   -1.974385
    9.155000   -8.210810   -0.324916   -0.940604
    8.232000   -3.250729   -6.350198   -0.857703
    5.889000    6.505115    2.175066    2.632615
    2.870000   -2.052078    0.343673    1.839981
    0.312000    1.028252    0.556044    3.236859
    5.294000    4.399159    4.845021   -3.952302
    7.980000   -1.218765   -6.842338   -3.272799
    0.970000    1.280359   -0.103281    0.006956
    0.595000    1.283004    0.342116    0.388669
    7.710000    0.831160   -6.964688    0.922407
    8.846000   -7.125218   -2.863718   -3.923685
    4.785000    1.855352    5.450343   -0.655568
    5.869000    6.523741    2.408892   -2.320606
    9.081000   -8.032994   -0.971396   -2.948136
    5.900000    6.515549    2.107157    2.833407
    5.470000    5.128748    4.127548    0.935871
    0.605000    1.253051    0.399339   -0.693607
    2.715000   -1.744665    0.097349   -3.203945
    6.214000    7.017371    0.368679   -1.219543
    2.779000   -1.791939    0.253329   -3.522824
    1.003000    1.309117   -0.023516   -4.155661
    7.622000    1.519400   -6.763621   -2.534911
    1.562000    0.518283   -0.860813    3.296758
    6.057000    6.845150    1.198853    1.800470
    1.351000    0.980134   -0.490565   -3.583399
    1.744000    0.326555   -0.821607   -3.036760
    1.313000    0.940360   -0.603206    1.838547
    7.888000   -0.428613   -6.827499   -5.113379
    6.075000    6.998390    1.317169   -4.668781
    0.480000    1.279974    0.594285   -2.771664
    4.457000    0.346168    5.190520   -0.266410
    6.566000    6.840793   -1.937199   -0.296036
    0.907000    1.231011   -0.030883    1.130205
    4.015000   -1.317901    4.139884    2.334153
    2.528000   -1.335108   -0.246133   -3.479480
    8.311000   -3.931028   -6.192983    4.109426
    5.296000    4.389367    4.826115   -3.633961
    1.228000    1.164129   -0.306114   -3.928457
    9.109000   -8.199205   -0.805117    1.223813
    4.354000   -0.017133    5.087571   -2.162135
    0.837000    1.332688    0.119030   -1.821528
    1.886000    0.078611   -0.754775   -4.845852
    0.464000    1.283306    0.579811   -2.241886
    5.040000    3.035051    5.219337    3.268966
    5.514000    5.310629    4.023268   -0.161934
    7.234000    4.151170   -5.598903   -0.754738
    9.783000   -7.780663    5.379132    2.517770
    4.899000    2.527817    5.557033   -3.700821
    8.364000   -4.287502   -5.888958    0.078388
    4.953000    2.656068    5.354589    1.854748
    1.358000    1.013562   -0.446717   -4.195729
    1.200000    1.090005   -0.384428    0.760082
    2.201000   -0.724525   -0.746133   -0.707421
    1.459000    0.882537   -0.558284   -4.109646
    4.746000    1.530842    5.301542    4.431969
    9.750000   -7.901841    5.116928    1.451977
    8.156000   -2.611628   -6.540522   -2.783164
    2.448000   -1.204270   -0.482531   -1.598174
    6.598000    6.790377   -2.090880   -1.572812
    8.638000   -6.180127   -4.478870    2.651345
    9.172000   -8.259181   -0.114909   -2.318975
    0.488000    1.230510    0.551145   -1.151179
    6.295000    7.015162   -0.265570    2.212125
    9.790000   -7.660150    5.584715   -2.142850
    8.649000   -6.259891   -4.411229    4.123454
    8.157000   -2.630304   -6.520762   -3.299615
    5.658000    5.908874    3.473419   -2.605911
    6.665000    6.662231   -2.468118   -3.533810
    3.341000   -2.458417    1.776280    4.993504
    5.941000    6.611785    1.962257    0.713999
    0.829000    1.387462    0.170261   -3.265109
    9.200000   -8.244250    0.168369   -3.606031
    0.092000    0.844783    0.674766    3.144892
    4.576000    0.949994    5.416270   -3.155409
    7.108000    4.960374   -4.971582   -4.148431
    6.238000    7.103664    0.228283   -2.409698
    0.100000    1.020963    0.888439   -4.697162
    5.054000    3.056010    5.124801    4.380222
    4.396000    0.067449    5.101823    1.123510
    7.771000    0.252075   -7.047780    3.110041
    6.378000    6.967628   -0.799764    3.875623
