# First column is original location on swiss roll
# Next columns are points in diffusion space
# In gnuplot to plot the first dimensions try:
#   plot 'evects.dat' u 2:3:1 w points palette
# time =     0.000000
# bandwidth =    10.000000
    3.281000    0.000416   -0.010221    0.007742
    4.866000   -0.011553   -0.012716   -0.007729
    8.454000    0.035470    0.028700    0.024021
    8.838000    0.045167    0.008613    0.005399
    5.772000   -0.017030   -0.000051   -0.030471
    3.364000    0.000424   -0.011100    0.008872
    3.194000    0.000469   -0.009475    0.008344
    9.172000    0.053816   -0.013232   -0.019120
    1.077000   -0.005311   -0.001624    0.005062
    8.006000    0.019314    0.042919    0.017632
    3.242000    0.000695   -0.010131    0.009135
    9.994000    0.049207   -0.045893   -0.065588
    1.952000   -0.002277   -0.001378    0.010329
    2.250000   -0.000947   -0.002840    0.012377
    1.552000   -0.003748   -0.000989    0.008263
    8.384000    0.031359    0.033848    0.022314
    1.261000   -0.004338   -0.001841    0.008520
    3.857000   -0.002462   -0.013552    0.004305
    7.641000    0.007467    0.044056    0.002945
    0.347000   -0.005617   -0.004410    0.005795
    5.040000   -0.012131   -0.011505   -0.007825
    9.743000    0.055899   -0.043208   -0.065657
    4.481000   -0.008331   -0.014098   -0.001298
    6.516000   -0.014602    0.021287   -0.036314
    7.834000    0.012515    0.048731    0.007423
    9.495000    0.057125   -0.033748   -0.050371
    5.224000   -0.014219   -0.009431   -0.016175
    8.076000    0.021173    0.043972    0.018018
    6.349000   -0.015936    0.016089   -0.037435
    5.880000   -0.017219    0.002283   -0.032636
    6.951000   -0.008935    0.037179   -0.029784
    5.951000   -0.017063    0.004522   -0.033087
    8.214000    0.026325    0.038529    0.022508
    2.231000   -0.001354   -0.002045    0.010418
    4.875000   -0.010846   -0.012751   -0.004285
    3.217000    0.000858   -0.009991    0.009921
    1.219000   -0.004859   -0.001441    0.006048
    7.356000   -0.001265    0.044556   -0.014721
    8.596000    0.038498    0.023303    0.018289
    4.750000   -0.009849   -0.013367   -0.002519
    5.984000   -0.017045    0.005150   -0.033246
    3.614000   -0.000900   -0.012560    0.005775
    2.002000   -0.001855   -0.002034    0.011947
    7.454000    0.001438    0.048520   -0.011210
    4.204000   -0.005060   -0.014419    0.003992
    0.173000   -0.005193   -0.005269    0.007816
    0.580000   -0.005380   -0.003976    0.007229
    1.350000   -0.003864   -0.001889    0.009946
    2.890000    0.000833   -0.007338    0.011657
    0.154000   -0.005086   -0.005303    0.008522
    7.837000    0.014626    0.043342    0.013981
    3.993000   -0.003005   -0.014260    0.005473
    8.206000    0.025544    0.039503    0.021477
    2.646000    0.000629   -0.005501    0.014103
    4.242000   -0.005206   -0.014546    0.004526
    6.688000   -0.012555    0.028573   -0.035242
    3.511000    0.000261   -0.012273    0.008722
    5.692000   -0.016284   -0.001697   -0.025810
    8.732000    0.043650    0.014435    0.013604
    6.667000   -0.012948    0.027860   -0.035837
    1.771000   -0.003078   -0.000534    0.008292
    9.630000    0.056578   -0.039498   -0.058711
    4.658000   -0.009995   -0.013670   -0.004235
    5.425000   -0.014944   -0.006494   -0.018959
    1.255000   -0.004864   -0.001096    0.005752
    6.961000   -0.008734    0.037974   -0.029770
    4.286000   -0.005624   -0.014548    0.004140
    8.847000    0.045574    0.007103    0.002496
    3.313000    0.000914   -0.010728    0.010737
    4.690000   -0.010186   -0.013602   -0.004615
    1.708000   -0.003091   -0.001169    0.009730
    0.877000   -0.005144   -0.002980    0.007230
    1.191000   -0.004904   -0.001364    0.006125
    7.055000   -0.007342    0.037645   -0.025168
    1.118000   -0.004714   -0.002309    0.007979
    5.502000   -0.016070   -0.005420   -0.024114
    3.670000   -0.000476   -0.013049    0.008925
    8.700000    0.041640    0.017266    0.014421
    6.584000   -0.013919    0.023686   -0.035565
    8.697000    0.041387    0.017073    0.014455
    6.487000   -0.014930    0.020483   -0.036818
    1.777000   -0.003146   -0.000753    0.008188
    2.181000   -0.001426   -0.001967    0.010927
    9.254000    0.055199   -0.020731   -0.033598
    9.584000    0.057289   -0.037727   -0.056257
    5.751000   -0.017142   -0.000839   -0.030443
    2.229000   -0.001289   -0.002462    0.011352
    3.179000    0.000809   -0.009668    0.010499
    2.610000    0.000163   -0.005184    0.012782
    7.182000   -0.004861    0.040486   -0.020501
    6.122000   -0.017082    0.008858   -0.036594
    0.143000   -0.005496   -0.004992    0.006211
    0.650000   -0.005901   -0.003219    0.004242
    8.787000    0.045875    0.011232    0.011619
    6.152000   -0.016638    0.009428   -0.034597
    1.237000   -0.004313   -0.002208    0.009282
    9.602000    0.056872   -0.037884   -0.058703
    3.430000   -0.000187   -0.011298    0.006630
    5.280000   -0.014142   -0.008609   -0.015729
    5.311000   -0.014584   -0.008099   -0.017574
    4.828000   -0.011138   -0.012911   -0.006486
    0.122000   -0.005273   -0.005204    0.007396
    8.783000    0.046107    0.011475    0.011886
    1.764000   -0.002966   -0.001306    0.009753
    2.393000   -0.000229   -0.003733    0.013259
    6.792000   -0.011273    0.030230   -0.031525
    5.957000   -0.017148    0.004554   -0.033729
    6.024000   -0.017290    0.006225   -0.035475
    2.100000   -0.001483   -0.002447    0.012448
    2.389000   -0.000504   -0.003569    0.012256
    9.527000    0.057551   -0.035911   -0.054628
    7.893000    0.014655    0.047182    0.010738
    7.925000    0.016693    0.043483    0.015110
    5.647000   -0.016073   -0.002598   -0.024741
    5.798000   -0.016657    0.000405   -0.028409
    4.006000   -0.003947   -0.013904    0.003173
    2.172000   -0.001039   -0.002839    0.013284
    2.673000    0.000116   -0.005332    0.011539
    3.332000    0.000807   -0.010954    0.010411
    9.607000    0.056977   -0.038483   -0.059570
    2.495000   -0.000393   -0.003897    0.011480
    9.439000    0.056971   -0.030917   -0.046071
    3.813000   -0.001542   -0.013728    0.006849
    8.778000    0.044131    0.012014    0.010629
    7.253000   -0.003643    0.043340   -0.019521
    5.109000   -0.013198   -0.010632   -0.012487
    4.077000   -0.003779   -0.014389    0.005128
    1.629000   -0.003170   -0.001724    0.010566
    0.741000   -0.005567   -0.003132    0.005654
    0.931000   -0.005187   -0.002729    0.006970
    2.276000   -0.000636   -0.003144    0.013535
    0.191000   -0.005809   -0.004784    0.005002
    7.345000   -0.000947    0.047867   -0.015987
    3.684000   -0.001304   -0.012828    0.005545
    4.538000   -0.008213   -0.014042    0.000023
    1.421000   -0.003977   -0.001320    0.008461
    7.591000    0.005373    0.044511   -0.001186
    0.342000   -0.005318   -0.004821    0.007574
    3.364000    0.000871   -0.011194    0.010361
    7.320000   -0.002076    0.043464   -0.015820
    6.152000   -0.017067    0.009109   -0.036896
    8.994000    0.050425   -0.001784   -0.004495
    9.793000    0.055041   -0.044354   -0.066028
    9.784000    0.055069   -0.044149   -0.066421
    7.365000   -0.000964    0.043353   -0.013176
    8.121000    0.024308    0.039520    0.022949
    9.280000    0.055416   -0.019646   -0.027671
    1.775000   -0.003005   -0.001036    0.009245
    1.134000   -0.005166   -0.001449    0.005201
    0.086000   -0.004900   -0.005571    0.009195
    1.557000   -0.003790   -0.000641    0.007490
    1.328000   -0.004178   -0.001667    0.008651
    1.435000   -0.003778   -0.001860    0.009814
    7.561000    0.004297    0.045154   -0.003669
    9.827000    0.054221   -0.044962   -0.066442
    6.715000   -0.012350    0.028261   -0.033710
    3.554000   -0.000404   -0.012204    0.006255
    8.079000    0.022198    0.041255    0.020476
    8.840000    0.046604    0.008190    0.007462
    4.669000   -0.010064   -0.013566   -0.004370
    9.003000    0.049663   -0.003710   -0.010283
    5.671000   -0.016251   -0.002160   -0.025537
    3.791000   -0.001471   -0.013573    0.008982
    4.625000   -0.009715   -0.013786   -0.003639
    8.969000    0.048915   -0.000957   -0.007083
    8.969000    0.048899   -0.001359   -0.007636
    3.242000    0.001047   -0.010203    0.010265
    8.475000    0.035110    0.028376    0.022284
    7.688000    0.009163    0.044107    0.005734
    8.126000    0.024296    0.038946    0.023159
    1.008000   -0.004705   -0.002892    0.008784
    8.725000    0.043641    0.015138    0.014607
    4.177000   -0.004574   -0.014496    0.005105
    7.358000   -0.001164    0.043842   -0.013958
    5.715000   -0.016966   -0.001436   -0.029463
    9.887000    0.050202   -0.043049   -0.059723
    9.694000    0.056254   -0.041328   -0.063502
    8.202000    0.025264    0.040595    0.020567
    8.793000    0.045948    0.011111    0.011223
    5.213000   -0.013403   -0.009706   -0.012200
    2.576000   -0.000057   -0.004573    0.011974
    2.917000    0.001306   -0.007552    0.013521
    4.657000   -0.009500   -0.013641   -0.002651
    9.330000    0.056242   -0.025631   -0.040159
    0.562000   -0.005214   -0.004300    0.008005
    1.299000   -0.004757   -0.000930    0.005761
    9.340000    0.056196   -0.026062   -0.039746
    1.307000   -0.004165   -0.001897    0.009127
    7.260000   -0.003108    0.045098   -0.019405
    9.836000    0.054430   -0.045332   -0.068129
    0.887000   -0.005301   -0.002611    0.006183
    3.040000    0.000562   -0.008182    0.009131
    7.271000   -0.003133    0.041938   -0.017222
    2.410000   -0.000687   -0.003133    0.010630
    4.667000   -0.009061   -0.013779    0.000148
    9.358000    0.056577   -0.026445   -0.039483
    9.420000    0.056994   -0.029950   -0.046998
    6.763000   -0.011785    0.029290   -0.032501
    4.344000   -0.006154   -0.014521    0.003719
    3.572000   -0.000137   -0.012446    0.010044
    8.312000    0.030667    0.034180    0.024960
    1.813000   -0.002944   -0.000628    0.008435
    5.633000   -0.016329   -0.002666   -0.026039
    9.302000    0.055619   -0.023642   -0.037204
    2.653000   -0.000017   -0.004938    0.010564
    2.362000   -0.000762   -0.003000    0.011285
    9.687000    0.056271   -0.041402   -0.063436
    7.255000   -0.003533    0.041786   -0.018126
    8.778000    0.045210    0.012032    0.011857
    9.584000    0.057324   -0.038304   -0.058663
    3.837000   -0.001775   -0.013741    0.007667
    4.531000   -0.007890   -0.014203    0.001661
    5.644000   -0.016121   -0.002711   -0.024909
    0.324000   -0.005467   -0.004721    0.006710
    1.848000   -0.002008   -0.001822    0.012708
    5.167000   -0.013194   -0.010163   -0.011848
    4.806000   -0.010454   -0.013105   -0.004015
    2.093000   -0.001838   -0.001443    0.009788
    4.403000   -0.006875   -0.014426    0.002070
    4.227000   -0.005817   -0.014284    0.001859
    5.954000   -0.017349    0.003828   -0.034161
    0.285000   -0.005860   -0.004372    0.004734
    6.875000   -0.010295    0.033323   -0.030921
    9.813000    0.054730   -0.044598   -0.065944
    3.434000    0.000510   -0.011634    0.010451
    5.048000   -0.012157   -0.011449   -0.007886
    4.172000   -0.005300   -0.014263    0.002218
    4.959000   -0.011937   -0.012080   -0.008389
    4.730000   -0.010420   -0.013417   -0.004929
    1.106000   -0.005247   -0.001683    0.005213
    8.579000    0.040536    0.022029    0.021050
    2.997000    0.000463   -0.007936    0.009697
    9.490000    0.056390   -0.031012   -0.044222
    0.582000   -0.005187   -0.004332    0.008257
    7.105000   -0.006486    0.038864   -0.023675
    3.500000    0.000057   -0.012076    0.007284
    3.135000    0.001121   -0.009403    0.011120
    4.480000   -0.008509   -0.014092   -0.001736
    0.476000   -0.005877   -0.003877    0.004763
    3.054000    0.000520   -0.008348    0.008915
    2.322000   -0.000364   -0.003509    0.014099
    3.414000    0.000522   -0.011542    0.009108
    7.415000    0.000632    0.048438   -0.012832
    9.309000    0.055888   -0.020033   -0.027718
    8.786000    0.045686    0.011588    0.011361
    5.244000   -0.014198   -0.009057   -0.016088
    1.473000   -0.003960   -0.001346    0.008546
    2.858000    0.000423   -0.006727    0.010008
    3.976000   -0.002855   -0.014188    0.007115
    3.564000   -0.000207   -0.012495    0.008238
    0.724000   -0.005568   -0.003147    0.005758
    7.943000    0.017897    0.042640    0.017192
    4.154000   -0.004841   -0.014294    0.003233
    0.336000   -0.005133   -0.005091    0.008607
    0.523000   -0.005942   -0.003711    0.004283
    0.653000   -0.005586   -0.003564    0.005914
    9.326000    0.055766   -0.025010   -0.039061
    7.494000    0.002414    0.047560   -0.008749
    4.427000   -0.007769   -0.014166   -0.000408
    4.056000   -0.004336   -0.014145    0.002714
    4.581000   -0.008738   -0.013949   -0.001230
    8.178000    0.024245    0.041477    0.019902
    8.066000    0.022695    0.040505    0.022070
    7.255000   -0.003574    0.042286   -0.018577
    4.681000   -0.009763   -0.013629   -0.003282
    1.390000   -0.004496   -0.000947    0.006393
    1.097000   -0.004973   -0.001990    0.006720
    7.403000    0.000272    0.043462   -0.010427
    8.912000    0.049524    0.004088    0.004131
    5.388000   -0.014796   -0.007125   -0.018149
    6.741000   -0.012038    0.030030   -0.034280
    0.866000   -0.004911   -0.003261    0.008452
    0.463000   -0.005626   -0.004122    0.005951
    0.410000   -0.005350   -0.004495    0.007476
    2.769000    0.000551   -0.006335    0.012405
    8.839000    0.048405    0.008249    0.009041
    3.433000    0.000416   -0.011664    0.009360
    0.766000   -0.005643   -0.002850    0.005208
    3.712000   -0.001135   -0.013224    0.005830
    5.420000   -0.015251   -0.006614   -0.020566
    0.645000   -0.005764   -0.003382    0.005188
    6.773000   -0.011650    0.031337   -0.034067
    7.264000   -0.003330    0.043359   -0.018779
    1.555000   -0.003764   -0.000957    0.008321
    3.491000    0.000150   -0.011928    0.008721
    0.934000   -0.005462   -0.002356    0.005483
    8.895000    0.049027    0.004915    0.004665
    5.872000   -0.016801    0.002285   -0.030297
    1.144000   -0.004588   -0.002172    0.008177
    8.669000    0.041603    0.018126    0.016750
    8.289000    0.029020    0.036425    0.023484
    0.433000   -0.005553   -0.004364    0.006345
    3.171000    0.000857   -0.009618    0.010124
    9.329000    0.055833   -0.022922   -0.032789
    7.925000    0.016939    0.043393    0.015719
    3.045000    0.001258   -0.008698    0.012965
    0.616000   -0.005313   -0.003884    0.007270
    4.719000   -0.009472   -0.013679   -0.000799
    4.893000   -0.011430   -0.012529   -0.007016
    9.652000    0.056535   -0.039988   -0.059206
    1.612000   -0.003611   -0.000973    0.008318
    0.754000   -0.005074   -0.003687    0.008318
    1.102000   -0.004935   -0.002161    0.006999
    9.864000    0.053205   -0.045062   -0.065565
    0.550000   -0.005404   -0.004159    0.007082
    2.656000    0.000594   -0.005487    0.013505
    3.469000    0.000169   -0.011752    0.007457
    9.006000    0.049738   -0.003689   -0.010422
    0.672000   -0.005527   -0.003466    0.006170
    3.466000    0.000233   -0.011765    0.008035
    7.249000   -0.003751    0.042999   -0.019564
    7.626000    0.006108    0.049630   -0.002860
    1.501000   -0.003760   -0.001399    0.009160
    8.862000    0.048607    0.007229    0.007944
    3.726000   -0.001402   -0.013163    0.005546
    7.309000   -0.002006    0.046372   -0.017571
    9.460000    0.057277   -0.032538   -0.050341
    3.850000   -0.001906   -0.013841    0.006118
    0.829000   -0.005275   -0.002943    0.006870
    0.461000   -0.005646   -0.004121    0.005832
    6.116000   -0.016666    0.008417   -0.033904
    7.405000    0.000277    0.047991   -0.013360
    7.177000   -0.005166    0.040884   -0.021642
    7.505000    0.002463    0.046789   -0.008227
    1.418000   -0.003843   -0.001670    0.009462
    1.650000   -0.003173   -0.001488    0.010124
    3.073000    0.001330   -0.008871    0.012338
    9.367000    0.056101   -0.023995   -0.033790
    6.935000   -0.009284    0.036351   -0.030197
    1.583000   -0.003800   -0.000767    0.007706
    0.126000   -0.005546   -0.004950    0.006090
    3.814000   -0.001651   -0.013670    0.008525
    6.722000   -0.012420    0.028906   -0.034583
    2.521000   -0.000376   -0.004051    0.011143
    4.141000   -0.004883   -0.014288    0.002987
    6.290000   -0.016428    0.014228   -0.037993
    9.039000    0.050633   -0.006370   -0.013686
    4.979000   -0.012343   -0.011798   -0.009821
    3.224000    0.000504   -0.009792    0.008877
    5.767000   -0.016728    0.000007   -0.029015
    1.064000   -0.004684   -0.002640    0.008656
    8.248000    0.026522    0.039452    0.020655
    3.174000    0.000686   -0.009519    0.009016
    8.082000    0.022635    0.039988    0.021847
    5.626000   -0.016004   -0.003098   -0.024117
    5.252000   -0.013937   -0.008994   -0.014694
    2.895000    0.001244   -0.007358    0.013431
    9.271000    0.055132   -0.020247   -0.029593
    1.025000   -0.005334   -0.001834    0.004955
    1.135000   -0.004947   -0.001843    0.006518
    9.946000    0.051087   -0.046118   -0.067400
    7.048000   -0.007398    0.037809   -0.025484
    4.340000   -0.006095   -0.014456    0.004412
    2.221000   -0.000588   -0.002978    0.014100
    1.815000   -0.002343   -0.001870    0.012053
    5.689000   -0.016573   -0.001373   -0.027648
    0.426000   -0.005674   -0.004185    0.005831
    4.044000   -0.003459   -0.014347    0.006771
    2.597000    0.000127   -0.004927    0.012263
    7.384000   -0.000457    0.043439   -0.012087
    6.847000   -0.010678    0.032759   -0.031767
    7.620000    0.006296    0.045009    0.000123
    0.706000   -0.005437   -0.003454    0.006558
    7.950000    0.018299    0.042426    0.017788
    7.286000   -0.002860    0.042811   -0.017228
    0.749000   -0.005834   -0.002857    0.004260
    4.824000   -0.010742   -0.012913   -0.005105
    9.659000    0.056999   -0.040906   -0.061317
    2.062000   -0.001435   -0.002197    0.012795
    6.773000   -0.011671    0.031366   -0.034082
    8.183000    0.026500    0.037570    0.024169
    7.061000   -0.006886    0.041179   -0.026706
    7.650000    0.007079    0.046340    0.000473
    7.032000   -0.007780    0.039001   -0.027618
    9.474000    0.057323   -0.033295   -0.050508
    4.006000   -0.003699   -0.013988    0.003622
    2.487000    0.000283   -0.004484    0.014459
    7.521000    0.003327    0.048924   -0.007630
    2.112000   -0.001156   -0.002474    0.013357
    1.571000   -0.003238   -0.001612    0.010544
    0.708000   -0.005706   -0.003156    0.005046
    7.353000   -0.000669    0.042513   -0.011793
    4.478000   -0.008339   -0.014125   -0.001261
    4.913000   -0.011115   -0.012567   -0.004717
    7.382000   -0.000252    0.047310   -0.014139
    3.449000   -0.000045   -0.011475    0.007280
    6.840000   -0.010774    0.033459   -0.032704
    6.049000   -0.017324    0.006695   -0.036005
    8.668000    0.039972    0.018985    0.014302
    6.998000   -0.008415    0.037203   -0.028060
    9.743000    0.055283   -0.042695   -0.062887
    0.895000   -0.005019   -0.003097    0.007876
    2.557000    0.000080   -0.004756    0.012579
    7.759000    0.010148    0.048357    0.004255
    0.839000   -0.005022   -0.003318    0.008322
    8.161000    0.025414    0.038802    0.023405
    6.830000   -0.010914    0.032978   -0.032815
    1.974000   -0.002103   -0.001800    0.011221
    8.561000    0.036947    0.024921    0.018560
    7.494000    0.002505    0.047749   -0.008686
    4.230000   -0.005126   -0.014507    0.005107
    8.198000    0.025697    0.039617    0.021889
    6.232000   -0.016431    0.011825   -0.035508
    7.355000   -0.000795    0.042707   -0.012254
    6.189000   -0.016937    0.010874   -0.037554
    7.749000    0.009919    0.047078    0.004536
    5.792000   -0.016643    0.000368   -0.028489
    7.446000    0.001076    0.046355   -0.010785
    9.750000    0.055633   -0.043323   -0.064574
    2.719000    0.000087   -0.005514    0.010369
    5.334000   -0.014886   -0.007988   -0.018841
    1.930000   -0.001766   -0.001951    0.012923
    0.314000   -0.005813   -0.004391    0.004849
    5.050000   -0.013156   -0.011329   -0.012494
    8.968000    0.049199   -0.000993   -0.007038
    9.811000    0.053782   -0.043691   -0.063313
    7.183000   -0.005015    0.041237   -0.021509
    2.049000   -0.001321   -0.002495    0.013342
    4.506000   -0.007694   -0.014259    0.002409
    8.831000    0.045282    0.008547    0.005359
    4.259000   -0.005318   -0.014562    0.004780
    5.501000   -0.015896   -0.005428   -0.023424
    8.142000    0.023891    0.041122    0.020940
    4.086000   -0.003963   -0.014318    0.004672
    6.216000   -0.016509    0.011575   -0.035841
    3.578000   -0.000070   -0.012528    0.008742
    4.876000   -0.011020   -0.012628   -0.005576
    8.309000    0.029193    0.036168    0.022991
    9.165000    0.054146   -0.010759   -0.014199
    0.636000   -0.005774   -0.003362    0.004910
    5.188000   -0.014056   -0.010011   -0.015515
    7.353000   -0.001009    0.042523   -0.012589
    6.297000   -0.016132    0.013760   -0.035949
    5.860000   -0.017161    0.001922   -0.032088
    1.751000   -0.002694   -0.001597    0.011118
    7.891000    0.015060    0.045712    0.012022
    2.856000    0.000828   -0.007152    0.012123
    8.193000    0.025149    0.040301    0.020960
    3.302000    0.000608   -0.010593    0.009529
    5.053000   -0.012269   -0.011385   -0.008376
    6.508000   -0.014666    0.021554   -0.037409
    9.764000    0.055819   -0.044076   -0.066151
    1.063000   -0.005179   -0.001760    0.005678
    1.975000   -0.001819   -0.002121    0.012196
    4.858000   -0.010726   -0.012866   -0.004338
    4.283000   -0.005518   -0.014472    0.005471
    3.745000   -0.001086   -0.013320    0.008447
    7.794000    0.011404    0.047280    0.006563
    0.769000   -0.005726   -0.002890    0.004931
    3.662000   -0.000628   -0.013038    0.008728
    0.125000   -0.005424   -0.005011    0.006539
    5.121000   -0.012875   -0.010505   -0.010909
    9.105000    0.052596   -0.009673   -0.014708
    7.705000    0.008686    0.047901    0.002226
    7.056000   -0.007313    0.037511   -0.025013
    1.850000   -0.002390   -0.001782    0.011570
    7.127000   -0.006008    0.041109   -0.024113
    5.633000   -0.016613   -0.003113   -0.027229
    5.840000   -0.017288    0.001064   -0.032197
    7.319000   -0.001934    0.046295   -0.017368
    2.417000   -0.000649   -0.003335    0.011172
    6.578000   -0.014053    0.023318   -0.035769
    4.103000   -0.004726   -0.014175    0.002508
    5.583000   -0.016492   -0.004200   -0.026229
    3.258000    0.001069   -0.010475    0.011012
    4.652000   -0.009114   -0.013816   -0.001278
    7.528000    0.003453    0.044822   -0.004934
    8.166000    0.023737    0.041904    0.019373
    9.961000    0.049266   -0.045126   -0.065964
    3.665000   -0.000602   -0.012977    0.008014
    7.347000   -0.001260    0.046814   -0.016124
    3.878000   -0.002361   -0.013811    0.005445
    2.201000   -0.000635   -0.002900    0.013987
    1.573000   -0.003356   -0.001552    0.010312
    3.600000   -0.000219   -0.012630    0.008870
    2.818000    0.000603   -0.006577    0.011637
    2.239000   -0.000943   -0.003058    0.012901
    8.322000    0.031447    0.033411    0.025284
    5.711000   -0.016556   -0.001051   -0.027536
    6.672000   -0.012965    0.026981   -0.034921
    8.703000    0.041901    0.017125    0.014055
    4.786000   -0.010877   -0.013139   -0.006053
    5.578000   -0.016311   -0.003828   -0.025676
    5.981000   -0.017083    0.005117   -0.033658
    8.784000    0.045644    0.011439    0.011543
    8.918000    0.048503    0.003103    0.001074
    1.521000   -0.003791   -0.001354    0.008738
    4.577000   -0.008782   -0.013896   -0.001219
    1.224000   -0.004232   -0.002283    0.009530
    6.196000   -0.016886    0.010655   -0.037273
    5.708000   -0.016550   -0.001099   -0.027638
    5.142000   -0.012880   -0.010556   -0.010413
    6.466000   -0.015083    0.020220   -0.037706
    4.473000   -0.007360   -0.014346    0.002175
    8.287000    0.030118    0.034711    0.025163
    7.918000    0.016352    0.044338    0.014286
    5.129000   -0.013677   -0.010532   -0.014170
    3.139000    0.000585   -0.009215    0.009258
    2.140000   -0.001660   -0.002010    0.010661
    9.586000    0.055426   -0.034555   -0.048793
    8.650000    0.039727    0.020437    0.015030
    7.424000    0.001071    0.043004   -0.008342
    2.906000    0.000920   -0.007535    0.012051
    5.221000   -0.013996   -0.009485   -0.015262
    9.709000    0.056539   -0.042490   -0.064746
    3.376000    0.000747   -0.011180    0.010611
    3.777000   -0.001278   -0.013513    0.008373
    3.101000    0.000670   -0.008849    0.009568
    2.536000    0.000409   -0.004774    0.014243
    4.120000   -0.004818   -0.014160    0.002839
    3.946000   -0.002662   -0.014029    0.006256
    9.194000    0.054310   -0.016291   -0.024663
    2.351000   -0.000529   -0.003403    0.012917
    8.468000    0.034315    0.029599    0.021903
    8.559000    0.038149    0.024036    0.020637
    3.415000    0.000673   -0.011524    0.010573
    9.185000    0.054215   -0.013758   -0.019341
    9.588000    0.056879   -0.037826   -0.056472
    6.641000   -0.013242    0.027053   -0.036361
    1.729000   -0.003031   -0.000961    0.009371
    7.830000    0.014258    0.043603    0.013391
    5.213000   -0.014335   -0.009694   -0.016544
    6.197000   -0.017003    0.010587   -0.037683
    0.654000   -0.005327   -0.003705    0.007282
    1.071000   -0.005237   -0.001679    0.005372
    1.387000   -0.004031   -0.001530    0.008881
    0.357000   -0.005651   -0.004492    0.006082
    0.227000   -0.005501   -0.004811    0.006542
    1.810000   -0.002566   -0.001636    0.011072
    1.408000   -0.004191   -0.001112    0.007704
    6.119000   -0.017199    0.008612   -0.036849
    2.444000   -0.000521   -0.003696    0.011662
    7.935000    0.015958    0.047243    0.012123
    7.281000   -0.002758    0.045606   -0.018885
    0.372000   -0.005909   -0.004243    0.004738
    8.248000    0.027236    0.037893    0.022683
    4.261000   -0.006296   -0.014320    0.001076
    6.485000   -0.014900    0.021010   -0.037309
    2.446000   -0.000524   -0.003658    0.011231
    3.324000    0.000974   -0.010939    0.010806
    3.839000   -0.001941   -0.013725    0.005999
    6.953000   -0.009063    0.034993   -0.028296
    2.778000    0.000161   -0.005999    0.010099
    6.565000   -0.014152    0.023299   -0.036266
    8.368000    0.032007    0.032649    0.024164
    1.870000   -0.002650   -0.001046    0.009668
    0.913000   -0.004957   -0.002989    0.008053
    1.165000   -0.004480   -0.002233    0.008776
    1.293000   -0.004547   -0.001318    0.007074
    8.593000    0.040641    0.021808    0.020488
    1.925000   -0.002300   -0.001408    0.010514
    9.286000    0.055488   -0.020888   -0.030330
    1.123000   -0.004802   -0.002152    0.007469
    2.936000    0.000838   -0.007709    0.011514
    4.764000   -0.009975   -0.013295   -0.002631
    4.802000   -0.011135   -0.013115   -0.006719
    5.069000   -0.012453   -0.011185   -0.009457
    7.408000    0.000023    0.045997   -0.012798
    7.945000    0.018205    0.042344    0.018152
    1.152000   -0.004691   -0.001986    0.007552
    8.335000    0.029821    0.035275    0.022386
    1.613000   -0.003362   -0.001355    0.009821
    1.703000   -0.002937   -0.001459    0.010719
    4.482000   -0.007959   -0.014231   -0.000213
    8.709000    0.041282    0.016656    0.011427
    4.911000   -0.011144   -0.012423   -0.005522
    0.538000   -0.005430   -0.004007    0.006860
    0.632000   -0.005858   -0.003315    0.004321
    2.764000    0.001046   -0.006374    0.014058
    5.008000   -0.012513   -0.011639   -0.010350
    6.880000   -0.010184    0.033421   -0.030579
    1.986000   -0.001922   -0.001924    0.011633
    0.448000   -0.005838   -0.003962    0.004838
    1.549000   -0.003209   -0.001897    0.011167
    4.014000   -0.003185   -0.014205    0.006555
    8.205000    0.027086    0.037332    0.024239
    8.735000    0.044103    0.014580    0.013950
    8.262000    0.028951    0.035864    0.024505
    2.338000   -0.000866   -0.002803    0.011185
    3.086000    0.000718   -0.008735    0.009664
    4.274000   -0.005592   -0.014499    0.005578
    3.857000   -0.001802   -0.013936    0.006608
    2.660000    0.000153   -0.005234    0.011820
    9.060000    0.051827   -0.006208   -0.010135
    7.136000   -0.005964    0.040519   -0.023551
    5.741000   -0.016827   -0.000436   -0.029302
    8.946000    0.050636    0.001692    0.001485
    4.569000   -0.008554   -0.014013   -0.000499
    8.622000    0.038856    0.021780    0.015655
    0.130000   -0.005697   -0.004939    0.005228
    8.189000    0.027121    0.037184    0.024869
    2.076000   -0.001730   -0.001651    0.010699
    5.070000   -0.013395   -0.011088   -0.013264
    7.943000    0.016493    0.046369    0.013110
    6.818000   -0.011096    0.031468   -0.032093
    9.966000    0.050291   -0.046024   -0.067109
    0.681000   -0.005238   -0.003797    0.007778
    7.660000    0.008333    0.044377    0.004413
    0.589000   -0.005469   -0.003769    0.006469
    0.284000   -0.005449   -0.004762    0.006732
    8.725000    0.041874    0.015721    0.012023
    0.918000   -0.005620   -0.002223    0.004429
    4.639000   -0.009855   -0.013764   -0.003982
    8.082000    0.021370    0.043391    0.018340
    5.255000   -0.014062   -0.008907   -0.015356
    9.162000    0.053373   -0.014568   -0.024523
    3.012000    0.000902   -0.008224    0.011469
    2.435000   -0.000612   -0.003283    0.010733
    0.098000   -0.005594   -0.005011    0.005582
    0.101000   -0.004918   -0.005508    0.009065
    2.417000   -0.000038   -0.003986    0.013864
    7.946000    0.018121    0.042294    0.017710
    1.564000   -0.003625   -0.001330    0.009065
    4.007000   -0.003214   -0.014146    0.007681
    6.460000   -0.015168    0.019891   -0.037655
    3.498000    0.000110   -0.012105    0.008583
    3.823000   -0.002319   -0.013510    0.004440
    8.199000    0.024801    0.040781    0.020212
    6.956000   -0.008768    0.037990   -0.029925
    6.708000   -0.012527    0.029088   -0.035369
    8.801000    0.046415    0.010439    0.010614
    1.499000   -0.003808   -0.001193    0.008640
    8.555000    0.037003    0.025580    0.019746
    0.174000   -0.005577   -0.004778    0.005809
    3.733000   -0.000920   -0.013347    0.008143
    3.398000    0.000451   -0.011309    0.008913
    7.279000   -0.003034    0.043510   -0.018156
    2.526000   -0.000367   -0.003972    0.010587
    3.245000    0.000897   -0.010225    0.009774
    3.664000   -0.000821   -0.012861    0.006753
    5.791000   -0.016787    0.000629   -0.029519
    5.070000   -0.012382   -0.011252   -0.008904
    7.061000   -0.007275    0.038970   -0.026100
    7.684000    0.008201    0.045745    0.002751
    5.141000   -0.012995   -0.010347   -0.011348
    2.410000   -0.000038   -0.003983    0.013784
    3.078000    0.000863   -0.008875    0.010433
    6.009000   -0.017001    0.005947   -0.033652
    8.693000    0.040928    0.017293    0.012106
    8.114000    0.022506    0.042778    0.019315
    7.136000   -0.005760    0.042367   -0.024382
    4.879000   -0.010836   -0.012761   -0.004238
    0.911000   -0.005388   -0.002331    0.005754
    0.384000   -0.005105   -0.004893    0.008711
    8.557000    0.039530    0.023520    0.021879
    9.743000    0.055272   -0.042327   -0.062011
    8.330000    0.030497    0.034755    0.023869
    2.075000   -0.001594   -0.002206    0.012192
    0.083000   -0.005223   -0.005403    0.007700
    3.326000    0.000600   -0.010754    0.008628
    1.722000   -0.002939   -0.001204    0.009986
    7.160000   -0.004689    0.044317   -0.022871
    9.875000    0.053241   -0.045482   -0.066589
    5.189000   -0.013338   -0.009819   -0.012156
    0.878000   -0.005046   -0.003266    0.007927
    0.668000   -0.005808   -0.003316    0.004650
    5.348000   -0.015267   -0.007969   -0.020229
    7.968000    0.018975    0.041919    0.019112
    2.607000    0.000486   -0.005307    0.013559
    7.047000   -0.007353    0.040183   -0.027270
    8.345000    0.030696    0.034467    0.023568
    9.904000    0.051924   -0.045217   -0.067429
    8.303000    0.030164    0.034266    0.024595
    4.186000   -0.004635   -0.014506    0.005939
    2.823000    0.000572   -0.006533    0.011413
    9.425000    0.056711   -0.030326   -0.047088
    7.104000   -0.006370    0.038399   -0.022991
    1.703000   -0.003263   -0.000800    0.008498
    5.249000   -0.014280   -0.009082   -0.016381
    2.077000   -0.001929   -0.001478    0.009953
    6.991000   -0.007931    0.039629   -0.028668
    1.839000   -0.002380   -0.001808    0.011679
    2.713000    0.000700   -0.005978    0.013524
    9.948000    0.050745   -0.045783   -0.067362
    1.666000   -0.003169   -0.001449    0.010124
    2.916000    0.000738   -0.007471    0.011280
    1.270000   -0.004374   -0.001977    0.008428
    6.817000   -0.011064    0.032230   -0.032702
    8.348000    0.030330    0.035093    0.022773
    3.320000    0.000313   -0.010593    0.007700
    2.051000   -0.001575   -0.002152    0.012237
    6.476000   -0.014964    0.019834   -0.036432
    7.733000    0.009567    0.048322    0.003395
    8.306000    0.029319    0.035973    0.023194
    7.706000    0.008610    0.049249    0.001485
    9.090000    0.051958   -0.009652   -0.017803
    0.661000   -0.005544   -0.003629    0.006254
    4.007000   -0.003284   -0.014194    0.004577
    6.584000   -0.013818    0.023585   -0.035037
    9.522000    0.055844   -0.031231   -0.043787
    3.183000    0.000984   -0.009810    0.010578
    4.594000   -0.008954   -0.013919   -0.001661
    0.600000   -0.005608   -0.003672    0.006048
    6.567000   -0.013999    0.023070   -0.035309
    0.506000   -0.005539   -0.004145    0.006425
    8.546000    0.036971    0.025443    0.020049
    2.505000   -0.000246   -0.003924    0.011242
    4.352000   -0.007255   -0.014257    0.000066
    8.186000    0.026443    0.037894    0.023927
    9.862000    0.053979   -0.045810   -0.068139
    9.604000    0.057176   -0.038480   -0.057339
    2.508000   -0.000175   -0.004393    0.012295
    8.619000    0.040752    0.020730    0.019478
    5.222000   -0.013853   -0.009271   -0.014705
    2.326000   -0.000582   -0.003257    0.012940
    7.832000    0.013116    0.044895    0.010214
    1.329000   -0.004333   -0.001444    0.007919
    3.350000    0.000594   -0.011022    0.008423
    9.074000    0.052792   -0.005604   -0.007567
    3.946000   -0.002810   -0.014047    0.005001
    9.298000    0.055711   -0.023319   -0.035295
    7.980000    0.018138    0.045423    0.015224
    1.534000   -0.004013   -0.000784    0.007126
    9.001000    0.050211   -0.002706   -0.006738
    1.215000   -0.004275   -0.002273    0.009321
    1.957000   -0.001737   -0.002058    0.012857
    7.216000   -0.004053    0.044700   -0.021497
    5.644000   -0.016017   -0.002791   -0.024220
    3.433000    0.000091   -0.011391    0.007218
    5.805000   -0.017251    0.000221   -0.031529
    5.592000   -0.015804   -0.003712   -0.023127
    4.939000   -0.012033   -0.012209   -0.008842
    7.864000    0.013770    0.047694    0.009492
    8.102000    0.023901    0.039588    0.023216
    5.126000   -0.012826   -0.010750   -0.010005
    4.298000   -0.005825   -0.014476    0.003706
    6.020000   -0.016971    0.006123   -0.033486
    9.552000    0.057222   -0.036905   -0.056124
    3.795000   -0.001457   -0.013540    0.007201
    0.353000   -0.005150   -0.004862    0.008512
    1.668000   -0.002970   -0.001728    0.011179
    5.491000   -0.016160   -0.005826   -0.024251
    2.226000   -0.001007   -0.002879    0.012495
    6.972000   -0.008721    0.037416   -0.029220
    4.730000   -0.009664   -0.013476   -0.001557
    4.405000   -0.006730   -0.014471    0.003082
    9.661000    0.056329   -0.040371   -0.059950
    2.712000    0.000749   -0.006115    0.013339
    8.922000    0.050188    0.003576    0.003758
    4.819000   -0.010455   -0.012989   -0.004029
    6.788000   -0.011375    0.030285   -0.031884
    0.980000   -0.005209   -0.002218    0.006113
    5.577000   -0.016600   -0.004341   -0.026557
    2.276000   -0.000694   -0.003022    0.012879
    7.007000   -0.008304    0.037760   -0.028192
    4.375000   -0.006485   -0.014437    0.003542
    7.522000    0.003017    0.045551   -0.006376
    5.957000   -0.016992    0.004630   -0.032671
    4.666000   -0.009535   -0.013710   -0.002601
    1.519000   -0.003948   -0.000788    0.007433
    5.324000   -0.014249   -0.008239   -0.015688
    8.865000    0.046136    0.006767    0.003965
    1.753000   -0.002881   -0.001501    0.010474
    3.631000   -0.000587   -0.012855    0.007223
    7.152000   -0.005141    0.043561   -0.023563
    8.397000    0.033921    0.030515    0.024746
    1.044000   -0.004851   -0.002633    0.007905
    8.646000    0.042502    0.018619    0.018652
    5.650000   -0.016193   -0.002486   -0.025395
    8.556000    0.038779    0.023792    0.021304
    2.652000    0.000242   -0.005446    0.012234
    6.854000   -0.010489    0.032567   -0.030831
    6.182000   -0.016861    0.010975   -0.037082
    9.033000    0.051152   -0.004409   -0.007834
    2.996000    0.000952   -0.008181    0.011700
    8.009000    0.020169    0.041348    0.019787
    4.645000   -0.008796   -0.013882    0.000426
    6.711000   -0.012407    0.029129   -0.034853
    4.776000   -0.010146   -0.013246   -0.003102
    3.628000   -0.000356   -0.012844    0.008280
    0.165000   -0.005300   -0.005111    0.007314
    6.861000   -0.010259    0.034982   -0.032334
    5.303000   -0.014390   -0.008263   -0.016830
    0.747000   -0.005097   -0.003746    0.008287
    1.171000   -0.004918   -0.001636    0.006415
    6.994000   -0.008315    0.038440   -0.028815
    5.424000   -0.014878   -0.006645   -0.018492
    4.519000   -0.007693   -0.014225    0.002398
    7.198000   -0.004502    0.040779   -0.019803
    5.732000   -0.016620   -0.000683   -0.028046
    2.712000    0.000832   -0.005921    0.013719
    6.918000   -0.009513    0.035842   -0.030515
    5.875000   -0.017012    0.002574   -0.031501
    3.754000   -0.001757   -0.013164    0.005091
    6.507000   -0.014672    0.021774   -0.037088
    2.982000    0.001283   -0.008029    0.013320
    5.795000   -0.016553    0.000435   -0.028165
    1.274000   -0.004649   -0.001294    0.006756
    3.817000   -0.001601   -0.013682    0.006783
    7.591000    0.005064    0.047158   -0.003513
    4.763000   -0.010672   -0.013227   -0.005410
    2.387000   -0.000683   -0.003175    0.011581
    5.840000   -0.017246    0.001258   -0.032139
    1.256000   -0.004879   -0.001184    0.005798
    2.217000   -0.000665   -0.003123    0.014165
    8.931000    0.050617    0.002952    0.003119
    0.903000   -0.005672   -0.002292    0.004357
    6.253000   -0.016516    0.013093   -0.037324
    9.711000    0.056568   -0.042584   -0.063882
    4.471000   -0.007518   -0.014265    0.001245
    7.402000   -0.000072    0.045903   -0.012946
    1.706000   -0.003344   -0.000698    0.008156
    8.310000    0.031407    0.033746    0.025846
    5.917000   -0.016843    0.003106   -0.030839
    6.247000   -0.016648    0.012443   -0.037592
    6.154000   -0.016789    0.010001   -0.035726
    6.992000   -0.008452    0.036241   -0.027353
    6.930000   -0.009457    0.035045   -0.029557
    4.508000   -0.007859   -0.014214    0.001006
    8.176000    0.025766    0.038964    0.023003
    8.444000    0.033226    0.031081    0.020996
    5.584000   -0.015983   -0.003581   -0.024312
    6.977000   -0.008313    0.038579   -0.028987
    6.273000   -0.016433    0.013519   -0.037553
    8.629000    0.038999    0.021346    0.016021
    7.735000    0.009359    0.048667    0.002921
    1.219000   -0.004384   -0.002142    0.008760
    3.998000   -0.003053   -0.014177    0.005306
    7.254000   -0.003379    0.045099   -0.020072
    1.966000   -0.001843   -0.001888    0.012151
    6.660000   -0.013028    0.027410   -0.035786
    3.475000   -0.000227   -0.011566    0.006892
    2.836000    0.000853   -0.006894    0.012291
    0.215000   -0.005194   -0.005316    0.008092
    7.865000    0.013704    0.048609    0.008995
    4.508000   -0.007712   -0.014261    0.001351
    5.262000   -0.013975   -0.008919   -0.015004
    1.624000   -0.003235   -0.001469    0.010252
    4.545000   -0.008151   -0.014055    0.000541
    4.550000   -0.008253   -0.014135    0.000302
    7.774000    0.010869    0.048597    0.005206
    8.320000    0.030523    0.033866    0.024614
    8.377000    0.031391    0.033402    0.022437
    9.446000    0.057231   -0.032085   -0.049612
    4.987000   -0.011771   -0.011921   -0.006970
    0.083000   -0.005592   -0.005017    0.005415
    7.231000   -0.003996    0.042667   -0.019935
    6.724000   -0.012279    0.028912   -0.034052
    9.010000    0.050579   -0.003141   -0.006384
    6.595000   -0.013785    0.025056   -0.036555
    3.537000    0.000051   -0.012265    0.009524
    4.382000   -0.007350   -0.014263    0.000046
    8.241000    0.026710    0.038371    0.022043
    9.831000    0.053543   -0.044147   -0.063980
    7.585000    0.004969    0.045906   -0.002913
    1.860000   -0.002745   -0.000973    0.009311
    3.829000   -0.001820   -0.013641    0.008705
    9.080000    0.051961   -0.009172   -0.017638
    4.263000   -0.005375   -0.014486    0.004271
    6.215000   -0.016607    0.011907   -0.036732
    5.306000   -0.014294   -0.008199   -0.016132
    9.772000    0.055583   -0.043894   -0.065149
    5.995000   -0.017440    0.004667   -0.035123
    9.590000    0.057252   -0.038198   -0.057418
    5.314000   -0.014984   -0.008400   -0.019067
    2.448000   -0.000308   -0.003751    0.012005
    6.029000   -0.016910    0.006254   -0.033358
    7.247000   -0.003759    0.043006   -0.019571
    6.795000   -0.011337    0.031509   -0.033032
    3.778000   -0.001280   -0.013486    0.008492
    4.870000   -0.010958   -0.012688   -0.005238
    6.776000   -0.011567    0.029806   -0.032177
    0.491000   -0.005589   -0.004057    0.006147
    2.831000    0.000479   -0.006767    0.011568
    3.078000    0.000623   -0.008635    0.009042
    8.825000    0.047890    0.008976    0.009678
    5.421000   -0.015355   -0.006573   -0.020883
    4.758000   -0.010655   -0.013221   -0.005451
    8.549000    0.039598    0.023695    0.022286
    7.363000   -0.001030    0.043437   -0.013346
    6.923000   -0.009480    0.035619   -0.030205
    6.366000   -0.015934    0.016659   -0.038003
    7.133000   -0.005671    0.042868   -0.024506
    7.399000   -0.000307    0.045808   -0.013397
    5.542000   -0.015596   -0.004609   -0.021803
    7.490000    0.002148    0.046771   -0.008842
    7.682000    0.008766    0.044285    0.004915
    1.111000   -0.005121   -0.001552    0.005584
    5.437000   -0.015704   -0.006623   -0.022271
    0.718000   -0.005810   -0.003089    0.004665
    6.193000   -0.016704    0.011210   -0.036666
    6.952000   -0.008908    0.034907   -0.027705
    0.270000   -0.005692   -0.004530    0.005382
    3.856000   -0.001885   -0.013881    0.007656
    4.149000   -0.004758   -0.014327    0.003433
    5.794000   -0.016890    0.000716   -0.030169
    9.438000    0.056803   -0.031147   -0.046934
    1.524000   -0.003712   -0.001120    0.008718
    9.962000    0.050515   -0.046085   -0.066459
    6.553000   -0.014120    0.022172   -0.035002
    3.278000    0.001064   -0.010567    0.010808
    7.056000   -0.007176    0.039967   -0.026595
    4.441000   -0.007008   -0.014337    0.002671
    1.682000   -0.002939   -0.001567    0.010854
    9.508000    0.057074   -0.034185   -0.053239
    3.447000    0.000454   -0.011800    0.009307
    7.046000   -0.007335    0.040170   -0.027211
    3.285000    0.000986   -0.010544    0.011374
    2.284000   -0.001118   -0.002682    0.011228
    1.421000   -0.004280   -0.001013    0.007197
    6.689000   -0.012675    0.028696   -0.035657
    3.864000   -0.002067   -0.013767    0.005602
    9.113000    0.052503   -0.010013   -0.015298
    7.201000   -0.004710    0.041886   -0.021209
    8.823000    0.044975    0.009044    0.005082
    4.558000   -0.008396   -0.014034   -0.000397
    7.823000    0.014078    0.043584    0.013053
    0.755000   -0.005653   -0.003003    0.005152
    9.232000    0.054459   -0.019093   -0.030902
    7.300000   -0.002474    0.042291   -0.015871
    1.082000   -0.004701   -0.002538    0.008448
    6.020000   -0.017103    0.006191   -0.034435
    9.037000    0.052069   -0.003889   -0.005752
    1.753000   -0.002808   -0.001655    0.010803
    3.341000    0.000186   -0.010744    0.007671
    5.524000   -0.015882   -0.004873   -0.023549
    5.926000   -0.017350    0.003324   -0.033801
    5.823000   -0.016777    0.001152   -0.029402
    9.180000    0.054327   -0.013337   -0.018844
    6.849000   -0.010566    0.031918   -0.030579
    2.890000    0.000576   -0.007051    0.010337
    6.913000   -0.009424    0.036303   -0.030683
    6.747000   -0.011682    0.031148   -0.034297
    2.987000    0.000646   -0.007777    0.009478
    1.391000   -0.003941   -0.001816    0.009331
    6.082000   -0.017020    0.007982   -0.035405
    5.842000   -0.017339    0.001287   -0.032462
    0.500000   -0.005387   -0.004351    0.007215
    4.473000   -0.008419   -0.014129   -0.001556
    2.311000   -0.000726   -0.003170    0.012427
    5.766000   -0.016727    0.000224   -0.029083
    0.344000   -0.005198   -0.005049    0.008252
    8.903000    0.047358    0.004058    0.001346
    3.948000   -0.002575   -0.014125    0.006602
    0.023000   -0.005010   -0.005642    0.008338
    3.002000    0.000731   -0.008136    0.010327
    3.637000   -0.000461   -0.012790    0.009088
    4.389000   -0.006687   -0.014417    0.003138
    2.846000    0.000518   -0.006866    0.011584
    0.432000   -0.005535   -0.004379    0.006692
    4.892000   -0.011460   -0.012573   -0.007163
    5.023000   -0.012759   -0.011575   -0.011084
    4.691000   -0.010039   -0.013509   -0.004013
    7.172000   -0.005163    0.040251   -0.021134
    1.029000   -0.004731   -0.002753    0.008591
    0.759000   -0.005437   -0.003200    0.006218
    8.030000    0.020001    0.043217    0.017930
    4.704000   -0.009712   -0.013574   -0.002678
    7.787000    0.012088    0.044620    0.009312
    6.501000   -0.014749    0.021168   -0.036907
    0.547000   -0.005413   -0.004213    0.007275
    5.953000   -0.017457    0.003808   -0.034563
    2.195000   -0.001343   -0.002423    0.011532
    6.481000   -0.015016    0.020948   -0.037841
    6.177000   -0.016750    0.010425   -0.035874
    9.054000    0.051249   -0.006836   -0.012022
    1.895000   -0.001990   -0.002028    0.012619
    0.550000   -0.005705   -0.003784    0.005646
    8.113000    0.023335    0.040516    0.021258
    1.426000   -0.003845   -0.001844    0.009531
    5.037000   -0.013087   -0.011446   -0.012250
    5.823000   -0.016794    0.001201   -0.029643
    8.683000    0.042220    0.017192    0.015883
    9.120000    0.052427   -0.011659   -0.020239
    6.282000   -0.016239    0.013460   -0.036047
    3.836000   -0.002142   -0.013619    0.004927
    2.756000    0.000672   -0.006379    0.012828
    6.370000   -0.015877    0.017095   -0.038080
    4.828000   -0.011176   -0.012931   -0.006678
    5.294000   -0.014160   -0.008422   -0.015700
    7.992000    0.020081    0.041754    0.019959
    9.982000    0.049032   -0.045350   -0.063864
    9.391000    0.056764   -0.028691   -0.043357
    2.815000    0.001142   -0.006770    0.013605
    8.348000    0.030550    0.034826    0.022699
    8.820000    0.046955    0.009358    0.009581
    5.365000   -0.014875   -0.007502   -0.018819
    4.705000   -0.009334   -0.013742   -0.000351
    7.566000    0.004383    0.046975   -0.004657
    9.874000    0.052551   -0.044988   -0.065096
    6.040000   -0.016854    0.006559   -0.033431
    9.771000    0.055375   -0.043952   -0.065983
    0.772000   -0.005467   -0.002977    0.005925
    7.171000   -0.005061    0.039971   -0.020641
    5.198000   -0.013627   -0.009610   -0.013820
    1.105000   -0.005061   -0.001835    0.006197
    8.686000    0.042970    0.016815    0.016723
    7.033000   -0.007468    0.040162   -0.027662
    0.723000   -0.005240   -0.003688    0.007532
    8.280000    0.028190    0.037276    0.022523
    7.545000    0.003900    0.049351   -0.006771
    9.351000    0.055679   -0.022659   -0.031299
    5.269000   -0.014202   -0.008628   -0.016055
    5.734000   -0.016933   -0.001050   -0.029549
    0.890000   -0.005479   -0.002465    0.005328
    3.502000    0.000353   -0.012031    0.010619
    9.009000    0.050014   -0.003267   -0.006802
    6.085000   -0.017120    0.007807   -0.035851
    1.741000   -0.003289   -0.000616    0.007916
    5.007000   -0.011960   -0.011712   -0.007838
    7.991000    0.019764    0.041697    0.019390
    5.980000   -0.017100    0.005346   -0.033880
    3.154000    0.001323   -0.009395    0.012647
    9.316000    0.055651   -0.020742   -0.028684
    8.731000    0.041980    0.014910    0.010351
    9.311000    0.055667   -0.022087   -0.031601
    8.246000    0.027674    0.037738    0.023115
    0.516000   -0.005290   -0.004356    0.007881
    6.234000   -0.016685    0.012380   -0.037567
    1.108000   -0.005043   -0.001620    0.005829
    2.726000    0.000789   -0.006095    0.013175
    8.426000    0.033577    0.030719    0.023311
    5.017000   -0.012752   -0.011611   -0.011092
    3.783000   -0.001761   -0.013371    0.005578
    3.578000   -0.000768   -0.012281    0.005932
    4.054000   -0.004062   -0.014144    0.003586
    5.953000   -0.017254    0.004190   -0.033924
    9.057000    0.052660   -0.004965   -0.007275
    3.057000    0.001030   -0.008762    0.011870
    4.031000   -0.003736   -0.014169    0.004083
    4.547000   -0.008169   -0.014084    0.000548
    2.653000    0.000851   -0.005611    0.014379
    7.991000    0.019161    0.042150    0.018247
    3.066000    0.001017   -0.008795    0.011696
    2.147000   -0.000982   -0.002680    0.013485
    1.561000   -0.003413   -0.001689    0.010371
    0.444000   -0.005316   -0.004544    0.007506
    9.966000    0.049414   -0.045195   -0.063835
    3.576000   -0.000348   -0.012497    0.007446
    0.077000   -0.005095   -0.005530    0.008196
    7.823000    0.013442    0.043937    0.011656
    4.488000   -0.008140   -0.014181   -0.000625
    4.191000   -0.004795   -0.014507    0.004693
    6.019000   -0.017227    0.006308   -0.035118
    2.646000    0.000579   -0.005597    0.013493
    5.072000   -0.012903   -0.010993   -0.011448
    6.122000   -0.016905    0.008948   -0.035481
    3.973000   -0.003129   -0.014014    0.004784
    6.277000   -0.016424    0.013868   -0.037707
    2.264000   -0.000866   -0.002828    0.012202
    8.357000    0.029883    0.035046    0.021163
    1.743000   -0.003077   -0.000725    0.008685
    6.239000   -0.016334    0.012231   -0.035526
    4.458000   -0.007301   -0.014343    0.001751
    7.062000   -0.007170    0.038111   -0.025071
    1.100000   -0.005169   -0.001765    0.005688
    6.166000   -0.016765    0.010228   -0.035904
    8.541000    0.038585    0.024285    0.022078
    8.120000    0.024244    0.039522    0.022781
    6.030000   -0.017074    0.006645   -0.034511
    7.305000   -0.002496    0.043218   -0.016632
    0.286000   -0.005701   -0.004492    0.005457
    0.874000   -0.005154   -0.002898    0.007192
    8.440000    0.035936    0.028758    0.024606
    3.791000   -0.001489   -0.013586    0.007054
    5.296000   -0.014030   -0.008659   -0.014550
    2.415000   -0.000496   -0.003417    0.011691
    7.565000    0.004372    0.048212   -0.005325
    9.541000    0.056447   -0.034688   -0.050477
    3.238000    0.001095   -0.010191    0.011864
    3.122000    0.001186   -0.009190    0.012782
    2.198000   -0.001234   -0.002602    0.011858
    9.150000    0.053091   -0.013341   -0.021729
    9.955000    0.050719   -0.045960   -0.066300
    4.856000   -0.010700   -0.012886   -0.003568
    2.206000   -0.001444   -0.002019    0.010343
    8.558000    0.038530    0.023879    0.021176
    7.486000    0.002181    0.047091   -0.008962
    1.255000   -0.004535   -0.001508    0.007503
    2.129000   -0.001795   -0.001617    0.009904
    9.388000    0.056863   -0.028699   -0.044070
    2.043000   -0.001960   -0.001524    0.010510
    5.330000   -0.014388   -0.008004   -0.016423
    4.762000   -0.009893   -0.013350   -0.002216
    0.349000   -0.005249   -0.004957    0.008243
    6.888000   -0.010151    0.033873   -0.030870
    0.575000   -0.005189   -0.004249    0.008368
    4.427000   -0.006881   -0.014389    0.003006
    4.647000   -0.008862   -0.013924    0.000476
    8.067000    0.021389    0.042267    0.019224
    1.401000   -0.004491   -0.000805    0.006186
    4.686000   -0.009464   -0.013638   -0.001957
    4.778000   -0.010288   -0.013174   -0.003884
    2.418000   -0.000081   -0.004116    0.013972
    8.637000    0.039479    0.020769    0.016549
    9.768000    0.055625   -0.043962   -0.065451
    8.680000    0.040630    0.018672    0.014898
    7.747000    0.011238    0.044177    0.008798
    1.118000   -0.004730   -0.002127    0.007819
    3.017000    0.001240   -0.008425    0.012550
    1.406000   -0.004384   -0.000707    0.006401
    0.933000   -0.004894   -0.002898    0.008393
    3.479000   -0.000112   -0.011803    0.006878
    5.876000   -0.017094    0.002766   -0.032193
    9.863000    0.053441   -0.045367   -0.066562
    8.107000    0.023927    0.039433    0.023051
    5.569000   -0.016130   -0.004059   -0.024839
    5.468000   -0.015916   -0.006223   -0.023195
    1.073000   -0.004662   -0.002547    0.008584
    6.509000   -0.014577    0.020920   -0.035705
    4.839000   -0.011145   -0.012765   -0.006440
    2.462000    0.000001   -0.004154    0.013492
    5.500000   -0.015419   -0.005411   -0.020949
    2.057000   -0.001435   -0.002240    0.012641
    8.563000    0.039802    0.023118    0.021756
    5.668000   -0.016320   -0.001914   -0.026155
    5.859000   -0.017020    0.002217   -0.031316
    2.931000    0.000946   -0.007758    0.012478
    1.410000   -0.004354   -0.000896    0.006815
    2.931000    0.001172   -0.007643    0.013230
    2.032000   -0.001934   -0.001839    0.011179
    8.612000    0.038697    0.022338    0.015808
    4.403000   -0.006792   -0.014416    0.003906
    4.572000   -0.008844   -0.013977   -0.001527
    4.264000   -0.005684   -0.014374    0.003139
    0.222000   -0.005264   -0.005088    0.007643
    8.723000    0.041997    0.015511    0.011694
    1.915000   -0.002362   -0.001326    0.010324
    1.442000   -0.003813   -0.001515    0.009233
    3.142000    0.000492   -0.009198    0.009061
    6.275000   -0.016444    0.013613   -0.037671
    5.798000   -0.016904    0.000762   -0.030291
    6.823000   -0.010844    0.033094   -0.032760
    8.751000    0.042603    0.013801    0.009304
    9.741000    0.055870   -0.043308   -0.064585
    1.385000   -0.004337   -0.001026    0.007070
    2.940000    0.000684   -0.007482    0.010279
    0.396000   -0.005315   -0.004677    0.007552
    1.240000   -0.004757   -0.001527    0.006483
    6.177000   -0.016759    0.010563   -0.036111
    5.585000   -0.015921   -0.003747   -0.023758
    8.768000    0.046221    0.011971    0.012614
    8.378000    0.031360    0.033681    0.022768
    6.092000   -0.016892    0.008034   -0.034554
    6.030000   -0.016850    0.005928   -0.032785
    6.934000   -0.009363    0.036081   -0.030144
    8.639000    0.040936    0.019674    0.018307
    3.925000   -0.002567   -0.013980    0.005326
    0.649000   -0.005223   -0.003846    0.007696
    3.470000    0.000305   -0.011820    0.010655
    2.681000    0.000148   -0.005141    0.010612
    1.309000   -0.004046   -0.001961    0.009637
    9.956000    0.050964   -0.046262   -0.067810
    8.522000    0.036522    0.026251    0.021408
    0.276000   -0.005056   -0.005304    0.008936
    7.894000    0.014867    0.045814    0.011674
    7.027000   -0.007252    0.040681   -0.027452
    1.054000   -0.004699   -0.002593    0.008533
    2.503000   -0.000336   -0.003880    0.010846
    3.886000   -0.002202   -0.013933    0.006382
    5.925000   -0.017039    0.003739   -0.032313
    6.501000   -0.014865    0.021273   -0.037358
    3.933000   -0.002532   -0.014074    0.006568
    4.501000   -0.007725   -0.014229    0.001300
    8.516000    0.038456    0.025017    0.023096
    7.074000   -0.006629    0.041515   -0.026214
    3.800000   -0.001529   -0.013608    0.008096
    5.172000   -0.013062   -0.010234   -0.010926
    8.587000    0.040669    0.021605    0.020871
    0.443000   -0.005335   -0.004506    0.007383
    7.981000    0.018487    0.042973    0.016975
    9.035000    0.051917   -0.003883   -0.005804
    0.107000   -0.005081   -0.005378    0.008259
    0.167000   -0.005136   -0.005274    0.008049
    0.490000   -0.005301   -0.004365    0.007663
    7.277000   -0.002950    0.044166   -0.018409
    5.490000   -0.015462   -0.005320   -0.021488
    3.619000   -0.000560   -0.012712    0.006610
    4.539000   -0.008665   -0.013986   -0.001448
    5.100000   -0.013548   -0.010836   -0.013696
    0.568000   -0.005651   -0.003735    0.005806
    1.417000   -0.004184   -0.001325    0.007890
    9.916000    0.050666   -0.044824   -0.066275
    2.673000    0.000019   -0.005077    0.010620
    7.729000    0.009513    0.048568    0.003199
    8.069000    0.020378    0.044408    0.016942
    8.379000    0.033635    0.031288    0.025401
    6.815000   -0.010926    0.033364   -0.033281
    8.687000    0.041067    0.017893    0.014806
    8.994000    0.051013   -0.001153   -0.002475
    1.198000   -0.004550   -0.002009    0.007985
    3.249000    0.000758   -0.010177    0.009739
    8.929000    0.049341    0.002649    0.001356
    4.441000   -0.007020   -0.014430    0.003313
    0.545000   -0.005482   -0.004139    0.006787
    1.205000   -0.004765   -0.001741    0.006843
    9.753000    0.055099   -0.042620   -0.064983
    4.311000   -0.006428   -0.014370    0.001502
    2.389000   -0.000503   -0.003410    0.012119
    1.652000   -0.002906   -0.001609    0.011351
    7.706000    0.008646    0.049547    0.001439
    4.486000   -0.007642   -0.014307    0.001083
    0.476000   -0.005168   -0.004737    0.008577
    3.007000    0.000571   -0.007964    0.009499
    1.232000   -0.004735   -0.001445    0.006838
    7.911000    0.015918    0.045066    0.013329
    8.466000    0.034697    0.029451    0.022540
    7.884000    0.014772    0.044986    0.012073
    2.059000   -0.001710   -0.001882    0.011361
    4.158000   -0.005377   -0.014180    0.002035
    3.069000    0.000750   -0.008589    0.009825
    9.314000    0.055662   -0.024456   -0.038073
    9.605000    0.056676   -0.037832   -0.055540
    0.729000   -0.005625   -0.003181    0.005532
    7.169000   -0.005342    0.041086   -0.022250
    6.033000   -0.017009    0.006646   -0.034157
    5.433000   -0.015208   -0.006286   -0.020259
    5.272000   -0.014851   -0.008991   -0.018441
    5.322000   -0.014666   -0.007986   -0.017933
    9.550000    0.057271   -0.036688   -0.056054
    6.420000   -0.015441    0.018577   -0.037724
    6.587000   -0.013956    0.024566   -0.036810
    6.171000   -0.016788    0.010377   -0.036264
    3.134000    0.001104   -0.009373    0.012204
    3.986000   -0.002905   -0.014169    0.007836
    9.081000    0.053038   -0.006473   -0.008775
    2.465000    0.000336   -0.004365    0.014472
    0.432000   -0.005443   -0.004478    0.007151
    9.619000    0.056872   -0.038850   -0.057617
    4.689000   -0.009500   -0.013652   -0.002086
    9.929000    0.052036   -0.046210   -0.068021
    5.329000   -0.015154   -0.008330   -0.019703
    2.702000    0.000322   -0.005830    0.012454
    9.084000    0.052169   -0.008035   -0.012674
    2.617000    0.000133   -0.005023    0.012141
    2.450000   -0.000037   -0.004235    0.013545
    9.563000    0.056294   -0.034521   -0.049599
    3.044000    0.000773   -0.008524    0.009919
    2.690000    0.000754   -0.005811    0.013453
    4.475000   -0.007778   -0.014270    0.000294
    6.741000   -0.012078    0.030235   -0.034546
    5.807000   -0.016995    0.000968   -0.030749
    2.038000   -0.001625   -0.002081    0.012244
    8.259000    0.026696    0.038853    0.020883
    4.599000   -0.009352   -0.013839   -0.002981
    5.163000   -0.013570   -0.010026   -0.013712
    4.196000   -0.004808   -0.014482    0.005569
    6.093000   -0.016994    0.008281   -0.035354
    3.328000    0.000544   -0.010676    0.008212
    3.588000   -0.000151   -0.012560    0.008641
    2.036000   -0.001700   -0.002244    0.012026
    8.516000    0.036783    0.026233    0.022225
    2.981000    0.000928   -0.008051    0.011974
    2.401000   -0.000380   -0.003855    0.013065
    1.619000   -0.003716   -0.000721    0.007544
    0.987000   -0.005429   -0.001933    0.005042
    0.361000   -0.005124   -0.004916    0.008613
    1.707000   -0.002619   -0.001775    0.011875
    7.243000   -0.003274    0.045361   -0.019972
    1.304000   -0.004532   -0.001356    0.007013
    2.451000   -0.000467   -0.003737    0.011844
    2.734000    0.000513   -0.006155    0.012845
    5.865000   -0.016765    0.002006   -0.029964
    8.647000    0.039824    0.020504    0.016150
    6.153000   -0.016815    0.009947   -0.035908
    3.019000    0.001011   -0.008352    0.011126
    8.567000    0.037157    0.024735    0.019060
    3.441000   -0.000083   -0.011402    0.006967
    9.339000    0.056089   -0.025606   -0.040443
    6.448000   -0.015243    0.019746   -0.037518
    3.290000    0.001033   -0.010631    0.011474
    8.261000    0.029583    0.035338    0.025562
    8.266000    0.029934    0.035259    0.025774
    4.685000   -0.010023   -0.013590   -0.004011
    1.653000   -0.003244   -0.001101    0.009343
    4.685000   -0.010091   -0.013550   -0.004352
    0.156000   -0.005349   -0.005020    0.006968
    2.273000   -0.000682   -0.003095    0.013147
    4.301000   -0.005822   -0.014398    0.005308
    6.001000   -0.017201    0.005804   -0.034595
    9.576000    0.057330   -0.038062   -0.057673
    0.056000   -0.004998   -0.005526    0.008669
    1.483000   -0.003539   -0.001842    0.010481
    7.038000   -0.007635    0.039337   -0.027431
    6.359000   -0.015896    0.016663   -0.037654
    6.488000   -0.014841    0.020760   -0.036874
    1.025000   -0.005005   -0.002500    0.007144
    4.043000   -0.003372   -0.014343    0.007069
    5.287000   -0.014823   -0.008637   -0.018467
    3.242000    0.001019   -0.010235    0.011531
    5.948000   -0.017416    0.003893   -0.034469
    7.146000   -0.005522    0.039688   -0.021658
    0.222000   -0.005220   -0.005240    0.008121
    4.283000   -0.006236   -0.014338    0.001603
    1.530000   -0.003260   -0.001748    0.010950
    8.395000    0.032944    0.031602    0.024217
    2.245000   -0.000752   -0.003175    0.013479
    7.776000    0.010826    0.047699    0.005546
    1.032000   -0.005364   -0.001950    0.005189
    1.413000   -0.003787   -0.001690    0.009828
    8.482000    0.034352    0.029394    0.020109
    3.594000   -0.000260   -0.012652    0.008705
    9.303000    0.055845   -0.023683   -0.036542
    1.867000   -0.002475   -0.001434    0.010548
    5.248000   -0.013795   -0.009090   -0.014021
    2.063000   -0.001716   -0.001900    0.011321
    2.181000   -0.001081   -0.002700    0.012888
    9.845000    0.053246   -0.044521   -0.064563
    5.303000   -0.014802   -0.008474   -0.018401
    9.342000    0.056142   -0.025998   -0.040408
    2.721000    0.000309   -0.005823    0.011939
    5.871000   -0.017264    0.001970   -0.032600
    7.355000   -0.001105    0.043323   -0.013458
    1.796000   -0.002869   -0.001172    0.009702
    5.730000   -0.016770   -0.000490   -0.029002
    0.654000   -0.005388   -0.003683    0.006857
    5.340000   -0.014701   -0.007685   -0.018115
    5.467000   -0.015425   -0.005636   -0.021290
    3.287000    0.000352   -0.010178    0.007656
    7.536000    0.003501    0.047836   -0.006801
    2.367000   -0.000076   -0.003788    0.014218
    7.133000   -0.005848    0.039079   -0.022067
    1.279000   -0.004392   -0.001608    0.007937
    4.483000   -0.007462   -0.014324    0.003024
    1.410000   -0.003729   -0.001833    0.010010
    7.314000   -0.001696    0.047337   -0.017414
    3.265000    0.000521   -0.010238    0.008626
    8.353000    0.031761    0.032570    0.024767
    8.674000    0.041756    0.018060    0.016462
    3.217000    0.000437   -0.009731    0.007941
    7.421000    0.000330    0.044010   -0.010777
    2.429000   -0.000003   -0.004067    0.013690
    6.271000   -0.016534    0.013053   -0.037761
    1.118000   -0.005124   -0.001549    0.005458
    9.494000    0.057070   -0.032729   -0.047892
    8.726000    0.042039    0.015387    0.012733
    2.785000    0.000998   -0.006587    0.013630
    3.349000    0.000933   -0.011036    0.010679
    3.792000   -0.001363   -0.013658    0.008583
    8.246000    0.028305    0.035968    0.024589
    2.491000   -0.000538   -0.003676    0.010543
    9.293000    0.055448   -0.022242   -0.033059
    2.708000    0.000820   -0.006018    0.014152
    3.152000    0.000845   -0.009321    0.009894
    6.469000   -0.014957    0.019914   -0.036425
    4.680000   -0.009235   -0.013694   -0.001114
    8.458000    0.034167    0.029583    0.022507
    5.299000   -0.014059   -0.008575   -0.014783
    7.171000   -0.004625    0.044535   -0.022852
    7.380000   -0.000728    0.045672   -0.014242
    4.279000   -0.006538   -0.014222    0.000889
    1.025000   -0.005271   -0.001889    0.005379
    8.038000    0.019992    0.044265    0.017158
    3.755000   -0.001044   -0.013454    0.007634
    2.105000   -0.001742   -0.001769    0.010594
    8.066000    0.022229    0.040433    0.021434
    0.513000   -0.005911   -0.003796    0.004371
    1.411000   -0.003867   -0.001662    0.009298
    0.871000   -0.005322   -0.002816    0.006515
    1.335000   -0.004276   -0.001751    0.008498
    6.595000   -0.013861    0.024972   -0.036787
    5.384000   -0.014589   -0.007348   -0.017016
    6.638000   -0.013150    0.025325   -0.034059
    3.022000    0.000473   -0.008120    0.009139
    1.736000   -0.002638   -0.001838    0.011901
    2.524000   -0.000011   -0.004393    0.012546
    3.497000   -0.000342   -0.011790    0.006490
    3.949000   -0.002950   -0.014013    0.005025
    0.854000   -0.005177   -0.002980    0.007186
    7.429000    0.000883    0.043789   -0.009407
    9.648000    0.056944   -0.040319   -0.062009
    4.712000   -0.009442   -0.013657   -0.000552
    8.441000    0.033477    0.030775    0.022181
    4.016000   -0.003105   -0.014341    0.005902
    7.001000   -0.008239    0.037856   -0.028065
    1.658000   -0.003088   -0.001398    0.010291
    6.161000   -0.016688    0.009818   -0.034997
    0.800000   -0.005029   -0.003601    0.008463
    2.689000    0.000336   -0.005496    0.012065
    7.102000   -0.006327    0.041601   -0.025406
    4.888000   -0.011980   -0.012530   -0.009007
    7.633000    0.006323    0.047625   -0.001542
    7.319000   -0.001692    0.046718   -0.017048
    0.326000   -0.005904   -0.004396    0.004769
    8.933000    0.048413    0.002113   -0.001139
    4.788000   -0.010269   -0.013113   -0.003617
    3.077000    0.000648   -0.008700    0.010128
    1.778000   -0.002355   -0.001760    0.012292
    4.417000   -0.007110   -0.014363    0.001578
    1.069000   -0.004877   -0.002442    0.007770
    5.849000   -0.016884    0.001883   -0.030614
    3.478000    0.000050   -0.011835    0.007255
    7.145000   -0.005847    0.040409   -0.023111
    0.972000   -0.004865   -0.002854    0.008221
    1.622000   -0.003094   -0.001581    0.010834
    1.683000   -0.003297   -0.000986    0.008822
    1.032000   -0.005302   -0.001983    0.005405
    5.225000   -0.013541   -0.009634   -0.012619
    4.878000   -0.011012   -0.012569   -0.005458
    9.428000    0.056710   -0.030225   -0.044934
    0.081000   -0.004934   -0.005561    0.009043
    4.085000   -0.004094   -0.014220    0.004364
    8.467000    0.034808    0.029403    0.022422
    3.877000   -0.002160   -0.013826    0.006312
    8.474000    0.035924    0.027484    0.023413
    7.668000    0.007476    0.046737    0.000907
    4.073000   -0.004358   -0.014180    0.002890
    2.571000   -0.000171   -0.004350    0.010595
    5.512000   -0.016261   -0.005420   -0.024796
    4.749000   -0.009726   -0.013434   -0.001809
    9.502000    0.057076   -0.034279   -0.051171
    2.353000   -0.000639   -0.003129    0.011915
    6.307000   -0.016368    0.014116   -0.037939
    9.268000    0.055118   -0.021508   -0.034192
    3.263000    0.000731   -0.010275    0.008867
    3.580000   -0.000050   -0.012636    0.008211
    2.081000   -0.001032   -0.002422    0.013781
    0.424000   -0.005406   -0.004543    0.007235
    0.651000   -0.005676   -0.003509    0.005679
    1.408000   -0.003728   -0.001925    0.010263
    3.059000    0.000569   -0.008314    0.009260
    7.532000    0.003382    0.048481   -0.007343
    1.858000   -0.002015   -0.001851    0.012681
    5.174000   -0.013828   -0.010101   -0.014703
    4.345000   -0.006245   -0.014478    0.004646
    8.170000    0.026370    0.037724    0.024491
    4.481000   -0.008080   -0.014099   -0.000557
    4.579000   -0.008878   -0.013956   -0.001678
    7.484000    0.002301    0.044458   -0.006979
    9.797000    0.054860   -0.044625   -0.066591
    6.121000   -0.016868    0.009049   -0.035551
    0.278000   -0.005625   -0.004633    0.005895
    5.103000   -0.012693   -0.010862   -0.009746
    6.111000   -0.017026    0.008688   -0.035997
    1.506000   -0.003946   -0.000824    0.007474
    9.771000    0.054233   -0.042329   -0.061054
    7.135000   -0.005952    0.041218   -0.024048
    5.578000   -0.016213   -0.003976   -0.025281
    7.963000    0.018255    0.042277    0.017484
    9.248000    0.055215   -0.018357   -0.026535
    5.155000   -0.014037   -0.010346   -0.015402
    5.730000   -0.017102   -0.001497   -0.029955
    8.032000    0.019862    0.044336    0.017124
    4.326000   -0.005997   -0.014449    0.004346
    5.553000   -0.015935   -0.004287   -0.023950
    2.775000    0.000610   -0.006292    0.012309
    9.650000    0.056318   -0.039396   -0.057738
    0.893000   -0.005114   -0.003049    0.007620
    4.728000   -0.009958   -0.013443   -0.003336
    6.329000   -0.016132    0.015441   -0.037472
    5.203000   -0.013515   -0.009659   -0.013250
    1.387000   -0.004228   -0.001184    0.007713
    0.780000   -0.005028   -0.003514    0.008431
    9.446000    0.056380   -0.028914   -0.041272
    7.453000    0.001447    0.048156   -0.011024
    3.296000    0.000525   -0.010533    0.008429
    5.083000   -0.013458   -0.011151   -0.013427
    6.279000   -0.016418    0.013747   -0.037204
    9.755000    0.055675   -0.043226   -0.065925
    1.231000   -0.004183   -0.002232    0.009540
    3.544000   -0.000290   -0.012171    0.006911
    8.339000    0.031050    0.033965    0.024163
    4.609000   -0.009524   -0.013802   -0.003383
    2.550000    0.000022   -0.004495    0.012155
    4.545000   -0.008065   -0.014075    0.001172
    6.113000   -0.017225    0.008139   -0.036715
    1.655000   -0.003304   -0.000909    0.008933
    2.484000   -0.000146   -0.004127    0.012590
    1.404000   -0.004301   -0.001036    0.007196
    5.834000   -0.016981    0.001557   -0.030928
    8.650000    0.039496    0.019864    0.014078
    7.489000    0.002351    0.048148   -0.009203
    8.318000    0.029486    0.035863    0.022804
    7.395000    0.000253    0.042656   -0.009873
    5.944000   -0.016840    0.003841   -0.031390
    7.782000    0.011055    0.048569    0.005484
    1.507000   -0.003512   -0.001586    0.010192
    4.733000   -0.009684   -0.013520   -0.001507
    3.328000    0.000913   -0.010887    0.011174
    8.610000    0.038839    0.022029    0.017941
    5.702000   -0.016618   -0.001284   -0.027945
    5.626000   -0.016245   -0.002787   -0.025560
    6.403000   -0.015594    0.018119   -0.037820
    1.134000   -0.004917   -0.001992    0.006939
    8.952000    0.050494    0.001478    0.001052
    1.425000   -0.004270   -0.001066    0.007117
    5.889000   -0.017412    0.002221   -0.033368
    6.038000   -0.017124    0.006746   -0.034971
    1.297000   -0.004419   -0.001692    0.007902
    5.197000   -0.014216   -0.009933   -0.016100
    7.002000   -0.008231    0.037288   -0.027592
    5.863000   -0.016920    0.002364   -0.030995
    4.890000   -0.011398   -0.012530   -0.007029
    8.889000    0.049117    0.005156    0.005328
    0.388000   -0.005505   -0.004450    0.006743
    4.921000   -0.011218   -0.012460   -0.005224
    1.739000   -0.002525   -0.001805    0.012000
    5.674000   -0.016349   -0.001829   -0.026411
    0.982000   -0.005495   -0.002084    0.004868
    5.534000   -0.015810   -0.004607   -0.023216
    1.402000   -0.004045   -0.001580    0.008656
    2.898000    0.000459   -0.006930    0.009920
    7.144000   -0.005632    0.042494   -0.024113
    3.398000    0.000635   -0.011343    0.009203
    4.145000   -0.004341   -0.014364    0.005920
    9.091000    0.052759   -0.007623   -0.011145
    9.076000    0.051719   -0.008700   -0.016486
    6.725000   -0.012191    0.027892   -0.032759
    2.610000    0.000464   -0.005362    0.013620
    8.305000    0.030672    0.034288    0.025100
    4.637000   -0.009064   -0.013784   -0.001235
    0.330000   -0.005621   -0.004551    0.005868
    4.018000   -0.003470   -0.014157    0.004766
    9.359000    0.056405   -0.027147   -0.042279
    0.199000   -0.005208   -0.005098    0.007759
    6.177000   -0.016765    0.010811   -0.036365
    4.331000   -0.006530   -0.014317    0.001796
    2.668000    0.000616   -0.005743    0.013772
    3.692000   -0.000704   -0.013133    0.007003
    7.522000    0.003237    0.048686   -0.007697
    9.023000    0.050252   -0.004659   -0.010685
    2.757000    0.000936   -0.006257    0.013720
    6.503000   -0.014588    0.020567   -0.035417
    7.595000    0.005577    0.044404   -0.000659
    9.476000    0.056382   -0.030675   -0.043929
    5.112000   -0.012729   -0.010799   -0.009809
    4.067000   -0.003769   -0.014395    0.004444
    1.096000   -0.005037   -0.001927    0.006311
    3.190000    0.000911   -0.009735    0.010615
    3.022000    0.001147   -0.008539    0.012047
    5.377000   -0.014789   -0.007278   -0.018414
    3.240000    0.000528   -0.009843    0.007840
    7.792000    0.011320    0.047368    0.006405
    7.156000   -0.005301    0.039413   -0.020850
    2.538000   -0.000209   -0.004076    0.011171
    9.258000    0.055360   -0.020111   -0.029934
    7.747000    0.010876    0.044365    0.008022
    3.107000    0.000868   -0.008976    0.010205
    7.779000    0.012336    0.043869    0.010660
    4.545000   -0.008631   -0.013996   -0.001365
    7.805000    0.011929    0.048423    0.006774
    0.210000   -0.005474   -0.004944    0.006477
    9.809000    0.054645   -0.044629   -0.066445
    7.866000    0.014193    0.045716    0.011031
    7.263000   -0.002900    0.046160   -0.019547
    8.087000    0.021308    0.043590    0.018038
    9.777000    0.054896   -0.043557   -0.066138
    9.999000    0.048875   -0.045918   -0.066004
    5.323000   -0.014992   -0.008223   -0.019195
    2.027000   -0.001873   -0.001707    0.011077
    0.689000   -0.005715   -0.003206    0.005035
    0.914000   -0.005439   -0.002290    0.005398
    7.341000   -0.001588    0.045213   -0.015889
    1.715000   -0.003094   -0.001282    0.009886
    6.759000   -0.011702    0.029415   -0.032347
    9.862000    0.052402   -0.044311   -0.063631
    2.531000   -0.000139   -0.004266    0.012103
    4.826000   -0.010406   -0.013014   -0.003588
    6.242000   -0.016553    0.012669   -0.036975
    2.944000    0.000476   -0.007536    0.010373
    0.195000   -0.004993   -0.005382    0.008931
    4.124000   -0.004164   -0.014393    0.006249
    3.712000   -0.000757   -0.013258    0.008398
    5.252000   -0.014604   -0.009161   -0.017575
    2.996000    0.001153   -0.008149    0.012880
    5.486000   -0.015739   -0.005606   -0.022718
    1.510000   -0.003685   -0.001623    0.009598
    2.933000    0.000834   -0.007745    0.011914
    2.148000   -0.001101   -0.002581    0.013114
    2.050000   -0.001262   -0.002341    0.013364
    4.233000   -0.005583   -0.014368    0.002579
    7.848000    0.014783    0.043498    0.014006
    3.861000   -0.002619   -0.013617    0.003989
    1.683000   -0.003354   -0.000545    0.007996
    9.253000    0.055309   -0.018539   -0.026440
    9.028000    0.051936   -0.003036   -0.004387
    5.081000   -0.012630   -0.010920   -0.010119
    4.239000   -0.005247   -0.014540    0.004377
    9.716000    0.056584   -0.042832   -0.064507
    7.124000   -0.006107    0.041048   -0.024334
    4.263000   -0.005407   -0.014431    0.005533
    7.388000   -0.000449    0.046005   -0.013831
    8.716000    0.043399    0.015425    0.014864
    9.275000    0.055426   -0.020466   -0.029770
    6.254000   -0.016322    0.012827   -0.036074
    1.911000   -0.001879   -0.002082    0.012972
    0.491000   -0.005522   -0.004284    0.006728
    2.845000    0.001028   -0.006946    0.013341
    1.410000   -0.004168   -0.001053    0.007747
    4.958000   -0.011643   -0.012128   -0.007150
    4.482000   -0.007731   -0.014258    0.000666
    4.593000   -0.008598   -0.013949   -0.000131
    3.332000    0.000557   -0.010834    0.009291
    0.425000   -0.005536   -0.004303    0.006393
    3.153000    0.001081   -0.009504    0.011618
    7.923000    0.017762    0.042809    0.017695
    1.873000   -0.002232   -0.001652    0.011431
    4.114000   -0.003938   -0.014438    0.006167
    6.799000   -0.011214    0.032272   -0.033272
    5.663000   -0.016467   -0.002209   -0.026930
    9.214000    0.054706   -0.016166   -0.023450
    7.013000   -0.008065    0.036724   -0.026565
    1.781000   -0.002312   -0.001790    0.012331
    6.163000   -0.017106    0.009727   -0.037365
    1.184000   -0.004699   -0.001737    0.007415
    6.010000   -0.017143    0.005922   -0.034470
    9.299000    0.055384   -0.023040   -0.036727
    3.005000    0.000434   -0.008006    0.009529
    0.992000   -0.005331   -0.002116    0.005490
    0.062000   -0.005045   -0.005450    0.008429
    7.762000    0.010866    0.046241    0.006414
    5.589000   -0.015893   -0.003713   -0.023645
    8.925000    0.047659    0.002390   -0.001602
    9.449000    0.056717   -0.031803   -0.048960
    0.511000   -0.005651   -0.004033    0.005991
    8.346000    0.031162    0.033576    0.024237
    9.005000    0.050702   -0.002636   -0.005051
    7.446000    0.001493    0.043314   -0.007741
    8.547000    0.036432    0.025769    0.019077
    2.043000   -0.002110   -0.001234    0.009470
    1.936000   -0.001911   -0.001907    0.012141
    7.267000   -0.002707    0.045966   -0.018974
    3.860000   -0.002354   -0.013606    0.004677
    7.250000   -0.003516    0.044187   -0.019810
    5.692000   -0.016999   -0.002224   -0.029165
    0.445000   -0.005798   -0.004033    0.004916
    1.646000   -0.002960   -0.001640    0.011148
    4.652000   -0.009612   -0.013703   -0.003027
    4.867000   -0.011405   -0.012668   -0.007201
    4.456000   -0.008029   -0.014134   -0.000818
    8.301000    0.030542    0.034095    0.025151
    8.163000    0.025896    0.038356    0.024110
    0.325000   -0.005641   -0.004417    0.005717
    3.907000   -0.002777   -0.013806    0.004683
    2.506000   -0.000226   -0.004119    0.011631
    5.978000   -0.017232    0.005200   -0.034401
    7.832000    0.012939    0.046216    0.009228
    2.768000    0.000877   -0.006528    0.013444
    5.903000   -0.017025    0.003193   -0.031907
    2.123000   -0.001800   -0.001673    0.010096
    8.449000    0.034370    0.029590    0.023043
    5.982000   -0.017193    0.005088   -0.034270
    2.649000    0.000715   -0.005521    0.014246
    0.582000   -0.005199   -0.004284    0.008369
    2.789000    0.000462   -0.006281    0.011143
    3.685000   -0.000801   -0.013154    0.006750
    2.211000   -0.000802   -0.002893    0.013423
    9.088000    0.052117   -0.009758   -0.018451
    0.842000   -0.005447   -0.002700    0.005966
    5.861000   -0.017025    0.002235   -0.031481
    8.102000    0.023163    0.040914    0.021208
    7.910000    0.015236    0.047188    0.011396
    0.902000   -0.005403   -0.002474    0.005583
    8.641000    0.041338    0.019385    0.018130
    4.425000   -0.006979   -0.014329    0.002171
    9.147000    0.053334   -0.013747   -0.023462
    6.766000   -0.011751    0.029643   -0.032683
    0.930000   -0.005362   -0.002448    0.005750
    0.660000   -0.005860   -0.003179    0.004319
    1.874000   -0.002720   -0.000915    0.009046
    8.124000    0.024566    0.039144    0.023532
    5.343000   -0.015004   -0.007986   -0.019249
    6.395000   -0.015735    0.017675   -0.038126
    4.783000   -0.010527   -0.013133   -0.004683
    0.903000   -0.004879   -0.003223    0.008656
    9.621000    0.056796   -0.039360   -0.059988
    6.981000   -0.008442    0.038358   -0.029193
    2.582000   -0.000103   -0.004528    0.011141
    9.737000    0.054358   -0.040864   -0.058479
    2.785000    0.000495   -0.006374    0.011918
    9.086000    0.052443   -0.007586   -0.011142
    9.101000    0.052974   -0.007934   -0.010933
    2.880000    0.000435   -0.006842    0.009985
    1.315000   -0.004320   -0.001658    0.008305
    3.483000   -0.000117   -0.011707    0.006658
    7.831000    0.012697    0.047705    0.008107
    0.663000   -0.005208   -0.003918    0.008105
    7.500000    0.002732    0.044456   -0.006079
    2.577000    0.000499   -0.005038    0.014031
    5.268000   -0.014047   -0.008744   -0.015356
    4.758000   -0.009879   -0.013357   -0.002221
    6.475000   -0.015005    0.020295   -0.037199
    1.030000   -0.005333   -0.001973    0.005297
    6.118000   -0.017225    0.008064   -0.036710
    9.068000    0.051384   -0.008342   -0.016458
    0.224000   -0.005339   -0.005128    0.007412
    4.689000   -0.010240   -0.013574   -0.004698
    8.040000    0.020210    0.043371    0.017784
    6.952000   -0.009018    0.034601   -0.027765
    1.079000   -0.004989   -0.001949    0.006494
    4.011000   -0.003343   -0.014188    0.004445
    7.211000   -0.004412    0.041244   -0.019916
    5.993000   -0.017278    0.005493   -0.034797
    2.679000    0.000358   -0.005440    0.012315
    6.197000   -0.016771    0.011268   -0.036953
    6.723000   -0.012276    0.028388   -0.033520
    7.356000   -0.001190    0.045480   -0.015153
    6.446000   -0.015193    0.018749   -0.036383
    7.742000    0.010969    0.043875    0.008637
    0.713000   -0.005388   -0.003517    0.006810
    8.950000    0.048775    0.000674   -0.002270
    1.809000   -0.002247   -0.001783    0.012326
    9.985000    0.049710   -0.046042   -0.066743
    0.679000   -0.005431   -0.003655    0.006891
    3.362000    0.000426   -0.010987    0.008426
    4.681000   -0.009825   -0.013622   -0.003474
    7.186000   -0.004815    0.043294   -0.022501
    4.259000   -0.005451   -0.014490    0.004720
    4.001000   -0.003972   -0.013888    0.003183
    6.306000   -0.016173    0.014605   -0.037088
    4.409000   -0.006829   -0.014411    0.003775
    7.071000   -0.006923    0.040383   -0.026188
    2.715000    0.000873   -0.006102    0.013883
    2.098000   -0.001069   -0.002466    0.013602
    1.999000   -0.002005   -0.001857    0.011099
    9.466000    0.056896   -0.032321   -0.048157
    0.186000   -0.005072   -0.005329    0.008691
    6.849000   -0.010669    0.033482   -0.032372
    5.890000   -0.017223    0.002747   -0.032860
    9.899000    0.051860   -0.045269   -0.067204
    5.660000   -0.016268   -0.002130   -0.025946
    4.858000   -0.010628   -0.012885   -0.003554
    5.883000   -0.016792    0.002567   -0.030404
    8.037000    0.019788    0.043632    0.017275
    4.753000   -0.010155   -0.013378   -0.003742
    6.805000   -0.011029    0.033024   -0.033426
    3.135000    0.001193   -0.009438    0.011486
    1.963000   -0.002350   -0.001087    0.009354
    7.524000    0.003239    0.048508   -0.007611
    3.834000   -0.001788   -0.013700    0.008304
    5.644000   -0.016794   -0.003033   -0.027922
    6.194000   -0.016687    0.011262   -0.036294
    1.929000   -0.002048   -0.002064    0.011951
    8.097000    0.022702    0.040938    0.020775
    2.026000   -0.001569   -0.002260    0.012836
    7.253000   -0.003569    0.044137   -0.019907
    6.211000   -0.016434    0.011239   -0.035136
    5.662000   -0.016698   -0.002604   -0.027809
    8.044000    0.020853    0.042268    0.019242
    3.059000    0.000953   -0.008715    0.011526
    7.190000   -0.004533    0.044000   -0.022259
    7.225000   -0.003810    0.044500   -0.020753
    2.884000    0.000747   -0.007137    0.011988
    7.882000    0.016159    0.043303    0.015674
    5.195000   -0.013416   -0.009713   -0.012836
    5.676000   -0.016455   -0.001737   -0.026990
    8.636000    0.039634    0.020885    0.016423
    1.169000   -0.005035   -0.001283    0.005467
    9.313000    0.055811   -0.021746   -0.030784
    3.230000    0.000682   -0.010054    0.009838
    1.892000   -0.002492   -0.001548    0.010525
    2.161000   -0.001234   -0.002344    0.012002
    3.970000   -0.002828   -0.014120    0.006916
    8.623000    0.040901    0.020446    0.019002
    6.948000   -0.008720    0.038053   -0.029870
    4.436000   -0.007281   -0.014246    0.001512
    3.331000    0.000705   -0.010907    0.010495
    9.173000    0.053673   -0.015255   -0.023799
    1.474000   -0.003481   -0.001894    0.010699
    6.179000   -0.017026    0.010332   -0.037509
    7.038000   -0.007469    0.037196   -0.025186
    7.955000    0.017507    0.043572    0.015815
    7.065000   -0.007066    0.037660   -0.024388
    0.071000   -0.005609   -0.005024    0.005546
    4.845000   -0.011015   -0.012841   -0.005988
    9.421000    0.056677   -0.028717   -0.041736
    7.395000   -0.000446    0.045722   -0.013649
    3.056000    0.000799   -0.008439    0.009737
    3.668000   -0.000566   -0.012953    0.009571
    9.373000    0.056504   -0.027342   -0.040828
    7.355000   -0.000930    0.047257   -0.015627
    3.065000    0.001409   -0.008778    0.012818
    3.824000   -0.002379   -0.013508    0.004197
    5.315000   -0.014137   -0.008418   -0.015005
    1.475000   -0.003457   -0.001749    0.010632
    3.609000   -0.000289   -0.012716    0.009555
    0.016000   -0.005428   -0.005242    0.006358
    5.378000   -0.015402   -0.007642   -0.020813
    3.982000   -0.002949   -0.014242    0.005940
    2.526000   -0.000231   -0.004062    0.011332
    6.717000   -0.012139    0.029852   -0.034788
    9.029000    0.052156   -0.003167   -0.004560
    9.046000    0.052291   -0.004479   -0.006672
    7.885000    0.014762    0.046477    0.011257
    4.178000   -0.005417   -0.014213    0.002151
    8.910000    0.047866    0.003724    0.001787
    7.817000    0.013065    0.043845    0.011076
    6.235000   -0.016481    0.012082   -0.035950
    8.080000    0.020978    0.043794    0.017815
    8.309000    0.029854    0.035214    0.024074
    5.063000   -0.012354   -0.011299   -0.008522
    7.888000    0.015131    0.045055    0.012470
    9.202000    0.054473   -0.013762   -0.018741
    6.737000   -0.012099    0.028955   -0.033391
    1.014000   -0.005268   -0.001995    0.005525
    3.257000    0.000705   -0.010129    0.008729
    5.594000   -0.016638   -0.004055   -0.026847
    4.247000   -0.005383   -0.014432    0.004001
    4.217000   -0.005455   -0.014356    0.002645
    4.851000   -0.010883   -0.012754   -0.005232
    1.701000   -0.003262   -0.000991    0.008899
    9.647000    0.056794   -0.040462   -0.061570
    0.414000   -0.005553   -0.004484    0.006394
    2.577000    0.000424   -0.004965    0.013771
    2.629000   -0.000034   -0.004964    0.011211
    2.794000    0.000389   -0.006317    0.010566
    8.584000    0.039838    0.022462    0.020650
    5.669000   -0.016372   -0.001922   -0.026631
    8.524000    0.038519    0.024811    0.022794
    3.778000   -0.001230   -0.013467    0.008998
    4.448000   -0.007492   -0.014242    0.001051
    2.950000    0.000903   -0.007803    0.012033
    6.492000   -0.014819    0.020906   -0.036754
    0.707000   -0.005810   -0.003062    0.004447
    8.788000    0.046190    0.011301    0.011191
    1.730000   -0.002724   -0.001711    0.011337
    4.783000   -0.010737   -0.013081   -0.005499
    7.690000    0.009093    0.044162    0.005581
    6.681000   -0.012658    0.028473   -0.035601
    9.114000    0.053094   -0.008820   -0.012364
    9.263000    0.055247   -0.020007   -0.029232
    9.959000    0.050168   -0.045606   -0.065017
    2.683000    0.000048   -0.005366    0.011232
    3.142000    0.001031   -0.009349    0.010615
    7.944000    0.018369    0.042405    0.018291
    2.889000    0.001001   -0.007308    0.012906
    7.842000    0.013055    0.048069    0.008428
    9.273000    0.055209   -0.018269   -0.025072
    8.953000    0.048476   -0.000083   -0.005840
    8.778000    0.043465    0.012220    0.009161
    8.496000    0.037267    0.026181    0.023144
    4.675000   -0.009355   -0.013623   -0.001769
    8.922000    0.050136    0.003225    0.003358
    1.873000   -0.002212   -0.001960    0.011903
    0.662000   -0.005871   -0.003101    0.004361
    6.754000   -0.011636    0.031022   -0.034093
    8.418000    0.033843    0.030253    0.024135
    2.540000    0.000258   -0.004754    0.013877
    9.178000    0.053450   -0.015752   -0.025357
    9.351000    0.056020   -0.026675   -0.040895
    9.375000    0.056185   -0.027521   -0.042788
    7.150000   -0.005452    0.042593   -0.023704
    9.357000    0.056034   -0.026668   -0.040902
    1.320000   -0.004427   -0.001513    0.007750
    4.150000   -0.004460   -0.014381    0.004789
    0.001000   -0.004811   -0.005827    0.009366
    4.166000   -0.004574   -0.014390    0.006094
    5.507000   -0.016021   -0.005272   -0.023979
    8.498000    0.037029    0.026077    0.023189
    7.708000    0.009514    0.044739    0.005704
    3.290000    0.000939   -0.010551    0.011006
    8.910000    0.048969    0.003717    0.003330
    4.300000   -0.006572   -0.014246    0.000989
    7.256000   -0.002979    0.046053   -0.019687
    9.324000    0.056118   -0.024996   -0.039362
    9.444000    0.056813   -0.030103   -0.043998
    6.551000   -0.014316    0.023242   -0.036857
    0.305000   -0.005882   -0.004524    0.004656
    3.822000   -0.001625   -0.013736    0.008452
    0.916000   -0.005498   -0.002307    0.005204
    1.501000   -0.003621   -0.001653    0.009709
    8.066000    0.020381    0.044588    0.017006
    8.121000    0.024680    0.038964    0.023742
    1.176000   -0.004712   -0.001941    0.007542
    2.076000   -0.001924   -0.001699    0.010457
    9.981000    0.050265   -0.046259   -0.067232
    3.327000    0.000297   -0.010619    0.007373
    3.141000    0.001304   -0.009424    0.012266
    1.697000   -0.002915   -0.001457    0.010723
    0.510000   -0.005630   -0.003928    0.005855
    6.287000   -0.016348    0.014218   -0.037418
    3.830000   -0.002057   -0.013522    0.005490
    5.537000   -0.015652   -0.004643   -0.022218
    8.295000    0.029009    0.036205    0.023470
    1.435000   -0.003795   -0.001561    0.009374
    6.862000   -0.010410    0.033601   -0.031523
    8.635000    0.039630    0.021143    0.017478
    5.114000   -0.012931   -0.010514   -0.011229
    2.435000   -0.000150   -0.004112    0.013508
    2.870000    0.001104   -0.007287    0.013108
    1.990000   -0.001534   -0.002327    0.013310
    3.155000    0.001182   -0.009568    0.011951
    0.541000   -0.005552   -0.003996    0.006413
    7.220000   -0.004187    0.040981   -0.019131
    9.539000    0.057288   -0.036388   -0.055098
    5.030000   -0.012310   -0.011372   -0.009234
    9.979000    0.048687   -0.044991   -0.062948
    6.861000   -0.010495    0.033985   -0.032236
    5.731000   -0.016995   -0.001059   -0.029728
    5.790000   -0.017188   -0.000148   -0.031103
    9.647000    0.056378   -0.039805   -0.058982
    0.223000   -0.005396   -0.004923    0.006845
    5.100000   -0.013401   -0.010846   -0.013187
    9.470000    0.057031   -0.032844   -0.049709
    6.115000   -0.016881    0.008638   -0.034983
    5.678000   -0.016402   -0.001764   -0.026732
    2.647000    0.000010   -0.005026    0.010892
    8.861000    0.046459    0.006997    0.005016
    9.808000    0.053136   -0.042881   -0.061323
    5.298000   -0.014168   -0.008485   -0.015413
    6.041000   -0.016933    0.006537   -0.033714
    0.900000   -0.005385   -0.002515    0.005807
    1.028000   -0.004822   -0.002608    0.008006
    2.000000   -0.001831   -0.001828    0.011671
    7.033000   -0.007720    0.037185   -0.025959
    8.982000    0.050418   -0.000897   -0.002364
    5.861000   -0.016894    0.002109   -0.030559
    1.782000   -0.002565   -0.001715    0.011482
    2.869000    0.000591   -0.006863    0.011053
    8.000000    0.018618    0.044093    0.016208
    7.367000   -0.001037    0.044432   -0.014090
    8.122000    0.023984    0.039976    0.022084
    4.107000   -0.004032   -0.014315    0.007025
    7.734000    0.009539    0.046580    0.004229
    9.891000    0.053246   -0.046050   -0.067857
    2.209000   -0.000917   -0.002924    0.013252
    0.870000   -0.005577   -0.002348    0.005024
    7.014000   -0.007586    0.040075   -0.027953
    8.564000    0.036906    0.024769    0.017649
    3.949000   -0.002625   -0.014098    0.006715
    6.642000   -0.013281    0.026047   -0.035373
    3.601000   -0.000677   -0.012458    0.006546
    9.640000    0.056255   -0.039233   -0.060308
    4.600000   -0.008415   -0.014085    0.001293
    8.609000    0.039103    0.022229    0.018345
    1.323000   -0.004022   -0.001972    0.009563
    4.750000   -0.009891   -0.013341   -0.002622
    0.344000   -0.005673   -0.004341    0.005537
    8.101000    0.022002    0.042034    0.019418
    9.155000    0.053053   -0.013729   -0.021424
    8.232000    0.027060    0.038034    0.023001
    5.889000   -0.016980    0.002880   -0.031448
    2.870000    0.000961   -0.007156    0.012779
    0.312000   -0.005192   -0.005034    0.008237
    5.294000   -0.014810   -0.008691   -0.018430
    7.980000    0.017758    0.045800    0.014640
    0.970000   -0.005197   -0.002374    0.006544
    0.595000   -0.005516   -0.003717    0.006449
    7.710000    0.009037    0.045423    0.004266
    8.846000    0.045626    0.007690    0.003160
    4.785000   -0.010409   -0.013134   -0.004341
    5.869000   -0.017185    0.002214   -0.032411
    9.081000    0.051746   -0.008746   -0.016157
    5.900000   -0.016963    0.003099   -0.031508
    5.470000   -0.015447   -0.005545   -0.021410
    0.605000   -0.005552   -0.003745    0.006095
    2.715000    0.000316   -0.005524    0.010945
    6.214000   -0.016670    0.011703   -0.036965
    2.779000    0.000291   -0.005971    0.010645
    1.003000   -0.005384   -0.001931    0.004968
    7.622000    0.006179    0.048237   -0.002108
    1.562000   -0.003255   -0.001706    0.010682
    6.057000   -0.017010    0.007374   -0.034717
    1.351000   -0.004461   -0.000904    0.006479
    1.744000   -0.003074   -0.000703    0.008735
    1.313000   -0.004208   -0.001707    0.008708
    7.888000    0.014220    0.048111    0.009806
    6.075000   -0.017349    0.006829   -0.036300
    0.480000   -0.005810   -0.003964    0.005075
    4.457000   -0.007471   -0.014208    0.001173
    6.566000   -0.014172    0.023912   -0.036952
    0.907000   -0.005137   -0.002880    0.007157
    4.015000   -0.003192   -0.014269    0.006472
    2.528000   -0.000366   -0.004147    0.011050
    8.311000    0.031112    0.033589    0.025635
    5.296000   -0.014754   -0.008648   -0.018248
    1.228000   -0.004914   -0.001224    0.005680
    9.109000    0.052968   -0.009696   -0.014658
    4.354000   -0.006872   -0.014265    0.001225
    0.837000   -0.005502   -0.002640    0.005526
    1.886000   -0.002670   -0.000928    0.008828
    0.464000   -0.005787   -0.003977    0.005257
    5.040000   -0.012176   -0.011507   -0.008276
    5.514000   -0.015763   -0.004911   -0.022967
    7.234000   -0.003985    0.043141   -0.020264
    9.783000    0.054062   -0.042817   -0.062007
    4.899000   -0.011974   -0.012502   -0.008867
    8.364000    0.031964    0.033033    0.024160
    4.953000   -0.011595   -0.012148   -0.006837
    1.358000   -0.004548   -0.000923    0.006191
    1.200000   -0.004657   -0.001962    0.007677
    2.201000   -0.001197   -0.002614    0.011861
    1.459000   -0.004237   -0.000723    0.006685
    4.746000   -0.009639   -0.013485   -0.001167
    9.750000    0.055380   -0.042865   -0.063199
    8.156000    0.023908    0.041599    0.020428
    2.448000   -0.000442   -0.003643    0.011886
    6.598000   -0.013792    0.025163   -0.036714
    8.638000    0.041868    0.019416    0.018658
    9.172000    0.053646   -0.015468   -0.024874
    0.488000   -0.005645   -0.004119    0.005887
    6.295000   -0.016229    0.014214   -0.036760
    9.790000    0.054967   -0.044205   -0.066619
    8.649000    0.042721    0.018366    0.018428
    8.157000    0.023910    0.041824    0.020202
    5.658000   -0.016676   -0.002437   -0.027766
    6.665000   -0.012859    0.027846   -0.035725
    3.341000    0.000938   -0.010942    0.011545
    5.941000   -0.017059    0.004100   -0.032819
    0.829000   -0.005657   -0.002516    0.004803
    9.200000    0.053889   -0.017285   -0.027968
    0.092000   -0.004996   -0.005547    0.008724
    4.576000   -0.009066   -0.013859   -0.002247
    7.108000   -0.005911    0.042761   -0.025099
    6.238000   -0.016669    0.012531   -0.037676
    0.100000   -0.005686   -0.004954    0.005141
    5.054000   -0.012184   -0.011411   -0.008085
    4.396000   -0.006788   -0.014405    0.002578
    7.771000    0.011872    0.043934    0.009656
    6.378000   -0.015696    0.016432   -0.036319
