# First column is original location on swiss roll
# Next columns are points in diffusion space
# In gnuplot to plot the first dimensions try:
#   plot 'evects.dat' u 2:3:1 w points palette
# time =     0.000000
# bandwidth =   100.000000
    3.281000    0.011090   -0.011352   -0.034114
    4.866000   -0.013555   -0.030482   -0.027869
    8.454000    0.027978    0.031729    0.016597
    8.838000    0.038907    0.015123   -0.017238
    5.772000   -0.032035   -0.014569   -0.022065
    3.364000    0.011236   -0.012644   -0.003131
    3.194000    0.010955   -0.009563   -0.033712
    9.172000    0.045067   -0.001781    0.013094
    1.077000   -0.006813    0.001291   -0.030125
    8.006000    0.010169    0.041374   -0.001682
    3.242000    0.011473   -0.010323   -0.010940
    9.994000    0.034384   -0.044029    0.000272
    1.952000    0.000767    0.005116   -0.013071
    2.250000    0.004522    0.004154    0.000871
    1.552000   -0.003237    0.004468   -0.012173
    8.384000    0.024628    0.033447   -0.023829
    1.261000   -0.004906    0.003399    0.014604
    3.857000    0.007237   -0.022431   -0.033645
    7.641000   -0.003788    0.042124    0.028214
    0.347000   -0.006149   -0.003418   -0.015919
    5.040000   -0.016886   -0.028077    0.037040
    9.743000    0.041222   -0.033190   -0.020701
    4.481000   -0.004449   -0.030206   -0.032370
    6.516000   -0.033045    0.011548    0.012906
    7.834000    0.002350    0.042230   -0.038184
    9.495000    0.045212   -0.019869    0.002573
    5.224000   -0.022123   -0.026828   -0.023653
    8.076000    0.012700    0.040426   -0.027283
    6.349000   -0.034393    0.005201   -0.004361
    5.880000   -0.033171   -0.011452   -0.022636
    6.951000   -0.026542    0.027015   -0.013081
    5.951000   -0.033409   -0.008643    0.007195
    8.214000    0.018498    0.037735   -0.009464
    2.231000    0.003546    0.003936   -0.032450
    4.875000   -0.013029   -0.029470    0.029751
    3.217000    0.011648   -0.009613   -0.001034
    1.219000   -0.005755    0.002221   -0.024707
    7.356000   -0.014748    0.037883   -0.002302
    8.596000    0.032408    0.025877   -0.017742
    4.750000   -0.010072   -0.030017    0.010249
    5.984000   -0.033575   -0.007589    0.018317
    3.614000    0.009561   -0.018193   -0.030243
    2.002000    0.001692    0.005301    0.009589
    7.454000   -0.012181    0.039377   -0.034862
    4.204000    0.001889   -0.027140    0.001258
    0.173000   -0.005051   -0.003852    0.010914
    0.580000   -0.006475   -0.001580    0.015498
    1.350000   -0.003938    0.004269    0.033282
    2.890000    0.010648   -0.003734   -0.001419
    0.154000   -0.004995   -0.003428    0.025649
    7.837000    0.004202    0.042873    0.037155
    3.993000    0.005846   -0.024328    0.002181
    8.206000    0.017893    0.037708   -0.020187
    2.646000    0.008976    0.000652    0.028406
    4.242000    0.001558   -0.027493    0.013643
    6.688000   -0.031680    0.017632   -0.027527
    3.511000    0.011168   -0.015464    0.010365
    5.692000   -0.030097   -0.015787    0.038432
    8.732000    0.036858    0.020146    0.008658
    6.667000   -0.031892    0.017240   -0.012919
    1.771000   -0.001549    0.004969   -0.035324
    9.630000    0.043476   -0.027112    0.005837
    4.658000   -0.008774   -0.030969   -0.032633
    5.425000   -0.025543   -0.022494    0.021612
    1.255000   -0.005925    0.002590   -0.029786
    6.961000   -0.026514    0.027517   -0.016634
    4.286000    0.000667   -0.027988    0.013930
    8.847000    0.039005    0.014027   -0.032890
    3.313000    0.011948   -0.010961    0.020052
    4.690000   -0.009314   -0.031025   -0.032128
    1.708000   -0.001647    0.005233   -0.001708
    0.877000   -0.006325    0.000381    0.010605
    1.191000   -0.005996    0.002417   -0.018331
    7.055000   -0.023445    0.030758    0.027658
    1.118000   -0.005641    0.002178    0.014594
    5.502000   -0.028030   -0.021677   -0.028560
    3.670000    0.010318   -0.017999    0.025466
    8.700000    0.035531    0.021619   -0.009890
    6.584000   -0.032388    0.014530    0.025141
    8.697000    0.035336    0.021452   -0.008940
    6.487000   -0.033523    0.010609    0.014742
    1.777000   -0.001584    0.004574   -0.038012
    2.181000    0.003249    0.004461   -0.019492
    9.254000    0.044950   -0.007679   -0.039330
    9.584000    0.044541   -0.024629    0.007151
    5.751000   -0.032047   -0.015570   -0.030445
    2.229000    0.003811    0.004000   -0.013845
    3.179000    0.011469   -0.008772    0.003515
    2.610000    0.008249    0.000522    0.003842
    7.182000   -0.019854    0.034544    0.026893
    6.122000   -0.034873   -0.003217   -0.021772
    0.143000   -0.005453   -0.004320   -0.014955
    0.650000   -0.007400   -0.001970   -0.036285
    8.787000    0.038334    0.018053    0.023789
    6.152000   -0.033936   -0.001520    0.031613
    1.237000   -0.004943    0.003248    0.034592
    9.602000    0.043446   -0.026348   -0.039381
    3.430000    0.010445   -0.014522   -0.038977
    5.280000   -0.022845   -0.025571    0.006366
    5.311000   -0.023932   -0.025199   -0.004450
    4.828000   -0.012686   -0.030549   -0.019460
    0.122000   -0.005155   -0.004005    0.004073
    8.783000    0.038434    0.018331    0.025700
    1.764000   -0.001131    0.004971   -0.006485
    2.393000    0.006424    0.003254    0.010323
    6.792000   -0.028938    0.022308    0.037818
    5.957000   -0.033639   -0.008673   -0.011162
    6.024000   -0.034527   -0.006581   -0.019892
    2.100000    0.002802    0.004929    0.011363
    2.389000    0.006082    0.002839   -0.005633
    9.527000    0.044903   -0.021934   -0.009163
    7.893000    0.005057    0.041896   -0.030172
    7.925000    0.007103    0.042069    0.005221
    5.647000   -0.029298   -0.017217    0.028518
    5.798000   -0.031527   -0.013126    0.038480
    4.006000    0.004799   -0.024978   -0.038263
    2.172000    0.003872    0.004782    0.021244
    2.673000    0.008507   -0.000498   -0.015411
    3.332000    0.011824   -0.011612    0.017768
    9.607000    0.043413   -0.026864   -0.036552
    2.495000    0.006705    0.001757   -0.019600
    9.439000    0.045610   -0.016903    0.002613
    3.813000    0.008360   -0.021150    0.007142
    8.778000    0.037701    0.017963    0.000234
    7.253000   -0.018295    0.035980    0.000643
    5.109000   -0.019337   -0.028132   -0.013802
    4.077000    0.004405   -0.025529    0.004580
    1.629000   -0.001989    0.004992    0.018265
    0.741000   -0.006887   -0.001044   -0.011447
    0.931000   -0.006528    0.000668    0.008298
    2.276000    0.004980    0.004410    0.020247
    0.191000   -0.006171   -0.004539   -0.031485
    7.345000   -0.015961    0.037595   -0.039693
    3.684000    0.008946   -0.019243   -0.028633
    4.538000   -0.005275   -0.029850   -0.003578
    1.421000   -0.003908    0.004178    0.000072
    7.591000   -0.006062    0.041555    0.016961
    0.342000   -0.005763   -0.003080    0.014424
    3.364000    0.012001   -0.012136    0.020458
    7.320000   -0.015795    0.037409    0.007804
    6.152000   -0.035074   -0.002395   -0.035914
    8.994000    0.042814    0.007603    0.007458
    9.793000    0.040304   -0.035136   -0.000993
    9.784000    0.040206   -0.035013   -0.014613
    7.365000   -0.014167    0.038253    0.014305
    8.121000    0.015358    0.040260    0.020252
    9.280000    0.045937   -0.007848    0.022028
    1.775000   -0.001223    0.004969   -0.015587
    1.134000   -0.006510    0.001676   -0.033374
    0.086000   -0.004369   -0.003531    0.034211
    1.557000   -0.003345    0.004380   -0.028967
    1.328000   -0.004515    0.003785    0.011682
    1.435000   -0.003593    0.004257    0.023537
    7.561000   -0.007279    0.041132    0.006635
    9.827000    0.039379   -0.036917    0.001933
    6.715000   -0.030497    0.019463    0.022363
    3.554000    0.010260   -0.016773   -0.028148
    8.079000    0.013375    0.040506    0.001506
    8.840000    0.039546    0.015347    0.010301
    4.669000   -0.009034   -0.030735   -0.032872
    9.003000    0.041994    0.006162   -0.035536
    5.671000   -0.029849   -0.016738    0.031316
    3.791000    0.009129   -0.020289    0.038704
    4.625000   -0.008056   -0.030969   -0.030790
    8.969000    0.041451    0.008262   -0.036581
    8.969000    0.041343    0.007943   -0.039376
    3.242000    0.011966   -0.009818    0.006593
    8.475000    0.028522    0.030190   -0.005820
    7.688000   -0.001910    0.042564    0.030319
    8.126000    0.015425    0.039907    0.025017
    1.008000   -0.005580    0.001641    0.034542
    8.725000    0.036604    0.020897    0.013637
    4.177000    0.002852   -0.026605    0.013715
    7.358000   -0.014576    0.038409    0.011944
    5.715000   -0.031444   -0.016297   -0.028740
    9.887000    0.038285   -0.038919    0.033303
    9.694000    0.042041   -0.031136   -0.034785
    8.202000    0.017728    0.037807   -0.033315
    8.793000    0.038508    0.017909    0.020459
    5.213000   -0.020810   -0.025962    0.037837
    2.576000    0.007686    0.001015   -0.010785
    2.917000    0.011326   -0.003345    0.032449
    4.657000   -0.008342   -0.030356   -0.013354
    9.330000    0.045446   -0.011730   -0.026908
    0.562000   -0.006003   -0.001687    0.026158
    1.299000   -0.005714    0.002859   -0.034524
    9.340000    0.045596   -0.011901   -0.011612
    1.307000   -0.004584    0.003725    0.023131
    7.260000   -0.018265    0.035644   -0.023394
    9.836000    0.039073   -0.037803   -0.016956
    0.887000   -0.006566    0.000297   -0.006833
    3.040000    0.010620   -0.006672   -0.035696
    7.271000   -0.017283    0.036418    0.021042
    2.410000    0.005657    0.002392   -0.036570
    4.667000   -0.007814   -0.029553    0.036257
    9.358000    0.045964   -0.012492    0.001357
    9.420000    0.045194   -0.016466   -0.035807
    6.763000   -0.029697    0.021081    0.034757
    4.344000   -0.000510   -0.028505    0.016232
    3.572000    0.010983   -0.016040    0.034601
    8.312000    0.022734    0.035915    0.014264
    1.813000   -0.001152    0.004902   -0.037252
    5.633000   -0.029759   -0.018245    0.003964
    9.302000    0.045197   -0.010001   -0.028640
    2.653000    0.008047   -0.000448   -0.035591
    2.362000    0.005395    0.003042   -0.021690
    9.687000    0.042079   -0.030840   -0.030119
    7.255000   -0.017770    0.035807    0.015454
    8.778000    0.038016    0.018514    0.016003
    9.584000    0.043991   -0.025216   -0.018364
    3.837000    0.008095   -0.021239    0.019863
    4.531000   -0.004753   -0.029612    0.021101
    5.644000   -0.029357   -0.017635    0.024301
    0.324000   -0.005883   -0.003476   -0.000854
    1.848000    0.000699    0.006090    0.037027
    5.167000   -0.020083   -0.027211    0.019740
    4.806000   -0.011682   -0.030223    0.007628
    2.093000    0.002053    0.004458   -0.037331
    4.403000   -0.002031   -0.029302    0.001621
    4.227000    0.001074   -0.027950   -0.028176
    5.954000   -0.033963   -0.009374   -0.027103
    0.285000   -0.006565   -0.003868   -0.033802
    6.875000   -0.027800    0.024654    0.013275
    9.813000    0.040071   -0.035941    0.005186
    3.434000    0.011667   -0.013448    0.028202
    5.048000   -0.016976   -0.027930    0.038147
    4.172000    0.002184   -0.027355   -0.030605
    4.959000   -0.015605   -0.029756   -0.007996
    4.730000   -0.010315   -0.030878   -0.024838
    1.106000   -0.006608    0.001288   -0.030270
    8.579000    0.032765    0.027014    0.030940
    2.997000    0.010413   -0.005982   -0.027413
    9.490000    0.045665   -0.019232    0.028100
    0.582000   -0.005977   -0.001576    0.033076
    7.105000   -0.022206    0.032193    0.025194
    3.500000    0.010853   -0.015652   -0.012869
    3.135000    0.011841   -0.007840    0.010162
    4.480000   -0.004685   -0.030385   -0.037897
    0.476000   -0.007015   -0.002975   -0.026532
    3.054000    0.010601   -0.007108   -0.038309
    2.322000    0.005669    0.004074    0.030231
    3.414000    0.011451   -0.013463    0.006019
    7.415000   -0.013529    0.038686   -0.039554
    9.309000    0.046389   -0.009008    0.032408
    8.786000    0.038405    0.018212    0.016428
    5.244000   -0.022501   -0.026348   -0.012274
    1.473000   -0.003878    0.004201    0.001307
    2.858000    0.009769   -0.003667   -0.034021
    3.976000    0.006301   -0.023609    0.024384
    3.564000    0.010441   -0.016521    0.006427
    0.724000   -0.006941   -0.001002   -0.008412
    7.943000    0.008152    0.042291    0.019480
    4.154000    0.002684   -0.026782   -0.016147
    0.336000   -0.005341   -0.002919    0.033866
    0.523000   -0.007192   -0.002843   -0.037382
    0.653000   -0.006782   -0.001698   -0.006796
    9.326000    0.045164   -0.011263   -0.027270
    7.494000   -0.010228    0.040093   -0.020719
    4.427000   -0.003186   -0.029763   -0.030003
    4.056000    0.004169   -0.026065   -0.037786
    4.581000   -0.006286   -0.030273   -0.012374
    8.178000    0.016590    0.038281   -0.035552
    8.066000    0.013422    0.041162    0.027079
    7.255000   -0.017967    0.036051    0.013244
    4.681000   -0.008872   -0.030671   -0.016154
    1.390000   -0.005031    0.003228   -0.029453
    1.097000   -0.006098    0.001804   -0.003812
    7.403000   -0.012764    0.039438    0.027133
    8.912000    0.041475    0.012243    0.029089
    5.388000   -0.024994   -0.023528    0.021291
    6.741000   -0.030478    0.019995   -0.003085
    0.866000   -0.005891    0.000706    0.032468
    0.463000   -0.006517   -0.002770   -0.008328
    0.410000   -0.006090   -0.002470    0.016218
    2.769000    0.009626   -0.001634    0.002958
    8.839000    0.040174    0.015829    0.037016
    3.433000    0.011326   -0.013765    0.011107
    0.766000   -0.007150   -0.000806   -0.017128
    3.712000    0.009128   -0.019862   -0.016283
    5.420000   -0.025934   -0.023209   -0.010896
    0.645000   -0.007192   -0.001824   -0.015352
    6.773000   -0.030248    0.020866   -0.011618
    7.264000   -0.017749    0.035908   -0.002561
    1.555000   -0.003349    0.004585   -0.009540
    3.491000    0.010932   -0.014756    0.005383
    0.934000   -0.006988    0.000276   -0.014821
    8.895000    0.041191    0.012952    0.023309
    5.872000   -0.032282   -0.010819    0.029484
    1.144000   -0.005382    0.002567    0.014661
    8.669000    0.034927    0.022929    0.007083
    8.289000    0.021489    0.036295   -0.008141
    0.433000   -0.006283   -0.002995   -0.003394
    3.171000    0.011550   -0.008777   -0.002294
    9.329000    0.045954   -0.010435    0.017664
    7.925000    0.007116    0.042536    0.013392
    3.045000    0.011846   -0.005888    0.034588
    0.616000   -0.006301   -0.001367    0.013099
    4.719000   -0.008919   -0.029903    0.034382
    4.893000   -0.014020   -0.030098   -0.009703
    9.652000    0.043409   -0.028033    0.010380
    1.612000   -0.002815    0.004485   -0.016409
    0.754000   -0.006085   -0.000228    0.034590
    1.102000   -0.005987    0.001708    0.000079
    9.864000    0.038755   -0.038392    0.012294
    0.550000   -0.006330   -0.002060    0.010653
    2.656000    0.009025    0.000436    0.016265
    3.469000    0.010995   -0.014791   -0.015016
    9.006000    0.041975    0.006197   -0.037852
    0.672000   -0.006787   -0.001331   -0.001992
    3.466000    0.011054   -0.014540   -0.006312
    7.249000   -0.018360    0.035574   -0.000376
    7.626000   -0.005874    0.041575   -0.037154
    1.501000   -0.003488    0.004573    0.008296
    8.862000    0.040435    0.014922    0.035470
    3.726000    0.008754   -0.020087   -0.021672
    7.309000   -0.016883    0.036865   -0.027121
    9.460000    0.045172   -0.018587   -0.024105
    3.850000    0.007752   -0.021992   -0.000239
    0.829000   -0.006650    0.000191    0.008526
    0.461000   -0.006521   -0.002844   -0.010597
    6.116000   -0.033745   -0.002581    0.037505
    7.405000   -0.013852    0.038462   -0.035649
    7.177000   -0.020270    0.034008    0.012789
    7.505000   -0.009912    0.040369   -0.010992
    1.418000   -0.003774    0.004349    0.018223
    1.650000   -0.001914    0.005061    0.008492
    3.073000    0.011965   -0.006321    0.024263
    9.367000    0.046191   -0.012215    0.026966
    6.935000   -0.026859    0.026505   -0.007588
    1.583000   -0.003344    0.004361   -0.023235
    0.126000   -0.005612   -0.004315   -0.015266
    3.814000    0.008621   -0.020785    0.032498
    6.722000   -0.030852    0.019313    0.007289
    2.521000    0.006866    0.001286   -0.025685
    4.141000    0.002719   -0.026865   -0.020267
    6.290000   -0.035053    0.002872   -0.016181
    9.039000    0.042627    0.004160   -0.035752
    4.979000   -0.016428   -0.029443   -0.019431
    3.224000    0.011121   -0.009896   -0.019427
    5.767000   -0.031403   -0.014573    0.005488
    1.064000   -0.005648    0.002033    0.031755
    8.248000    0.019308    0.036736   -0.040669
    3.174000    0.011320   -0.009179   -0.020281
    8.082000    0.013594    0.040551    0.021277
    5.626000   -0.029031   -0.017841    0.032694
    5.252000   -0.022292   -0.025998    0.015477
    2.895000    0.011116   -0.002984    0.028351
    9.271000    0.045597   -0.007390    0.007211
    1.025000   -0.006725    0.000893   -0.035622
    1.135000   -0.005988    0.001897   -0.009681
    9.946000    0.035768   -0.042432   -0.009997
    7.048000   -0.023518    0.030579    0.020911
    4.340000   -0.000330   -0.028053    0.026534
    2.221000    0.004778    0.004945    0.034604
    1.815000    0.000018    0.005672    0.027832
    5.689000   -0.030676   -0.016519    0.004058
    0.426000   -0.006583   -0.002977   -0.009399
    4.044000    0.005228   -0.024709    0.026300
    2.597000    0.008175    0.000637   -0.005486
    7.384000   -0.013517    0.038705    0.017275
    6.847000   -0.028411    0.023669    0.007975
    7.620000   -0.005032    0.042085    0.014853
    0.706000   -0.006687   -0.001029    0.003922
    7.950000    0.008552    0.042267    0.022743
    7.286000   -0.016871    0.036573    0.008885
    0.749000   -0.007445   -0.001304   -0.036362
    4.824000   -0.012245   -0.030118   -0.004254
    9.659000    0.043326   -0.028693    0.003163
    2.062000    0.002559    0.005566    0.019464
    6.773000   -0.030201    0.021142   -0.006010
    8.183000    0.017943    0.038770    0.020624
    7.061000   -0.024209    0.030386   -0.026747
    7.650000   -0.003974    0.042061   -0.003033
    7.032000   -0.024665    0.029587   -0.006572
    9.474000    0.045303   -0.019041   -0.007905
    4.006000    0.005067   -0.024837   -0.028153
    2.487000    0.007619    0.002567    0.034331
    7.521000   -0.009498    0.040293   -0.035573
    2.112000    0.003260    0.005420    0.026682
    1.571000   -0.002309    0.005168    0.021932
    0.708000   -0.007069   -0.001463   -0.021571
    7.353000   -0.014080    0.038546    0.036461
    4.478000   -0.004515   -0.030303   -0.030270
    4.913000   -0.013739   -0.029095    0.039311
    7.382000   -0.014349    0.038101   -0.030391
    3.449000    0.010665   -0.014469   -0.022424
    6.840000   -0.028972    0.023457   -0.004510
    6.049000   -0.034804   -0.005817   -0.026709
    8.668000    0.034068    0.022443   -0.027827
    6.998000   -0.025236    0.028803    0.009253
    9.743000    0.041481   -0.032593    0.009954
    0.895000   -0.006140    0.000627    0.021762
    2.557000    0.007907    0.001120   -0.000811
    7.759000   -0.000464    0.042202   -0.027742
    0.839000   -0.006178    0.000499    0.035868
    8.161000    0.016710    0.039533    0.015412
    6.830000   -0.029111    0.022946   -0.005369
    1.974000    0.001174    0.005158    0.000301
    8.561000    0.030938    0.026766   -0.026766
    7.494000   -0.010157    0.040376   -0.019596
    4.230000    0.001765   -0.027155    0.021363
    8.198000    0.017826    0.038201   -0.014829
    6.232000   -0.034222    0.001384    0.035349
    7.355000   -0.014128    0.038463    0.029356
    6.189000   -0.035259   -0.000771   -0.026817
    7.749000   -0.000620    0.042335   -0.013666
    5.792000   -0.031414   -0.013394    0.029983
    7.446000   -0.011758    0.039690   -0.009134
    9.750000    0.041285   -0.033017    0.000814
    2.719000    0.008553   -0.001490   -0.036363
    5.334000   -0.024428   -0.025056   -0.019307
    1.930000    0.001392    0.006016    0.034020
    0.314000   -0.006430   -0.003837   -0.033372
    5.050000   -0.018208   -0.029155   -0.035457
    8.968000    0.041776    0.008277   -0.032861
    9.811000    0.040124   -0.035808    0.018116
    7.183000   -0.020087    0.034230    0.010369
    2.049000    0.002854    0.005371    0.030163
    4.506000   -0.004156   -0.029331    0.030692
    8.831000    0.038998    0.015094   -0.016594
    4.259000    0.001365   -0.027575    0.019792
    5.501000   -0.027735   -0.021806   -0.019512
    8.142000    0.015614    0.039453   -0.012656
    4.086000    0.004093   -0.025640   -0.001776
    6.216000   -0.034220    0.000681    0.019314
    3.578000    0.010715   -0.016361    0.014161
    4.876000   -0.013333   -0.029794    0.003883
    8.309000    0.021946    0.035624   -0.015113
    9.165000    0.045345   -0.000972    0.036565
    0.636000   -0.007101   -0.001925   -0.023496
    5.188000   -0.021298   -0.027681   -0.029443
    7.353000   -0.014477    0.038315    0.032585
    6.297000   -0.034089    0.003570    0.028406
    5.860000   -0.032928   -0.012165   -0.015225
    1.751000   -0.000810    0.005550    0.016155
    7.891000    0.005369    0.042289   -0.011762
    2.856000    0.010499   -0.003175    0.004103
    8.193000    0.017484    0.037985   -0.025510
    3.302000    0.011409   -0.011187    0.000061
    5.053000   -0.017296   -0.028181    0.032434
    6.508000   -0.034049    0.010842   -0.036298
    9.764000    0.041023   -0.034094   -0.004057
    1.063000   -0.006484    0.001448   -0.020081
    1.975000    0.001727    0.005333    0.014135
    4.858000   -0.012647   -0.029858    0.018399
    4.283000    0.001164   -0.027279    0.034570
    3.745000    0.009289   -0.019338    0.023082
    7.794000    0.001168    0.042200   -0.020272
    0.769000   -0.007291   -0.001050   -0.020776
    3.662000    0.009997   -0.018138    0.022140
    0.125000   -0.005354   -0.004161   -0.009953
    5.121000   -0.019152   -0.027489    0.015156
    9.105000    0.044335    0.001356    0.006870
    7.705000   -0.002212    0.042318   -0.018350
    7.056000   -0.023300    0.030563    0.024653
    1.850000    0.000062    0.005526    0.016417
    7.127000   -0.021846    0.032699   -0.001583
    5.633000   -0.030093   -0.018565   -0.026874
    5.840000   -0.032972   -0.012778   -0.032887
    7.319000   -0.016633    0.037159   -0.023149
    2.417000    0.005864    0.002433   -0.024672
    6.578000   -0.032552    0.014063    0.023506
    4.103000    0.003405   -0.026541   -0.036076
    5.583000   -0.029414   -0.020039   -0.031458
    3.258000    0.012121   -0.010238    0.021401
    4.652000   -0.007790   -0.030337    0.003341
    7.528000   -0.008551    0.041210    0.016402
    8.166000    0.016090    0.038343   -0.040160
    9.961000    0.034815   -0.043621   -0.033543
    3.665000    0.009877   -0.018098    0.010480
    7.347000   -0.015730    0.037669   -0.025591
    3.878000    0.007038   -0.022571   -0.008809
    2.201000    0.004640    0.005028    0.032299
    1.573000   -0.002633    0.005117    0.021092
    3.600000    0.010531   -0.016718    0.017584
    2.818000    0.009958   -0.002456   -0.007239
    2.239000    0.004452    0.004174    0.010880
    8.322000    0.023423    0.035618    0.021174
    5.711000   -0.030770   -0.015838    0.016737
    6.672000   -0.031369    0.017594    0.012772
    8.703000    0.035778    0.021497   -0.011672
    4.786000   -0.011558   -0.030672   -0.028006
    5.578000   -0.029243   -0.019722   -0.017541
    5.981000   -0.033620   -0.007941    0.001665
    8.784000    0.038271    0.018136    0.019744
    8.918000    0.041374    0.011370    0.003699
    1.521000   -0.003364    0.004293   -0.001334
    4.577000   -0.006507   -0.030166   -0.010526
    1.224000   -0.004703    0.003272    0.037205
    6.196000   -0.035100   -0.000820   -0.030040
    5.708000   -0.030710   -0.015999    0.009380
    5.142000   -0.019183   -0.027193    0.033237
    6.466000   -0.034152    0.009395   -0.022416
    4.473000   -0.003383   -0.029468    0.015506
    8.287000    0.021981    0.036566    0.019612
    7.918000    0.006692    0.042338   -0.000057
    5.129000   -0.020134   -0.028293   -0.028424
    3.139000    0.011077   -0.008540   -0.020198
    2.140000    0.002769    0.004224   -0.021372
    9.586000    0.044629   -0.024085    0.034549
    8.650000    0.033684    0.023549   -0.031024
    7.424000   -0.011764    0.039613    0.036069
    2.906000    0.010810   -0.003891    0.006048
    5.221000   -0.021848   -0.026975   -0.011435
    9.709000    0.042047   -0.031512   -0.018382
    3.376000    0.011855   -0.012157    0.024169
    3.777000    0.009052   -0.020034    0.025696
    3.101000    0.011084   -0.007640   -0.019241
    2.536000    0.008088    0.001993    0.028958
    4.120000    0.002983   -0.026501   -0.027046
    3.946000    0.006417   -0.023191    0.007647
    9.194000    0.045284   -0.003685   -0.000644
    2.351000    0.005672    0.003586    0.006313
    8.468000    0.027875    0.030626   -0.015661
    8.559000    0.031535    0.027272    0.002015
    3.415000    0.011901   -0.013050    0.028854
    9.185000    0.045326   -0.002611    0.020235
    9.588000    0.044096   -0.024699    0.002350
    6.641000   -0.032505    0.016133   -0.022631
    1.729000   -0.001421    0.005223   -0.010912
    7.830000    0.003736    0.043039    0.036251
    5.213000   -0.022032   -0.027281   -0.033490
    6.197000   -0.035433   -0.000843   -0.035021
    0.654000   -0.006511   -0.000995    0.016424
    1.071000   -0.006625    0.001388   -0.025285
    1.387000   -0.004220    0.004181    0.012298
    0.357000   -0.006407   -0.003436   -0.005969
    0.227000   -0.005837   -0.003772   -0.004202
    1.810000   -0.000326    0.005429    0.010335
    1.408000   -0.004412    0.003945   -0.008174
    6.119000   -0.035100   -0.003585   -0.023754
    2.444000    0.006286    0.002204   -0.015824
    7.935000    0.006630    0.041680   -0.037320
    7.281000   -0.017802    0.036289   -0.022452
    0.372000   -0.006841   -0.003677   -0.028612
    8.248000    0.019627    0.037067   -0.012448
    4.261000    0.000337   -0.028626   -0.035856
    6.485000   -0.033670    0.010618    0.000372
    2.446000    0.006319    0.001964   -0.023942
    3.324000    0.012137   -0.011407    0.024349
    3.839000    0.007701   -0.021776   -0.003707
    6.953000   -0.025874    0.027260    0.022145
    2.778000    0.008923   -0.002435   -0.038714
    6.565000   -0.032730    0.013537    0.010478
    8.368000    0.024679    0.034019    0.002250
    1.870000   -0.000309    0.005195   -0.016434
    0.913000   -0.006085    0.000958    0.024882
    1.165000   -0.005286    0.002875    0.027099
    1.293000   -0.005210    0.003170   -0.009895
    8.593000    0.033125    0.026589    0.022682
    1.925000    0.000641    0.005243   -0.008486
    9.286000    0.045822   -0.008128    0.010943
    1.123000   -0.005777    0.002080    0.006201
    2.936000    0.010816   -0.004487   -0.000531
    4.764000   -0.010493   -0.029943    0.015017
    4.802000   -0.012104   -0.030952   -0.030641
    5.069000   -0.017799   -0.028419    0.014930
    7.408000   -0.013210    0.038791   -0.011376
    7.945000    0.008315    0.042406    0.033643
    1.152000   -0.005525    0.002427    0.004100
    8.335000    0.022933    0.034482   -0.023101
    1.613000   -0.002503    0.005089    0.009305
    1.703000   -0.001499    0.005524    0.015631
    4.482000   -0.004076   -0.030164   -0.016233
    8.709000    0.035075    0.020846   -0.038503
    4.911000   -0.013960   -0.029332    0.016821
    0.538000   -0.006412   -0.001911    0.007049
    0.632000   -0.007218   -0.002077   -0.038107
    2.764000    0.010230   -0.000940    0.032821
    5.008000   -0.016908   -0.029289   -0.020459
    6.880000   -0.027640    0.025114    0.020076
    1.986000    0.001583    0.005251    0.004621
    0.448000   -0.006843   -0.003077   -0.027677
    1.549000   -0.002269    0.005027    0.038648
    4.014000    0.005555   -0.024107    0.018121
    8.205000    0.018644    0.038438    0.016262
    8.735000    0.037054    0.020457    0.012658
    8.262000    0.020920    0.036985    0.009683
    2.338000    0.005056    0.003282   -0.022687
    3.086000    0.011118   -0.007350   -0.018874
    4.274000    0.001151   -0.027369    0.038938
    3.857000    0.007940   -0.021993    0.007792
    2.660000    0.008479   -0.000153   -0.011370
    9.060000    0.043836    0.004128    0.007613
    7.136000   -0.021546    0.032692    0.004308
    5.741000   -0.031488   -0.015339   -0.007216
    8.946000    0.042385    0.010186    0.032330
    4.569000   -0.006147   -0.030201   -0.002062
    8.622000    0.032765    0.024474   -0.035785
    0.130000   -0.005742   -0.004687   -0.032750
    8.189000    0.018474    0.038784    0.033008
    2.076000    0.002326    0.004837   -0.018046
    5.070000   -0.018917   -0.028929   -0.036171
    7.943000    0.007227    0.041667   -0.028263
    6.818000   -0.028860    0.022635    0.013783
    9.966000    0.035087   -0.043308   -0.014955
    0.681000   -0.006373   -0.000823    0.025882
    7.660000   -0.003100    0.042712    0.035687
    0.589000   -0.006501   -0.001716    0.000158
    0.284000   -0.005790   -0.003544   -0.001590
    8.725000    0.035916    0.020191   -0.021524
    0.918000   -0.007248   -0.000070   -0.038815
    4.639000   -0.008320   -0.031065   -0.033405
    8.082000    0.012980    0.040118   -0.025105
    5.255000   -0.022530   -0.026091    0.005627
    9.162000    0.044311   -0.002238   -0.032340
    3.012000    0.011104   -0.005459    0.003300
    2.435000    0.005911    0.002225   -0.034591
    0.098000   -0.005469   -0.004656   -0.028182
    0.101000   -0.004446   -0.003484    0.031275
    2.417000    0.006778    0.003171    0.021288
    7.946000    0.008379    0.042184    0.024355
    1.564000   -0.002984    0.004565    0.000423
    4.007000    0.005951   -0.023720    0.036533
    6.460000   -0.034077    0.009102   -0.014842
    3.498000    0.010894   -0.015237    0.005880
    3.823000    0.007450   -0.022155   -0.032452
    8.199000    0.017287    0.037790   -0.035439
    6.956000   -0.026755    0.027204   -0.021606
    6.708000   -0.031475    0.018370   -0.015932
    8.801000    0.038871    0.017412    0.021996
    1.499000   -0.003500    0.004493   -0.001502
    8.555000    0.030852    0.027543   -0.017771
    0.174000   -0.005707   -0.004112   -0.020626
    3.733000    0.009489   -0.019299    0.018540
    3.398000    0.011305   -0.013060    0.000159
    7.279000   -0.017299    0.036332   -0.000670
    2.526000    0.006804    0.001076   -0.038084
    3.245000    0.011762   -0.010123   -0.000364
    3.664000    0.009527   -0.018402   -0.008784
    5.791000   -0.031719   -0.013684    0.010241
    5.070000   -0.017643   -0.028226    0.026561
    7.061000   -0.023552    0.030443    0.001254
    7.684000   -0.002740    0.042571    0.006015
    5.141000   -0.019503   -0.027343    0.014175
    2.410000    0.006802    0.003138    0.019568
    3.078000    0.011343   -0.007177   -0.005573
    6.009000   -0.033689   -0.006504    0.017724
    8.693000    0.034792    0.021273   -0.036902
    8.114000    0.014225    0.039857   -0.023673
    7.136000   -0.022067    0.032638   -0.016880
    4.879000   -0.012996   -0.029465    0.030429
    0.911000   -0.006871    0.000505   -0.011015
    0.384000   -0.005415   -0.002425    0.037743
    8.557000    0.031841    0.028104    0.027627
    9.743000    0.041779   -0.032383    0.015310
    8.330000    0.023103    0.035244   -0.004625
    2.075000    0.002442    0.005156    0.008782
    0.083000   -0.004994   -0.004219    0.008647
    3.326000    0.011465   -0.011873   -0.010763
    1.722000   -0.001257    0.005347   -0.000899
    7.160000   -0.021509    0.033141   -0.039360
    9.875000    0.038363   -0.038896    0.006085
    5.189000   -0.020609   -0.026389    0.029977
    0.878000   -0.006137    0.000334    0.023273
    0.668000   -0.007148   -0.001959   -0.029519
    5.348000   -0.025063   -0.025119   -0.033545
    7.968000    0.009209    0.042143    0.036562
    2.607000    0.008713    0.000765    0.016695
    7.047000   -0.024368    0.030266   -0.013516
    8.345000    0.023486    0.034759   -0.008502
    9.904000    0.036966   -0.041102   -0.033844
    8.303000    0.022410    0.035687    0.009446
    4.186000    0.002943   -0.026474    0.028411
    2.823000    0.009915   -0.002514   -0.010959
    9.425000    0.045046   -0.016592   -0.029207
    7.104000   -0.021981    0.032220    0.034659
    1.703000   -0.001919    0.004786   -0.024028
    5.249000   -0.022616   -0.026461   -0.015446
    2.077000    0.001859    0.004543   -0.030821
    6.991000   -0.026077    0.028249   -0.033511
    1.839000    0.000053    0.005555    0.018782
    2.713000    0.009475   -0.000430    0.019247
    9.948000    0.035629   -0.042760   -0.024009
    1.666000   -0.001933    0.005127    0.008709
    2.916000    0.010594   -0.004200   -0.005971
    1.270000   -0.004868    0.003088    0.012123
    6.817000   -0.029102    0.022531   -0.000519
    8.348000    0.023344    0.034593   -0.019286
    3.320000    0.011041   -0.012185   -0.028802
    2.051000    0.002428    0.005276    0.009600
    6.476000   -0.033381    0.010119    0.017867
    7.733000   -0.001186    0.042290   -0.024830
    8.306000    0.022021    0.035642   -0.012482
    7.706000   -0.002548    0.042264   -0.032016
    9.090000    0.043616    0.001718   -0.030405
    0.661000   -0.006780   -0.001591   -0.000053
    4.007000    0.005484   -0.024682   -0.010376
    6.584000   -0.032177    0.014762    0.035150
    9.522000    0.045516   -0.020549    0.036871
    3.183000    0.011767   -0.008934    0.006476
    4.594000   -0.006781   -0.030463   -0.013523
    0.600000   -0.006875   -0.001820   -0.002412
    6.567000   -0.032386    0.014110    0.031841
    0.506000   -0.006456   -0.002499   -0.000135
    8.546000    0.030789    0.027564   -0.013929
    2.505000    0.007033    0.001562   -0.024951
    4.352000   -0.001794   -0.029473   -0.034971
    8.186000    0.017919    0.038833    0.015419
    9.862000    0.038555   -0.038758   -0.006185
    9.604000    0.044270   -0.025633    0.007657
    2.508000    0.007270    0.001518   -0.005444
    8.619000    0.033542    0.025462    0.017350
    5.222000   -0.021812   -0.026437   -0.000554
    2.326000    0.005441    0.003845    0.007229
    7.832000    0.003086    0.042465    0.001586
    1.329000   -0.004812    0.003612    0.001358
    3.350000    0.011502   -0.012514   -0.010277
    9.074000    0.044273    0.003827    0.032272
    3.946000    0.006290   -0.023725   -0.009281
    9.298000    0.045634   -0.009487   -0.006518
    7.980000    0.009012    0.041651   -0.021586
    1.534000   -0.003835    0.003931   -0.030844
    9.001000    0.042816    0.006969   -0.004318
    1.215000   -0.004779    0.003165    0.032114
    1.957000    0.001580    0.005821    0.030066
    7.216000   -0.019850    0.034864   -0.023380
    5.644000   -0.029188   -0.017088    0.039599
    3.433000    0.010866   -0.014209   -0.024720
    5.805000   -0.032622   -0.013932   -0.033536
    5.592000   -0.028387   -0.018596    0.030937
    4.939000   -0.015442   -0.030078   -0.017745
    7.864000    0.003888    0.042307   -0.028354
    8.102000    0.014795    0.040585    0.034254
    5.126000   -0.018932   -0.027344    0.039622
    4.298000    0.000207   -0.028085    0.009131
    6.020000   -0.033732   -0.005983    0.028475
    9.552000    0.044363   -0.023296   -0.012077
    3.795000    0.008492   -0.020513    0.008879
    0.353000   -0.005540   -0.002502    0.033874
    1.668000   -0.001653    0.005368    0.028109
    5.491000   -0.028003   -0.022266   -0.035985
    2.226000    0.004351    0.004187    0.003851
    6.972000   -0.025994    0.027996   -0.002943
    4.730000   -0.009635   -0.029811    0.025118
    4.405000   -0.001840   -0.029039    0.017091
    9.661000    0.043019   -0.028407    0.005900
    2.712000    0.009669   -0.000746    0.016635
    8.922000    0.041903    0.011809    0.034677
    4.819000   -0.011782   -0.029882    0.007535
    6.788000   -0.029180    0.022270    0.038037
    0.980000   -0.006471    0.000955   -0.010214
    5.577000   -0.029569   -0.020189   -0.037213
    2.276000    0.005042    0.004199    0.007328
    7.007000   -0.025209    0.028866    0.001986
    4.375000   -0.001305   -0.028596    0.019154
    7.522000   -0.008925    0.040607    0.000920
    5.957000   -0.033311   -0.008126    0.020645
    4.666000   -0.008498   -0.030632   -0.009508
    1.519000   -0.003708    0.004150   -0.024486
    5.324000   -0.023368   -0.024611    0.028941
    8.865000    0.039705    0.013863   -0.011081
    1.753000   -0.001115    0.005251    0.006761
    3.631000    0.009868   -0.018009   -0.002345
    7.152000   -0.021851    0.032727   -0.033069
    8.397000    0.026228    0.033265    0.019337
    1.044000   -0.005871    0.001528    0.016978
    8.646000    0.034702    0.024299    0.032689
    5.650000   -0.029554   -0.017509    0.018908
    8.556000    0.031668    0.027694    0.013293
    2.652000    0.008675   -0.000242   -0.004014
    6.854000   -0.028043    0.024509    0.028246
    6.182000   -0.034910   -0.000881   -0.007893
    9.033000    0.043366    0.005544    0.006772
    2.996000    0.011144   -0.005262    0.006370
    8.009000    0.010743    0.041552    0.023173
    4.645000   -0.007161   -0.029669    0.029585
    6.711000   -0.030989    0.018970   -0.004282
    4.776000   -0.010914   -0.030095    0.012862
    3.628000    0.010275   -0.017486    0.012199
    0.165000   -0.005283   -0.003869    0.003812
    6.861000   -0.028763    0.024153   -0.019323
    5.303000   -0.023463   -0.025222   -0.001207
    0.747000   -0.006111   -0.000367    0.034481
    1.171000   -0.005985    0.002175   -0.011948
    6.994000   -0.025659    0.028495   -0.011165
    5.424000   -0.025375   -0.022465    0.029168
    4.519000   -0.004195   -0.029237    0.030092
    7.198000   -0.019263    0.034865    0.023810
    5.732000   -0.031001   -0.015408    0.013678
    2.712000    0.009638   -0.000224    0.022321
    6.918000   -0.027133    0.026071   -0.005849
    5.875000   -0.032776   -0.011171    0.012816
    3.754000    0.008273   -0.020595   -0.029230
    6.507000   -0.033419    0.011448   -0.000078
    2.982000    0.011546   -0.004384    0.033680
    5.795000   -0.031247   -0.012997    0.034071
    1.274000   -0.005432    0.002976   -0.013303
    3.817000    0.008249   -0.021114    0.005632
    7.591000   -0.006552    0.041437   -0.011404
    4.763000   -0.011221   -0.030726   -0.021420
    2.387000    0.005625    0.002979   -0.016639
    5.840000   -0.032931   -0.012628   -0.029195
    1.256000   -0.005924    0.002479   -0.028356
    2.217000    0.004700    0.004718    0.037979
    8.931000    0.042228    0.011258    0.037148
    0.903000   -0.007346   -0.000236   -0.038286
    6.253000   -0.034756    0.001709   -0.004743
    9.711000    0.042348   -0.031288    0.000933
    4.471000   -0.003606   -0.029609    0.001109
    7.402000   -0.013323    0.038819   -0.009788
    1.706000   -0.002146    0.004688   -0.029721
    8.310000    0.023105    0.036281    0.037019
    5.917000   -0.032677   -0.009503    0.038541
    6.247000   -0.035040    0.001004   -0.022170
    6.154000   -0.034386   -0.001428    0.017502
    6.992000   -0.025117    0.028821    0.026010
    6.930000   -0.026663    0.026758    0.016432
    4.508000   -0.004550   -0.029830    0.006511
    8.176000    0.017363    0.039014    0.003578
    8.444000    0.026856    0.031143   -0.031701
    5.584000   -0.028711   -0.019172    0.006237
    6.977000   -0.026002    0.027931   -0.021472
    6.273000   -0.034846    0.002223   -0.018457
    8.629000    0.033040    0.024175   -0.028203
    7.735000   -0.001484    0.042193   -0.028922
    1.219000   -0.004989    0.003035    0.021267
    3.998000    0.005768   -0.024208   -0.001317
    7.254000   -0.018743    0.035547   -0.022963
    1.966000    0.001494    0.005689    0.014879
    6.660000   -0.031906    0.016833   -0.013072
    3.475000    0.010426   -0.014987   -0.028021
    2.836000    0.010403   -0.002614    0.004752
    0.215000   -0.005182   -0.003762    0.018860
    7.865000    0.003789    0.042211   -0.040553
    4.508000   -0.004213   -0.029751    0.009181
    5.262000   -0.022365   -0.025942    0.009281
    1.624000   -0.002235    0.005206    0.014685
    4.545000   -0.005352   -0.029733    0.005528
    4.550000   -0.005508   -0.030121    0.004938
    7.774000    0.000326    0.042475   -0.028706
    8.320000    0.022822    0.035380    0.009585
    8.377000    0.024689    0.033208   -0.020999
    9.446000    0.045236   -0.018058   -0.023266
    4.987000   -0.015805   -0.028838    0.027682
    0.083000   -0.005388   -0.004703   -0.034026
    7.231000   -0.018686    0.035395    0.002446
    6.724000   -0.030537    0.019694    0.013346
    9.010000    0.042980    0.006548    0.004566
    6.595000   -0.032664    0.014590   -0.008018
    3.537000    0.010975   -0.015479    0.022169
    4.382000   -0.002109   -0.029591   -0.031649
    8.241000    0.019241    0.036955   -0.019137
    9.831000    0.039686   -0.036734    0.017311
    7.585000   -0.006558    0.041618    0.002530
    1.860000   -0.000519    0.005027   -0.021955
    3.829000    0.008425   -0.020840    0.036031
    9.080000    0.043435    0.002072   -0.037679
    4.263000    0.001168   -0.027550    0.011120
    6.215000   -0.034554    0.000469   -0.000034
    5.306000   -0.023439   -0.024895    0.017277
    9.772000    0.041154   -0.034184    0.006994
    5.995000   -0.034483   -0.008048   -0.034815
    9.590000    0.044244   -0.024918   -0.000338
    5.314000   -0.024303   -0.025761   -0.028551
    2.448000    0.006684    0.002360   -0.011130
    6.029000   -0.033627   -0.005700    0.029269
    7.247000   -0.018393    0.035834    0.003006
    6.795000   -0.029422    0.021868    0.001213
    3.778000    0.009081   -0.019947    0.027212
    4.870000   -0.013235   -0.029845    0.009317
    6.776000   -0.029408    0.021667    0.034810
    0.491000   -0.006545   -0.002513   -0.004386
    2.831000    0.009844   -0.002871   -0.006906
    3.078000    0.010914   -0.007528   -0.031323
    8.825000    0.039791    0.016417    0.033825
    5.421000   -0.026213   -0.023405   -0.009431
    4.758000   -0.011074   -0.030638   -0.024526
    8.549000    0.031676    0.028471    0.035897
    7.363000   -0.014400    0.038498    0.018241
    6.923000   -0.026916    0.026233   -0.000860
    6.366000   -0.034730    0.005602   -0.015885
    7.133000   -0.022358    0.032413   -0.025749
    7.399000   -0.013653    0.038565   -0.010704
    5.542000   -0.027685   -0.019675    0.036137
    7.490000   -0.010341    0.040102   -0.012563
    7.682000   -0.002319    0.042548    0.026882
    1.111000   -0.006398    0.001737   -0.024311
    5.437000   -0.026715   -0.023326   -0.029281
    0.718000   -0.007328   -0.001559   -0.026062
    6.193000   -0.034586   -0.000421   -0.005215
    6.952000   -0.025627    0.027647    0.031911
    0.270000   -0.006114   -0.003862   -0.024858
    3.856000    0.007978   -0.021715    0.022533
    4.149000    0.002780   -0.026743   -0.013096
    5.794000   -0.031957   -0.013747   -0.002447
    9.438000    0.045330   -0.016919   -0.006107
    1.524000   -0.003258    0.004650   -0.002903
    9.962000    0.035465   -0.042948    0.001890
    6.553000   -0.032376    0.013364    0.038048
    3.278000    0.012122   -0.010486    0.019308
    7.056000   -0.023840    0.030480   -0.009814
    4.441000   -0.002577   -0.029005    0.014905
    1.682000   -0.001500    0.005440    0.018470
    9.508000    0.044448   -0.021468   -0.038044
    3.447000    0.011413   -0.014063    0.012278
    7.046000   -0.024337    0.030229   -0.014046
    3.285000    0.012097   -0.010407    0.028633
    2.284000    0.004401    0.003529   -0.018812
    1.421000   -0.004549    0.003699   -0.017061
    6.689000   -0.031844    0.017762   -0.022576
    3.864000    0.007536   -0.022124   -0.008298
    9.113000    0.044272    0.001128    0.004744
    7.201000   -0.019694    0.034433    0.003183
    8.823000    0.038657    0.015413   -0.025387
    4.558000   -0.005633   -0.030073   -0.006019
    7.823000    0.003606    0.042964    0.033052
    0.755000   -0.007041   -0.001115   -0.020070
    9.232000    0.044672   -0.006164   -0.035001
    7.300000   -0.016399    0.037141    0.023511
    1.082000   -0.005689    0.002087    0.026616
    6.020000   -0.033979   -0.006612    0.002791
    9.037000    0.043756    0.005533    0.026006
    1.753000   -0.000946    0.005237    0.011342
    3.341000    0.010886   -0.012599   -0.027092
    5.524000   -0.027980   -0.021077   -0.010505
    5.926000   -0.033809   -0.010138   -0.025155
    5.823000   -0.031956   -0.012375    0.032604
    9.180000    0.045422   -0.002223    0.020404
    6.849000   -0.028001    0.024054    0.032009
    2.890000    0.010210   -0.004007   -0.024559
    6.913000   -0.027377    0.025791   -0.017221
    6.747000   -0.030970    0.019909   -0.034234
    2.987000    0.010601   -0.005717   -0.033383
    1.391000   -0.003933    0.004006    0.017632
    6.082000   -0.034310   -0.004348    0.001255
    5.842000   -0.033173   -0.012772   -0.028940
    0.500000   -0.006191   -0.002358    0.011846
    4.473000   -0.004503   -0.030400   -0.035906
    2.311000    0.005258    0.003629   -0.000826
    5.766000   -0.031468   -0.014211    0.008987
    0.344000   -0.005478   -0.003080    0.026298
    8.903000    0.040666    0.011930   -0.006629
    3.948000    0.006633   -0.023268    0.013786
    0.023000   -0.004346   -0.004275    0.013516
    3.002000    0.010909   -0.005900   -0.014524
    3.637000    0.010263   -0.017301    0.023662
    4.389000   -0.001783   -0.028829    0.016327
    2.846000    0.009950   -0.003028   -0.005985
    0.432000   -0.006431   -0.002791    0.005447
    4.892000   -0.013961   -0.030223   -0.012717
    5.023000   -0.017465   -0.029503   -0.022658
    4.691000   -0.009444   -0.030649   -0.021466
    7.172000   -0.020238    0.034050    0.023581
    1.029000   -0.005698    0.001777    0.031064
    0.759000   -0.006661   -0.000784   -0.003655
    8.030000    0.011023    0.041169   -0.008138
    4.704000   -0.009292   -0.030490   -0.001864
    7.787000    0.001648    0.042920    0.014167
    6.501000   -0.033371    0.010909    0.000856
    0.547000   -0.006445   -0.002031    0.016849
    5.953000   -0.034239   -0.009353   -0.031521
    2.195000    0.003586    0.004220   -0.009468
    6.481000   -0.034064    0.010152   -0.011882
    6.177000   -0.034430   -0.000891    0.018364
    9.054000    0.043511    0.003803   -0.005558
    1.895000    0.000940    0.005732    0.031312
    0.550000   -0.006917   -0.002310   -0.009228
    8.113000    0.014764    0.039828   -0.000560
    1.426000   -0.003679    0.004094    0.018348
    5.037000   -0.017980   -0.029369   -0.034804
    5.823000   -0.031948   -0.012550    0.024264
    8.683000    0.035537    0.022204    0.006581
    9.120000    0.043919    0.000135   -0.027712
    6.282000   -0.034274    0.003216    0.032266
    3.836000    0.007587   -0.022068   -0.021349
    2.756000    0.009769   -0.001475    0.009787
    6.370000   -0.034719    0.006050   -0.013714
    4.828000   -0.012612   -0.030593   -0.023657
    5.294000   -0.023026   -0.025159    0.013777
    7.992000    0.010424    0.042064    0.031318
    9.982000    0.035046   -0.043430    0.014578
    9.391000    0.045707   -0.014404   -0.006013
    2.815000    0.010631   -0.001802    0.026259
    8.348000    0.023620    0.034350   -0.020103
    8.820000    0.039329    0.016556    0.023204
    5.365000   -0.024809   -0.024454   -0.006189
    4.705000   -0.008468   -0.029771    0.038607
    7.566000   -0.007380    0.041114   -0.011170
    9.874000    0.038250   -0.038831    0.012489
    6.040000   -0.033557   -0.005303    0.026154
    9.771000    0.040622   -0.034261   -0.009160
    0.772000   -0.006774   -0.000566   -0.008114
    7.171000   -0.020110    0.034159    0.030963
    5.198000   -0.021175   -0.026818    0.002000
    1.105000   -0.006252    0.001684   -0.012242
    8.686000    0.035583    0.022519    0.022523
    7.033000   -0.025014    0.029309   -0.026438
    0.723000   -0.006330   -0.000782    0.018674
    8.280000    0.020886    0.036199   -0.019129
    7.545000   -0.008814    0.040852   -0.035158
    9.351000    0.046084   -0.011543    0.032390
    5.269000   -0.022895   -0.025673   -0.000275
    5.734000   -0.031497   -0.015815   -0.024900
    0.890000   -0.006887   -0.000018   -0.020082
    3.502000    0.011766   -0.014559    0.038664
    9.009000    0.042631    0.006422   -0.000345
    6.085000   -0.034554   -0.004665   -0.011864
    1.741000   -0.002037    0.004614   -0.039255
    5.007000   -0.016357   -0.028838    0.017834
    7.991000    0.010224    0.041830    0.023867
    5.980000   -0.033729   -0.007680    0.001247
    3.154000    0.012300   -0.007462    0.037976
    9.316000    0.046152   -0.009580    0.030789
    8.731000    0.035885    0.019545   -0.032993
    9.311000    0.045894   -0.009621    0.016751
    8.246000    0.019932    0.037263   -0.008508
    0.516000   -0.006183   -0.001889    0.026994
    6.234000   -0.035018    0.000793   -0.014950
    1.108000   -0.006172    0.001783   -0.022331
    2.726000    0.009761   -0.000772    0.013573
    8.426000    0.026679    0.032144   -0.003711
    5.017000   -0.017369   -0.029530   -0.024542
    3.783000    0.008115   -0.020894   -0.016478
    3.578000    0.009741   -0.017403   -0.033130
    4.054000    0.004287   -0.025575   -0.021752
    5.953000   -0.033807   -0.009188   -0.016268
    9.057000    0.044220    0.004669    0.025989
    3.057000    0.011461   -0.006337    0.014695
    4.031000    0.004749   -0.025196   -0.015439
    4.547000   -0.005393   -0.029833    0.006635
    2.653000    0.009415    0.000560    0.035027
    7.991000    0.009760    0.041673    0.012285
    3.066000    0.011460   -0.006464    0.012298
    2.147000    0.003809    0.005152    0.025723
    1.561000   -0.002755    0.004921    0.024178
    0.444000   -0.005931   -0.002549    0.014422
    9.966000    0.035456   -0.042521    0.013413
    3.576000    0.010225   -0.016891   -0.004565
    0.077000   -0.004685   -0.004142    0.014737
    7.823000    0.003091    0.042884    0.021226
    4.488000   -0.004383   -0.030239   -0.020213
    4.191000    0.002399   -0.026951    0.010152
    6.019000   -0.034340   -0.006656   -0.007677
    2.646000    0.009061    0.000230    0.016703
    5.072000   -0.018509   -0.028575   -0.010876
    6.122000   -0.034324   -0.002890    0.012256
    3.973000    0.005743   -0.024021   -0.011393
    6.277000   -0.034897    0.002532   -0.014712
    2.264000    0.004782    0.004029   -0.003358
    8.357000    0.023242    0.033712   -0.038596
    1.743000   -0.001477    0.004998   -0.025283
    6.239000   -0.034091    0.001850    0.031191
    4.458000   -0.003141   -0.029525    0.005606
    7.062000   -0.023154    0.030884    0.019005
    1.100000   -0.006450    0.001446   -0.020500
    6.166000   -0.034381   -0.001286    0.011526
    8.541000    0.031155    0.028432    0.021181
    8.120000    0.015356    0.040139    0.017299
    6.030000   -0.034042   -0.005911    0.010008
    7.305000   -0.016415    0.037097    0.009158
    0.286000   -0.006218   -0.003768   -0.021573
    0.874000   -0.006407    0.000512    0.011033
    8.440000    0.028022    0.032302    0.029378
    3.791000    0.008436   -0.020695    0.007615
    5.296000   -0.022713   -0.024720    0.039491
    2.415000    0.006155    0.002669   -0.015936
    7.565000   -0.007722    0.040892   -0.024737
    9.541000    0.044809   -0.022151    0.017454
    3.238000    0.012203   -0.009473    0.032999
    3.122000    0.011998   -0.007042    0.037589
    2.198000    0.003860    0.004177   -0.004989
    9.150000    0.044508   -0.001119   -0.015830
    9.955000    0.035758   -0.042423    0.002743
    4.856000   -0.012491   -0.029279    0.040222
    2.206000    0.003328    0.003934   -0.032669
    8.558000    0.031560    0.027601    0.010396
    7.486000   -0.010395    0.040151   -0.014984
    1.255000   -0.005270    0.003205   -0.000445
    2.129000    0.002268    0.004273   -0.035836
    9.388000    0.045666   -0.014347   -0.015159
    2.043000    0.001687    0.004940   -0.017019
    5.330000   -0.023747   -0.024584    0.021220
    4.762000   -0.010288   -0.029871    0.021239
    0.349000   -0.005724   -0.002894    0.030689
    6.888000   -0.027689    0.025162    0.012801
    0.575000   -0.006065   -0.001329    0.038963
    4.427000   -0.002247   -0.028947    0.018470
    4.647000   -0.007219   -0.029767    0.034543
    8.067000    0.012701    0.040458   -0.008891
    1.401000   -0.005078    0.003313   -0.035166
    4.686000   -0.008787   -0.030302    0.003543
    4.778000   -0.011062   -0.030172   -0.000117
    2.418000    0.006740    0.002995    0.024396
    8.637000    0.033518    0.023948   -0.017800
    9.768000    0.041076   -0.034146    0.003739
    8.680000    0.034668    0.022423   -0.017592
    7.747000    0.000424    0.042966    0.029040
    1.118000   -0.005750    0.002394    0.012909
    3.017000    0.011633   -0.005371    0.022808
    1.406000   -0.004857    0.003599   -0.032888
    0.933000   -0.006077    0.001360    0.034434
    3.479000    0.010622   -0.015392   -0.023949
    5.876000   -0.032999   -0.011123   -0.002251
    9.863000    0.038567   -0.038441    0.004833
    8.107000    0.014896    0.040380    0.028821
    5.569000   -0.028803   -0.020040   -0.011016
    5.468000   -0.027335   -0.022817   -0.031515
    1.073000   -0.005606    0.002162    0.028622
    6.509000   -0.032948    0.011778    0.032264
    4.839000   -0.012943   -0.030191   -0.016217
    2.462000    0.007097    0.002689    0.013750
    5.500000   -0.026995   -0.021168    0.027023
    2.057000    0.002671    0.005398    0.015573
    8.563000    0.032036    0.027868    0.030643
    5.668000   -0.030004   -0.016759    0.019633
    5.859000   -0.032696   -0.011726    0.011307
    2.931000    0.010890   -0.004149    0.014668
    1.410000   -0.004733    0.003600   -0.023290
    2.931000    0.011153   -0.003628    0.027183
    2.032000    0.001719    0.005010   -0.004498
    8.612000    0.032528    0.024900   -0.038403
    4.403000   -0.001812   -0.028614    0.034363
    4.572000   -0.006420   -0.030496   -0.014813
    4.264000    0.000669   -0.027805   -0.004179
    0.222000   -0.005372   -0.003593    0.011207
    8.723000    0.036018    0.020031   -0.022890
    1.915000    0.000480    0.005228   -0.010733
    1.442000   -0.003642    0.004443    0.011654
    3.142000    0.010929   -0.008660   -0.023885
    6.275000   -0.034920    0.002312   -0.019590
    5.798000   -0.031997   -0.013667   -0.004927
    6.823000   -0.029135    0.022712   -0.012400
    8.751000    0.036443    0.018777   -0.032804
    9.741000    0.041525   -0.032879    0.002500
    1.385000   -0.004678    0.003590   -0.017989
    2.940000    0.010578   -0.004758   -0.021534
    0.396000   -0.005849   -0.002793    0.014674
    1.240000   -0.005513    0.002379   -0.018184
    6.177000   -0.034475   -0.000909    0.011931
    5.585000   -0.028582   -0.019247    0.017813
    8.768000    0.038329    0.018858    0.030903
    8.378000    0.024533    0.033601   -0.017841
    6.092000   -0.034092   -0.003573    0.027356
    6.030000   -0.033469   -0.005803    0.038687
    6.934000   -0.026818    0.026858    0.002302
    8.639000    0.034055    0.024328    0.011225
    3.925000    0.006674   -0.023224   -0.006791
    0.649000   -0.006234   -0.000980    0.021181
    3.470000    0.011543   -0.014052    0.035181
    2.681000    0.008466   -0.000723   -0.033810
    1.309000   -0.004370    0.003936    0.032892
    9.956000    0.035523   -0.043085   -0.014392
    8.522000    0.030035    0.028641   -0.004125
    0.276000   -0.005003   -0.003142    0.038534
    7.894000    0.005269    0.041988   -0.015766
    7.027000   -0.025307    0.029108   -0.039205
    1.054000   -0.005680    0.002040    0.028794
    2.503000    0.006833    0.001375   -0.032670
    3.886000    0.007231   -0.022451    0.005879
    5.925000   -0.033160   -0.009521    0.015799
    6.501000   -0.033677    0.010901    0.001360
    3.933000    0.006687   -0.023102    0.012231
    4.501000   -0.004256   -0.029679    0.008216
    8.516000    0.030553    0.029494    0.036601
    7.074000   -0.023791    0.030818   -0.026255
    3.800000    0.008580   -0.020572    0.023531
    5.172000   -0.019760   -0.026518    0.039170
    8.587000    0.032874    0.026703    0.033020
    0.443000   -0.005964   -0.002558    0.012255
    7.981000    0.009191    0.041605    0.001871
    9.035000    0.043662    0.005569    0.024513
    0.107000   -0.004787   -0.003770    0.016615
    0.167000   -0.004963   -0.003696    0.014288
    0.490000   -0.006109   -0.002063    0.020126
    7.277000   -0.017393    0.036269   -0.008198
    5.490000   -0.027042   -0.021370    0.011683
    3.619000    0.009965   -0.017871   -0.013321
    4.539000   -0.005737   -0.030284   -0.021395
    5.100000   -0.019609   -0.028785   -0.029783
    0.568000   -0.006837   -0.002107   -0.007522
    1.417000   -0.004323    0.003736   -0.005726
    9.916000    0.036160   -0.041764   -0.036982
    2.673000    0.008203   -0.000640   -0.033622
    7.729000   -0.001310    0.042396   -0.025865
    8.069000    0.012068    0.040020   -0.037700
    8.379000    0.025583    0.034283    0.030966
    6.815000   -0.029599    0.022542   -0.018786
    8.687000    0.035047    0.021987   -0.012037
    8.994000    0.042944    0.007897    0.023075
    1.198000   -0.005238    0.002709    0.008522
    3.249000    0.011547   -0.010132   -0.001641
    8.929000    0.041776    0.011091    0.013776
    4.441000   -0.002439   -0.029049    0.029039
    0.545000   -0.006472   -0.002233    0.007004
    1.205000   -0.005562    0.002296   -0.009496
    9.753000    0.040668   -0.034034   -0.036615
    4.311000   -0.000406   -0.028824   -0.020587
    2.389000    0.006026    0.002995   -0.008233
    1.652000   -0.001627    0.005659    0.032430
    7.706000   -0.002552    0.041990   -0.039470
    4.486000   -0.003878   -0.029886    0.002119
    0.476000   -0.005693   -0.002192    0.039507
    3.007000    0.010579   -0.006083   -0.030779
    1.232000   -0.005682    0.002811   -0.007764
    7.911000    0.006319    0.042221   -0.007894
    8.466000    0.028035    0.030943   -0.007905
    7.884000    0.005064    0.042185   -0.005669
    2.059000    0.002295    0.005034   -0.005317
    4.158000    0.002132   -0.027234   -0.036035
    3.069000    0.011114   -0.006982   -0.017810
    9.314000    0.045219   -0.010645   -0.024068
    9.605000    0.044269   -0.025675    0.016583
    0.729000   -0.007003   -0.001218   -0.011922
    7.169000   -0.020641    0.033957    0.011069
    6.033000   -0.033907   -0.005649    0.017588
    5.433000   -0.026124   -0.022792    0.006081
    5.272000   -0.023589   -0.026584   -0.034545
    5.322000   -0.024135   -0.025061   -0.006686
    9.550000    0.044395   -0.023118   -0.016119
    6.420000   -0.034319    0.007726   -0.019335
    6.587000   -0.032912    0.013997   -0.010229
    6.171000   -0.034490   -0.001347    0.001284
    3.134000    0.011848   -0.007547    0.027759
    3.986000    0.006594   -0.023454    0.037229
    9.081000    0.044478    0.003109    0.031440
    2.465000    0.007637    0.002787    0.033740
    0.432000   -0.006275   -0.002668    0.012434
    9.619000    0.043985   -0.026370    0.009971
    4.689000   -0.008826   -0.030405    0.002192
    9.929000    0.036552   -0.041607   -0.009977
    5.329000   -0.024614   -0.025655   -0.034659
    2.702000    0.008968   -0.000765    0.001195
    9.084000    0.044077    0.002714    0.005533
    2.617000    0.008265    0.000399   -0.007079
    2.450000    0.007051    0.002578    0.015262
    9.563000    0.045002   -0.022943    0.027039
    3.044000    0.011125   -0.006802   -0.016974
    2.690000    0.009494   -0.000143    0.016755
    4.475000   -0.003843   -0.030037   -0.010424
    6.741000   -0.030643    0.020141   -0.002641
    5.807000   -0.032271   -0.013508   -0.006170
    2.038000    0.002229    0.005406    0.011069
    8.259000    0.019549    0.036395   -0.037269
    4.599000   -0.007089   -0.030647   -0.032285
    5.163000   -0.020644   -0.027497   -0.008920
    4.196000    0.002470   -0.026670    0.024039
    6.093000   -0.034333   -0.003825    0.010416
    3.328000    0.011389   -0.011936   -0.018250
    3.588000    0.010580   -0.016530    0.013127
    2.036000    0.002262    0.004984    0.007114
    8.516000    0.029899    0.029201    0.006052
    2.981000    0.011030   -0.004914    0.009320
    2.401000    0.006248    0.002926    0.008113
    1.619000   -0.003090    0.004275   -0.031867
    0.987000   -0.006984    0.000744   -0.026341
    0.361000   -0.005440   -0.002543    0.035148
    1.707000   -0.000816    0.005693    0.034803
    7.243000   -0.018836    0.035317   -0.029236
    1.304000   -0.005090    0.003044   -0.012994
    2.451000    0.006385    0.002268   -0.012880
    2.734000    0.009381   -0.001097    0.008898
    5.865000   -0.032135   -0.011118    0.031046
    8.647000    0.033833    0.023751   -0.019312
    6.153000   -0.034413   -0.001698    0.009963
    3.019000    0.011349   -0.005797   -0.000397
    8.567000    0.031125    0.026796   -0.020124
    3.441000    0.010618   -0.014492   -0.029427
    9.339000    0.045145   -0.012130   -0.035681
    6.448000   -0.033999    0.009332    0.003943
    3.290000    0.012245   -0.010581    0.032050
    8.261000    0.021164    0.037415    0.032628
    8.266000    0.021475    0.037443    0.037308
    4.685000   -0.009293   -0.030866   -0.022333
    1.653000   -0.001998    0.005056   -0.005283
    4.685000   -0.009219   -0.030757   -0.029847
    0.156000   -0.005324   -0.003909   -0.002422
    2.273000    0.005001    0.004259    0.012495
    4.301000    0.000489   -0.027353    0.036954
    6.001000   -0.034114   -0.007272   -0.002321
    9.576000    0.044224   -0.024632   -0.007372
    0.056000   -0.004568   -0.003800    0.023242
    1.483000   -0.003117    0.004704    0.033242
    7.038000   -0.024485    0.029966   -0.006198
    6.359000   -0.034478    0.005813   -0.001627
    6.488000   -0.033419    0.010593    0.004320
    1.025000   -0.006089    0.001208    0.004659
    4.043000    0.005516   -0.024546    0.030590
    5.287000   -0.023799   -0.025935   -0.029285
    3.242000    0.012028   -0.009646    0.027006
    5.948000   -0.034159   -0.009238   -0.030304
    7.146000   -0.020777    0.033566    0.028252
    0.222000   -0.005354   -0.003582    0.021956
    4.283000    0.000079   -0.028534   -0.023480
    1.530000   -0.002471    0.005159    0.035362
    8.395000    0.025610    0.033406    0.005565
    2.245000    0.004748    0.004327    0.020610
    7.776000    0.000439    0.042207   -0.022855
    1.032000   -0.006800    0.000809   -0.026259
    1.413000   -0.003773    0.004556    0.026871
    8.482000    0.028087    0.029875   -0.034881
    3.594000    0.010440   -0.016841    0.015437
    9.303000    0.045597   -0.009709   -0.015131
    1.867000    0.000109    0.005295   -0.003293
    5.248000   -0.021968   -0.025770    0.023530
    2.063000    0.002310    0.004972   -0.006084
    2.181000    0.003845    0.004770    0.013223
    9.845000    0.039165   -0.037480    0.014846
    5.303000   -0.023941   -0.025786   -0.023618
    9.342000    0.045387   -0.012011   -0.023381
    2.721000    0.009047   -0.001052   -0.006868
    5.871000   -0.033191   -0.011899   -0.024211
    7.355000   -0.014414    0.038257    0.015976
    1.796000   -0.000900    0.005109   -0.009796
    5.730000   -0.031349   -0.015395   -0.003151
    0.654000   -0.006502   -0.001263    0.007440
    5.340000   -0.024382   -0.024566   -0.002807
    5.467000   -0.026835   -0.021938    0.007143
    3.287000    0.010973   -0.011354   -0.036928
    7.536000   -0.008795    0.041078   -0.016217
    2.367000    0.006458    0.003665    0.029804
    7.133000   -0.021270    0.033090    0.034812
    1.279000   -0.004917    0.003355    0.003111
    4.483000   -0.003430   -0.029105    0.036596
    1.410000   -0.003550    0.004427    0.027770
    7.314000   -0.016966    0.037086   -0.036307
    3.265000    0.011257   -0.010887   -0.017645
    8.353000    0.024101    0.034558    0.013168
    8.674000    0.035134    0.022809    0.004919
    3.217000    0.010960   -0.010280   -0.038403
    7.421000   -0.012472    0.039323    0.014250
    2.429000    0.006963    0.002946    0.017506
    6.271000   -0.035143    0.001980   -0.032535
    1.118000   -0.006370    0.001663   -0.028468
    9.494000    0.045616   -0.019722    0.016516
    8.726000    0.036045    0.020111   -0.011597
    2.785000    0.010296   -0.001477    0.025298
    3.349000    0.012090   -0.011678    0.023528
    3.792000    0.009123   -0.020468    0.032382
    8.246000    0.020129    0.037329    0.015664
    2.491000    0.006285    0.001503   -0.038844
    9.293000    0.045610   -0.008798    0.000705
    2.708000    0.009628   -0.000275    0.032589
    3.152000    0.011473   -0.008291   -0.008798
    6.469000   -0.033403    0.010269    0.020461
    4.680000   -0.008361   -0.030047    0.012969
    8.458000    0.027575    0.030947   -0.008755
    5.299000   -0.022811   -0.024753    0.035240
    7.171000   -0.021331    0.033547   -0.035975
    7.380000   -0.014262    0.038461   -0.008625
    4.279000   -0.000224   -0.028592   -0.036535
    1.025000   -0.006595    0.001034   -0.025502
    8.038000    0.011277    0.040835   -0.022850
    3.755000    0.009218   -0.019788    0.012939
    2.105000    0.002409    0.004567   -0.020557
    8.066000    0.013105    0.040838    0.019624
    0.513000   -0.007052   -0.002944   -0.037602
    1.411000   -0.003763    0.004244    0.014570
    0.871000   -0.006702    0.000166    0.002136
    1.335000   -0.004723    0.003533    0.011488
    6.595000   -0.032855    0.014377   -0.010721
    5.384000   -0.024498   -0.023061    0.037296
    6.638000   -0.031302    0.016810    0.037004
    3.022000    0.010453   -0.006598   -0.036505
    1.736000   -0.000833    0.005598    0.035938
    2.524000    0.007529    0.001697   -0.002133
    3.497000    0.010303   -0.015740   -0.031728
    3.949000    0.006023   -0.023772   -0.008790
    0.854000   -0.006428    0.000350    0.011391
    7.429000   -0.011799    0.039681    0.020440
    9.648000    0.042986   -0.028698   -0.027630
    4.712000   -0.008797   -0.029635    0.039562
    8.441000    0.026962    0.031443   -0.017114
    4.016000    0.005671   -0.024535    0.010219
    7.001000   -0.025108    0.029034    0.002762
    1.658000   -0.001801    0.005329    0.010470
    6.161000   -0.034196   -0.001114    0.034184
    0.800000   -0.006036    0.000040    0.037991
    2.689000    0.008906   -0.000412   -0.006663
    7.102000   -0.022950    0.031596   -0.018567
    4.888000   -0.014465   -0.030450   -0.036365
    7.633000   -0.005091    0.042036   -0.012732
    7.319000   -0.016514    0.037135   -0.028951
    0.326000   -0.006717   -0.003948   -0.029329
    8.933000    0.041496    0.010552   -0.007235
    4.788000   -0.011222   -0.029952    0.006556
    3.077000    0.010982   -0.007098   -0.012103
    1.778000   -0.000197    0.005950    0.037777
    4.417000   -0.002502   -0.029443   -0.002556
    1.069000   -0.006046    0.001790    0.016832
    5.849000   -0.032285   -0.011935    0.012907
    3.478000    0.010836   -0.015154   -0.017009
    7.145000   -0.021351    0.033178    0.012128
    0.972000   -0.005934    0.001334    0.025950
    1.622000   -0.002006    0.005403    0.024554
    1.683000   -0.002004    0.004787   -0.015602
    1.032000   -0.006642    0.000887   -0.023696
    5.225000   -0.021157   -0.026046    0.038593
    4.878000   -0.013425   -0.029602    0.007320
    9.428000    0.045522   -0.016253    0.002272
    0.081000   -0.004452   -0.003615    0.031216
    4.085000    0.003895   -0.025592   -0.006942
    8.467000    0.028174    0.030852   -0.009056
    3.877000    0.007291   -0.022159    0.003030
    8.474000    0.028643    0.030630    0.014705
    7.668000   -0.003565    0.042273   -0.005369
    4.073000    0.004007   -0.026128   -0.031975
    2.571000    0.007405    0.000500   -0.037429
    5.512000   -0.028404   -0.021719   -0.034914
    4.749000   -0.009819   -0.029849    0.021995
    9.502000    0.045060   -0.020458    0.002167
    2.353000    0.005604    0.003301   -0.010916
    6.307000   -0.035142    0.003137   -0.032892
    9.268000    0.045025   -0.008140   -0.030594
    3.263000    0.011566   -0.010702   -0.013092
    3.580000    0.010711   -0.016719    0.008187
    2.081000    0.003394    0.005689    0.036708
    0.424000   -0.006128   -0.002743    0.012037
    0.651000   -0.007042   -0.001753   -0.007393
    1.408000   -0.003581    0.004404    0.035851
    3.059000    0.010712   -0.006848   -0.031253
    7.532000   -0.009190    0.040628   -0.026866
    1.858000    0.000709    0.006034    0.036035
    5.174000   -0.020875   -0.027714   -0.022952
    4.345000   -0.000467   -0.028134    0.035231
    8.170000    0.017651    0.039155    0.030983
    4.481000   -0.004247   -0.029912   -0.022117
    4.579000   -0.006416   -0.030471   -0.017475
    7.484000   -0.009926    0.040500    0.015689
    9.797000    0.039946   -0.035751   -0.005091
    6.121000   -0.034262   -0.002853    0.005350
    0.278000   -0.006062   -0.003811   -0.014125
    5.103000   -0.018583   -0.027604    0.033390
    6.111000   -0.034557   -0.003577   -0.003704
    1.506000   -0.003689    0.004125   -0.023724
    9.771000    0.041270   -0.033749    0.023727
    7.135000   -0.021787    0.032698   -0.003185
    5.578000   -0.028955   -0.019758   -0.018162
    7.963000    0.008721    0.041856    0.015587
    9.248000    0.045824   -0.006063    0.013405
    5.155000   -0.020905   -0.028235   -0.035890
    5.730000   -0.031717   -0.016231   -0.035984
    8.032000    0.011036    0.041082   -0.020262
    4.326000   -0.000163   -0.027975    0.023007
    5.553000   -0.028335   -0.020256   -0.004281
    2.775000    0.009728   -0.001592    0.001138
    9.650000    0.043627   -0.027923    0.017964
    0.893000   -0.006398    0.000538    0.020461
    4.728000   -0.009877   -0.030453   -0.005733
    6.329000   -0.034584    0.004614    0.006267
    5.203000   -0.020999   -0.026736    0.010769
    1.387000   -0.004496    0.003843   -0.006882
    0.780000   -0.006087    0.000188    0.037935
    9.446000    0.045845   -0.016740    0.024673
    7.453000   -0.011930    0.039589   -0.028340
    3.296000    0.011328   -0.011565   -0.016802
    5.083000   -0.019005   -0.029196   -0.036910
    6.279000   -0.034691    0.002739    0.009603
    9.755000    0.040959   -0.033942   -0.028485
    1.231000   -0.004585    0.003381    0.034664
    3.544000    0.010359   -0.016317   -0.017393
    8.339000    0.023609    0.034931    0.000129
    4.609000   -0.007426   -0.030732   -0.035490
    2.550000    0.007755    0.001272   -0.008408
    4.545000   -0.005272   -0.029536    0.016007
    6.113000   -0.035079   -0.003840   -0.031419
    1.655000   -0.002136    0.005023   -0.011746
    2.484000    0.007085    0.002159   -0.001369
    1.404000   -0.004601    0.003666   -0.016288
    5.834000   -0.032407   -0.012685    0.002249
    8.650000    0.033400    0.023075   -0.038734
    7.489000   -0.010534    0.040272   -0.023879
    8.318000    0.022371    0.035218   -0.018027
    7.395000   -0.012758    0.039004    0.034943
    5.944000   -0.032832   -0.008582    0.034675
    7.782000    0.000595    0.042278   -0.031428
    1.507000   -0.003086    0.004977    0.024866
    4.733000   -0.009632   -0.029917    0.027744
    3.328000    0.012114   -0.011290    0.030098
    8.610000    0.032794    0.025024   -0.013031
    5.702000   -0.030788   -0.016425   -0.000541
    5.626000   -0.029560   -0.018279    0.010264
    6.403000   -0.034397    0.007233   -0.012341
    1.134000   -0.006014    0.001966   -0.000755
    8.952000    0.042349    0.010038    0.028824
    1.425000   -0.004442    0.003537   -0.020636
    5.889000   -0.033636   -0.011366   -0.032506
    6.038000   -0.034200   -0.005988   -0.002090
    1.297000   -0.004924    0.003179    0.002489
    5.197000   -0.021590   -0.027581   -0.034816
    7.002000   -0.024886    0.028968    0.008713
    5.863000   -0.032507   -0.011247    0.015837
    4.890000   -0.013834   -0.029984   -0.013256
    8.889000    0.041107    0.013146    0.028943
    0.388000   -0.006283   -0.002900    0.004439
    4.921000   -0.014118   -0.029211    0.032212
    1.739000   -0.000561    0.005721    0.034513
    5.674000   -0.030070   -0.016764    0.014522
    0.982000   -0.007043    0.000387   -0.029808
    5.534000   -0.028000   -0.020715    0.002502
    1.402000   -0.004078    0.003910    0.005907
    2.898000    0.009926   -0.004055   -0.033823
    7.144000   -0.021795    0.033031   -0.014049
    3.398000    0.011588   -0.012901    0.004898
    4.145000    0.003353   -0.025817    0.021735
    9.091000    0.044382    0.002660    0.018414
    9.076000    0.043524    0.002477   -0.028895
    6.725000   -0.030101    0.019729    0.039214
    2.610000    0.008689    0.000691    0.018217
    8.305000    0.022647    0.036127    0.016714
    4.637000   -0.007664   -0.030177    0.001791
    0.330000   -0.006096   -0.003660   -0.014572
    4.018000    0.005065   -0.024718   -0.006916
    9.359000    0.045378   -0.013175   -0.025817
    0.199000   -0.005211   -0.003528    0.011148
    6.177000   -0.034563   -0.000735    0.008153
    4.331000   -0.000921   -0.028716   -0.013116
    2.668000    0.009150    0.000085    0.022823
    3.692000    0.009698   -0.018837   -0.001126
    7.522000   -0.009514    0.040303   -0.032450
    9.023000    0.042732    0.005500   -0.022130
    2.757000    0.010001   -0.000831    0.024557
    6.503000   -0.032884    0.011569    0.038494
    7.595000   -0.005951    0.041748    0.022096
    9.476000    0.045605   -0.018498    0.024293
    5.112000   -0.018696   -0.027421    0.035859
    4.067000    0.004546   -0.025710   -0.005409
    1.096000   -0.006150    0.001602   -0.011424
    3.190000    0.011637   -0.008809    0.006065
    3.022000    0.011548   -0.005774    0.015359
    5.377000   -0.024825   -0.023985    0.005783
    3.240000    0.011127   -0.010487   -0.038483
    7.792000    0.001052    0.042236   -0.020506
    7.156000   -0.020462    0.033768    0.037780
    2.538000    0.007200    0.001278   -0.026055
    9.258000    0.045761   -0.006977    0.002813
    7.747000    0.000102    0.042928    0.024126
    3.107000    0.011394   -0.007470   -0.007869
    7.779000    0.001608    0.042970    0.034041
    4.545000   -0.005676   -0.030273   -0.020614
    7.805000    0.001625    0.042459   -0.029769
    0.210000   -0.005574   -0.004075   -0.008418
    9.809000    0.039776   -0.035918   -0.004361
    7.866000    0.004342    0.042436   -0.008669
    7.263000   -0.018708    0.035583   -0.036807
    8.087000    0.013038    0.039895   -0.030701
    9.777000    0.040179   -0.035231   -0.030819
    9.999000    0.033920   -0.044597   -0.009913
    5.323000   -0.024385   -0.025337   -0.029177
    2.027000    0.001839    0.005118   -0.007357
    0.689000   -0.007062   -0.001561   -0.021794
    0.914000   -0.006905    0.000338   -0.018376
    7.341000   -0.015479    0.037708   -0.008706
    1.715000   -0.001660    0.005184    0.001328
    6.759000   -0.029549    0.021200    0.032664
    9.862000    0.038691   -0.038004    0.017909
    2.531000    0.007316    0.001600   -0.009212
    4.826000   -0.011767   -0.029774    0.017007
    6.242000   -0.034659    0.001416    0.005919
    2.944000    0.010269   -0.004896   -0.019572
    0.195000   -0.004752   -0.003310    0.032756
    4.124000    0.003806   -0.025642    0.025603
    3.712000    0.009789   -0.018871    0.020782
    5.252000   -0.022980   -0.026609   -0.031671
    2.996000    0.011375   -0.004758    0.025780
    5.486000   -0.027384   -0.022104   -0.013374
    1.510000   -0.003314    0.004515    0.014784
    2.933000    0.010772   -0.004382    0.005694
    2.148000    0.003594    0.005112    0.018982
    2.050000    0.002881    0.005634    0.030061
    4.233000    0.001207   -0.027821   -0.015781
    7.848000    0.004367    0.042997    0.034127
    3.861000    0.007060   -0.022839   -0.038524
    1.683000   -0.002255    0.004801   -0.032687
    9.253000    0.045899   -0.006532    0.017906
    9.028000    0.043586    0.006133    0.030037
    5.081000   -0.018337   -0.028094    0.012497
    4.239000    0.001470   -0.027554    0.011769
    9.716000    0.042186   -0.031602   -0.003122
    7.124000   -0.022013    0.032632   -0.001030
    4.263000    0.001334   -0.027054    0.032763
    7.388000   -0.013956    0.038383   -0.013830
    8.716000    0.036399    0.021096    0.013273
    9.275000    0.045809   -0.007719    0.010367
    6.254000   -0.034182    0.002208    0.019680
    1.911000    0.001178    0.005804    0.038915
    0.491000   -0.006482   -0.002571    0.006560
    2.845000    0.010560   -0.002250    0.022660
    1.410000   -0.004400    0.004077   -0.007438
    4.958000   -0.015238   -0.029483    0.008289
    4.482000   -0.003955   -0.029904   -0.004149
    4.593000   -0.006542   -0.029987    0.007682
    3.332000    0.011382   -0.011822   -0.000420
    0.425000   -0.006295   -0.002839   -0.002551
    3.153000    0.011818   -0.007951    0.019009
    7.923000    0.007685    0.042780    0.036654
    1.873000    0.000539    0.005612    0.009172
    4.114000    0.004223   -0.025567    0.022551
    6.799000   -0.029522    0.022159   -0.006050
    5.663000   -0.030170   -0.017637   -0.003656
    9.214000    0.045582   -0.004146    0.012379
    7.013000   -0.024540    0.029545    0.027982
    1.781000   -0.000063    0.005928    0.036858
    6.163000   -0.035302   -0.002097   -0.028671
    1.184000   -0.005672    0.002772    0.003569
    6.010000   -0.034003   -0.007029   -0.001908
    9.299000    0.044845   -0.009905   -0.039268
    3.005000    0.010387   -0.006210   -0.029852
    0.992000   -0.006684    0.000707   -0.020555
    0.062000   -0.004684   -0.003805    0.019138
    7.762000    0.000447    0.042659   -0.004597
    5.589000   -0.028535   -0.019084    0.019831
    8.925000    0.040935    0.010634   -0.017496
    9.449000    0.044880   -0.017967   -0.024178
    0.511000   -0.006719   -0.002574   -0.004757
    8.346000    0.023721    0.034737    0.002184
    9.005000    0.042943    0.006834    0.012097
    7.446000   -0.011069    0.039840    0.028885
    8.547000    0.030395    0.027384   -0.026547
    2.043000    0.001278    0.004585   -0.038377
    1.936000    0.001312    0.005659    0.016296
    7.267000   -0.018077    0.035951   -0.030677
    3.860000    0.007291   -0.022326   -0.025270
    7.250000   -0.018447    0.035575   -0.013162
    5.692000   -0.031230   -0.017195   -0.036909
    0.445000   -0.006678   -0.003153   -0.028651
    1.646000   -0.001677    0.005497    0.027647
    4.652000   -0.008394   -0.030678   -0.017469
    4.867000   -0.013496   -0.030254   -0.020456
    4.456000   -0.003756   -0.029963   -0.031424
    8.301000    0.022505    0.036060    0.019438
    8.163000    0.017087    0.039570    0.026301
    0.325000   -0.006194   -0.003480   -0.016767
    3.907000    0.006478   -0.023202   -0.018953
    2.506000    0.007151    0.001511   -0.017287
    5.978000   -0.034028   -0.008034   -0.008559
    7.832000    0.002855    0.042637   -0.008771
    2.768000    0.010083   -0.001452    0.021316
    5.903000   -0.032979   -0.010266    0.015391
    2.123000    0.002289    0.004330   -0.030865
    8.449000    0.027547    0.031335   -0.002471
    5.982000   -0.033912   -0.008026   -0.012939
    2.649000    0.009125    0.000672    0.031573
    0.582000   -0.006069   -0.001400    0.039380
    2.789000    0.009637   -0.002261   -0.016909
    3.685000    0.009555   -0.019059   -0.004257
    2.211000    0.004442    0.004767    0.020472
    9.088000    0.043482    0.001589   -0.038952
    0.842000   -0.006945   -0.000015   -0.004966
    5.861000   -0.032696   -0.011771    0.004465
    8.102000    0.014413    0.040305    0.001469
    7.910000    0.005737    0.041864   -0.032039
    0.902000   -0.006723    0.000131   -0.017135
    8.641000    0.034364    0.024186    0.012492
    4.425000   -0.002403   -0.029092    0.004738
    9.147000    0.044362   -0.001507   -0.031504
    6.766000   -0.029728    0.021287    0.030719
    0.930000   -0.006675    0.000289   -0.014299
    0.660000   -0.007318   -0.001851   -0.036188
    1.874000   -0.000428    0.004883   -0.029528
    8.124000    0.015572    0.040224    0.031014
    5.343000   -0.024653   -0.025171   -0.022166
    6.395000   -0.034737    0.006690   -0.022148
    4.783000   -0.011446   -0.030392   -0.007605
    0.903000   -0.005870    0.000911    0.038903
    9.621000    0.043278   -0.026858   -0.018277
    6.981000   -0.026100    0.027860   -0.018671
    2.582000    0.007676    0.000544   -0.025431
    9.737000    0.042120   -0.032034    0.029364
    2.785000    0.009639   -0.001978   -0.004198
    9.086000    0.044170    0.002728    0.016363
    9.101000    0.044477    0.002046    0.025991
    2.880000    0.009848   -0.003876   -0.033345
    1.315000   -0.004842    0.003554    0.009302
    3.483000    0.010624   -0.015297   -0.029750
    7.831000    0.002671    0.042167   -0.027758
    0.663000   -0.006302   -0.000840    0.034358
    7.500000   -0.009457    0.040809    0.018969
    2.577000    0.008466    0.001452    0.024802
    5.268000   -0.022582   -0.025683    0.007260
    4.758000   -0.010245   -0.029891    0.020232
    6.475000   -0.033675    0.009847   -0.002277
    1.030000   -0.006717    0.000838   -0.025048
    6.118000   -0.035093   -0.003746   -0.035307
    9.068000    0.042993    0.002637   -0.039332
    0.224000   -0.005496   -0.003842    0.008726
    4.689000   -0.009517   -0.031031   -0.030821
    8.040000    0.011480    0.040694   -0.015596
    6.952000   -0.025799    0.027517    0.039086
    1.079000   -0.006053    0.001696   -0.009121
    4.011000    0.005409   -0.024760   -0.012156
    7.211000   -0.019180    0.035103    0.019725
    5.993000   -0.034236   -0.007696   -0.011118
    2.679000    0.008864   -0.000163   -0.003065
    6.197000   -0.034776   -0.000456   -0.006344
    6.723000   -0.030402    0.019741    0.026124
    7.356000   -0.014926    0.038194   -0.007629
    6.446000   -0.033547    0.009050    0.021513
    7.742000    0.000150    0.042728    0.031876
    0.713000   -0.006606   -0.000968    0.007729
    8.950000    0.041734    0.009443   -0.002750
    1.809000    0.000118    0.005952    0.033848
    9.985000    0.034565   -0.043952   -0.012558
    0.679000   -0.006725   -0.001179    0.011698
    3.362000    0.011248   -0.012572   -0.010964
    4.681000   -0.008954   -0.030721   -0.018126
    7.186000   -0.020511    0.034163   -0.013424
    4.259000    0.001036   -0.027511    0.019824
    4.001000    0.004744   -0.024957   -0.038130
    6.306000   -0.034404    0.003697    0.002663
    4.409000   -0.001942   -0.028681    0.032643
    7.071000   -0.023527    0.030793   -0.012030
    2.715000    0.009789   -0.000500    0.026920
    2.098000    0.003384    0.005548    0.031757
    1.999000    0.001568    0.004932   -0.004775
    9.466000    0.045297   -0.018369    0.001868
    0.186000   -0.004989   -0.003366    0.030322
    6.849000   -0.028724    0.023648   -0.002734
    5.890000   -0.033313   -0.011072   -0.016392
    9.899000    0.036888   -0.040713   -0.027327
    5.660000   -0.029804   -0.017108    0.015058
    4.858000   -0.012378   -0.029332    0.034954
    5.883000   -0.032357   -0.010319    0.032483
    8.037000    0.011075    0.040656   -0.018088
    4.753000   -0.010431   -0.030561   -0.004885
    6.805000   -0.029874    0.021991   -0.024241
    3.135000    0.011957   -0.007779    0.016280
    1.963000    0.000609    0.004767   -0.033840
    7.524000   -0.009427    0.040348   -0.030031
    3.834000    0.008293   -0.021031    0.029611
    5.644000   -0.030525   -0.018550   -0.031134
    6.194000   -0.034532    0.000012    0.015228
    1.929000    0.001137    0.005283    0.014266
    8.097000    0.014036    0.040122   -0.000650
    2.026000    0.002217    0.005491    0.023439
    7.253000   -0.018504    0.035625   -0.011786
    6.211000   -0.034027    0.000743    0.033503
    5.662000   -0.030463   -0.017906   -0.025768
    8.044000    0.011779    0.041212    0.001185
    3.059000    0.011344   -0.006386    0.008819
    7.190000   -0.020437    0.034216   -0.021505
    7.225000   -0.019264    0.035001   -0.021232
    2.884000    0.010382   -0.003239    0.001974
    7.882000    0.005896    0.042992    0.033339
    5.195000   -0.020780   -0.026630    0.014642
    5.676000   -0.030307   -0.016893    0.006065
    8.636000    0.033637    0.024028   -0.019460
    1.169000   -0.006268    0.002110   -0.030695
    9.313000    0.046085   -0.009724    0.022188
    3.230000    0.011401   -0.009892   -0.001779
    1.892000    0.000160    0.005091   -0.004081
    2.161000    0.003612    0.004712   -0.001727
    3.970000    0.006241   -0.023443    0.019824
    8.623000    0.033837    0.025090    0.013671
    6.948000   -0.026895    0.026950   -0.027488
    4.436000   -0.003030   -0.029274   -0.000767
    3.331000    0.011663   -0.011558    0.018268
    9.173000    0.044863   -0.002704   -0.008966
    1.474000   -0.002968    0.004738    0.037265
    6.179000   -0.035315   -0.001364   -0.028846
    7.038000   -0.023590    0.030458    0.031828
    7.955000    0.008039    0.041966    0.001513
    7.065000   -0.022986    0.031106    0.032127
    0.071000   -0.005497   -0.004704   -0.028465
    4.845000   -0.012722   -0.030273   -0.011640
    9.421000    0.045913   -0.015642    0.015716
    7.395000   -0.013838    0.038664   -0.008151
    3.056000    0.011137   -0.006719   -0.020786
    3.668000    0.010422   -0.017763    0.035481
    9.373000    0.045774   -0.013323   -0.000033
    7.355000   -0.015451    0.037781   -0.030385
    3.065000    0.012093   -0.006020    0.032695
    3.824000    0.007427   -0.022293   -0.037898
    5.315000   -0.023058   -0.024399    0.039321
    1.475000   -0.002981    0.004952    0.035268
    3.609000    0.010684   -0.016905    0.030393
    0.016000   -0.005071   -0.004726   -0.015997
    5.378000   -0.025529   -0.024690   -0.033096
    3.982000    0.005932   -0.024109    0.008192
    2.526000    0.007141    0.001402   -0.022881
    6.717000   -0.031235    0.018848   -0.027390
    9.029000    0.043745    0.006013    0.031037
    9.046000    0.043953    0.005104    0.024431
    7.885000    0.005079    0.042204   -0.019377
    4.178000    0.001941   -0.027337   -0.031235
    8.910000    0.040915    0.011772    0.002048
    7.817000    0.002818    0.042614    0.017795
    6.235000   -0.034378    0.001462    0.029001
    8.080000    0.012608    0.040118   -0.029182
    8.309000    0.022259    0.035858   -0.000491
    5.063000   -0.017529   -0.027960    0.036862
    7.888000    0.005430    0.042269   -0.005954
    9.202000    0.045533   -0.003197    0.029267
    6.737000   -0.030194    0.020225    0.022700
    1.014000   -0.006563    0.000943   -0.022199
    3.257000    0.011504   -0.010492   -0.017105
    5.594000   -0.029759   -0.019759   -0.036679
    4.247000    0.001156   -0.027478    0.006095
    4.217000    0.001498   -0.027655   -0.016854
    4.851000   -0.012898   -0.029923    0.003328
    1.701000   -0.001920    0.004835   -0.014958
    9.647000    0.042976   -0.028267   -0.015868
    0.414000   -0.006219   -0.003207   -0.002936
    2.577000    0.008344    0.001463    0.019418
    2.629000    0.008057   -0.000115   -0.022439
    2.794000    0.009543   -0.002670   -0.026579
    8.584000    0.032588    0.026833    0.016936
    5.669000   -0.030056   -0.017034    0.004755
    8.524000    0.030751    0.029193    0.030824
    3.778000    0.009429   -0.019780    0.035974
    4.448000   -0.003429   -0.029554   -0.003841
    2.950000    0.010890   -0.004418    0.008026
    6.492000   -0.033415    0.011055    0.014089
    0.707000   -0.007273   -0.001581   -0.033798
    8.788000    0.038723    0.018095    0.019219
    1.730000   -0.000944    0.005507    0.022450
    4.783000   -0.011606   -0.030430   -0.018796
    7.690000   -0.001993    0.042585    0.029795
    6.681000   -0.032179    0.017345   -0.036088
    9.114000    0.044587    0.001450    0.022607
    9.263000    0.045706   -0.007213    0.008311
    9.959000    0.035751   -0.042522    0.011093
    2.683000    0.008433   -0.000758   -0.020282
    3.142000    0.011713   -0.007945    0.002105
    7.944000    0.008467    0.042473    0.033409
    2.889000    0.010736   -0.003102    0.017904
    7.842000    0.003000    0.042418   -0.029272
    9.273000    0.045941   -0.007295    0.030148
    8.953000    0.041205    0.008869   -0.034313
    8.778000    0.037418    0.017704   -0.017162
    8.496000    0.029763    0.029941    0.021506
    4.675000   -0.008517   -0.030102    0.002436
    8.922000    0.041899    0.011491    0.033657
    1.873000    0.000577    0.005439    0.018331
    0.662000   -0.007420   -0.001720   -0.032546
    6.754000   -0.030943    0.019778   -0.037497
    8.418000    0.026518    0.032565    0.009788
    2.540000    0.007867    0.001866    0.021607
    9.178000    0.044516   -0.003127   -0.021576
    9.351000    0.045301   -0.012588   -0.017294
    9.375000    0.045114   -0.013721   -0.028072
    7.150000   -0.021502    0.033136   -0.014973
    9.357000    0.045311   -0.012578   -0.017433
    1.320000   -0.005006    0.003374    0.000711
    4.150000    0.003047   -0.026264    0.005771
    0.001000   -0.003932   -0.003962    0.032596
    4.166000    0.003006   -0.026057    0.028223
    5.507000   -0.028025   -0.021540   -0.023846
    8.498000    0.029535    0.029880    0.023116
    7.708000   -0.001444    0.042885    0.021315
    3.290000    0.011956   -0.010496    0.022099
    8.910000    0.041260    0.011896    0.021247
    4.300000   -0.000419   -0.028681   -0.031902
    7.256000   -0.018660    0.035768   -0.032408
    9.324000    0.045381   -0.011232   -0.029601
    9.444000    0.045785   -0.016833    0.013691
    6.551000   -0.033101    0.013130    0.004609
    0.305000   -0.006498   -0.004180   -0.036445
    3.822000    0.008679   -0.020947    0.032396
    0.916000   -0.007019    0.000183   -0.020812
    1.501000   -0.003121    0.004537    0.014551
    8.066000    0.011959    0.040323   -0.035045
    8.121000    0.015710    0.040124    0.035215
    1.176000   -0.005642    0.002509    0.005632
    2.076000    0.001927    0.004607   -0.019725
    9.981000    0.034929   -0.043736   -0.009730
    3.327000    0.011013   -0.012408   -0.035065
    3.141000    0.012188   -0.007563    0.030077
    1.697000   -0.001430    0.005529    0.014925
    0.510000   -0.006626   -0.002450   -0.009246
    6.287000   -0.034694    0.003109    0.002185
    3.830000    0.007602   -0.021564   -0.014290
    5.537000   -0.027741   -0.020240    0.023950
    8.295000    0.021519    0.036125   -0.007836
    1.435000   -0.003630    0.004469    0.014360
    6.862000   -0.028139    0.024531    0.008283
    8.635000    0.033506    0.024487   -0.010587
    5.114000   -0.019216   -0.027666    0.009010
    2.435000    0.006745    0.002764    0.015122
    2.870000    0.010872   -0.002967    0.021328
    1.990000    0.002183    0.005601    0.036352
    3.155000    0.012025   -0.007982    0.025764
    0.541000   -0.006625   -0.002209    0.001717
    7.220000   -0.018859    0.035324    0.026868
    9.539000    0.044609   -0.022600   -0.007480
    5.030000   -0.017259   -0.028677    0.006365
    9.979000    0.035114   -0.043144    0.017425
    6.861000   -0.028596    0.023905   -0.007178
    5.731000   -0.031656   -0.016021   -0.023638
    5.790000   -0.032344   -0.014262   -0.035536
    9.647000    0.043271   -0.027705    0.007657
    0.223000   -0.005518   -0.003795   -0.002516
    5.100000   -0.019396   -0.028713   -0.024660
    9.470000    0.045160   -0.018644   -0.008390
    6.115000   -0.034226   -0.002928    0.024294
    5.678000   -0.030189   -0.016817    0.009409
    2.647000    0.008177   -0.000402   -0.028293
    8.861000    0.039828    0.014182   -0.002414
    9.808000    0.040242   -0.035489    0.024924
    5.298000   -0.023074   -0.025120    0.024876
    6.041000   -0.033729   -0.005505    0.024221
    0.900000   -0.006744    0.000207   -0.011824
    1.028000   -0.005840    0.001648    0.018695
    2.000000    0.001750    0.005418    0.003933
    7.033000   -0.023923    0.029851    0.020407
    8.982000    0.042580    0.008136    0.018434
    5.861000   -0.032431   -0.011357    0.025370
    1.782000   -0.000505    0.005589    0.020535
    2.869000    0.010129   -0.003283   -0.014184
    8.000000    0.009650    0.041134   -0.015197
    7.367000   -0.014461    0.038563    0.006360
    8.122000    0.015285    0.039926    0.006550
    4.107000    0.004360   -0.025103    0.036669
    7.734000   -0.001017    0.042259   -0.009200
    9.891000    0.037881   -0.039928   -0.000170
    2.209000    0.004257    0.004620    0.018256
    0.870000   -0.007193   -0.000005   -0.021723
    7.014000   -0.025331    0.029020   -0.029041
    8.564000    0.030838    0.026541   -0.036221
    3.949000    0.006549   -0.023223    0.015233
    6.642000   -0.031743    0.016370    0.007157
    3.601000    0.009798   -0.017443   -0.018514
    9.640000    0.042657   -0.028225   -0.036272
    4.600000   -0.006000   -0.029672    0.033702
    8.609000    0.032921    0.025345   -0.009672
    1.323000   -0.004242    0.003882    0.028210
    4.750000   -0.010192   -0.030006    0.010024
    0.344000   -0.006274   -0.003429   -0.019682
    8.101000    0.013626    0.039791   -0.015468
    9.155000    0.044519   -0.001557   -0.007597
    8.232000    0.019210    0.037595   -0.006604
    5.889000   -0.032814   -0.010513    0.020742
    2.870000    0.010617   -0.002866    0.014473
    0.312000   -0.005464   -0.003058    0.025498
    5.294000   -0.023701   -0.025937   -0.031293
    7.980000    0.008648    0.041580   -0.025753
    0.970000   -0.006570    0.001004    0.000163
    0.595000   -0.006728   -0.001624    0.003148
    7.710000   -0.001729    0.042581    0.007293
    8.846000    0.039083    0.014486   -0.030779
    4.785000   -0.011230   -0.030224   -0.005494
    5.869000   -0.033068   -0.011677   -0.018278
    9.081000    0.043664    0.002461   -0.023278
    5.900000   -0.032838   -0.010134    0.022323
    5.470000   -0.026914   -0.021802    0.007242
    0.605000   -0.006613   -0.001928   -0.005376
    2.715000    0.009001   -0.001133   -0.025143
    6.214000   -0.034700    0.000113   -0.009520
    2.779000    0.009196   -0.002062   -0.027653
    1.003000   -0.006816    0.000724   -0.032563
    7.622000   -0.005376    0.041833   -0.020011
    1.562000   -0.002366    0.005092    0.026029
    6.057000   -0.034110   -0.004840    0.014244
    1.351000   -0.004971    0.003354   -0.028068
    1.744000   -0.001499    0.005077   -0.023772
    1.313000   -0.004637    0.003765    0.014589
    7.888000    0.004512    0.041911   -0.040232
    6.075000   -0.034987   -0.005231   -0.036629
    0.480000   -0.006851   -0.002980   -0.021732
    4.457000   -0.003449   -0.029410   -0.002456
    6.566000   -0.033062    0.013554   -0.002228
    0.907000   -0.006326    0.000517    0.009000
    4.015000    0.005558   -0.024301    0.017986
    2.528000    0.006948    0.001072   -0.027282
    8.311000    0.022908    0.036044    0.032522
    5.296000   -0.023642   -0.025840   -0.028797
    1.228000   -0.005978    0.002338   -0.030776
    9.109000    0.044587    0.001305    0.009436
    4.354000   -0.001561   -0.028986   -0.017350
    0.837000   -0.006943   -0.000211   -0.014242
    1.886000   -0.000275    0.004681   -0.037950
    0.464000   -0.006854   -0.002915   -0.017568
    5.040000   -0.017012   -0.028541    0.025411
    5.514000   -0.027773   -0.021146   -0.001398
    7.234000   -0.018835    0.035112   -0.005953
    9.783000    0.040738   -0.034169    0.018487
    4.899000   -0.014688   -0.030525   -0.029415
    8.364000    0.024610    0.034259    0.000824
    4.953000   -0.015185   -0.029407    0.014287
    1.358000   -0.005168    0.003134   -0.032867
    1.200000   -0.005493    0.002567    0.006101
    2.201000    0.003961    0.004153   -0.005458
    1.459000   -0.004459    0.003749   -0.032191
    4.746000   -0.009504   -0.029557    0.034403
    9.750000    0.041501   -0.032816    0.010249
    8.156000    0.015844    0.039170   -0.021836
    2.448000    0.006368    0.002448   -0.012487
    6.598000   -0.032795    0.014536   -0.012286
    8.638000    0.034466    0.024603    0.021052
    9.172000    0.044731   -0.002818   -0.018438
    0.488000   -0.006557   -0.002807   -0.008985
    6.295000   -0.034411    0.003632    0.017518
    9.790000    0.040062   -0.035351   -0.017823
    8.649000    0.034907    0.024102    0.032555
    8.157000    0.015923    0.039082   -0.025906
    5.658000   -0.030501   -0.017847   -0.020597
    6.665000   -0.032093    0.016888   -0.027700
    3.341000    0.012336   -0.011398    0.038902
    5.941000   -0.033282   -0.009215    0.005654
    0.829000   -0.007263   -0.000432   -0.025589
    9.200000    0.044571   -0.004479   -0.028550
    0.092000   -0.004569   -0.003807    0.024766
    4.576000   -0.006656   -0.030387   -0.025153
    7.108000   -0.023065    0.031742   -0.032617
    6.238000   -0.035078    0.001007   -0.018883
    0.100000   -0.005662   -0.004717   -0.036835
    5.054000   -0.017080   -0.028029    0.034107
    4.396000   -0.001970   -0.029041    0.008460
    7.771000    0.001315    0.042753    0.024545
    6.378000   -0.033975    0.006644    0.030574
