    0.022361   -0.008278   -0.003555   -0.000157
    0.022361   -0.003098    0.012785    0.025651
    0.022361    0.038476   -0.004054   -0.030174
    0.022361    0.040992   -0.014308   -0.017834
    0.022361    0.003151    0.026025    0.031917
    0.022361   -0.008130   -0.003033    0.000823
    0.022361   -0.008387   -0.003937   -0.000867
    0.022361    0.045136   -0.033247    0.009002
    0.022361   -0.009177   -0.006792   -0.006426
    0.022361    0.033144    0.012750   -0.036964
    0.022361   -0.008315   -0.003681   -0.000379
    0.022361    0.049600   -0.058103    0.059847
    0.022361   -0.009096   -0.006492   -0.005819
    0.022361   -0.009017   -0.006201   -0.005235
    0.022361   -0.009150   -0.006690   -0.006218
    0.022361    0.036546    0.002772   -0.034389
    0.022361   -0.009154   -0.006701   -0.006231
    0.022361   -0.006679    0.001892    0.009538
    0.022361    0.028998    0.021471   -0.031683
    0.022361   -0.009178   -0.006795   -0.006431
    0.022361   -0.002221    0.014647    0.026186
    0.022361    0.049135   -0.055390    0.053948
    0.022361   -0.004379    0.009264    0.021462
    0.022361    0.011395    0.033604    0.014290
    0.022361    0.029897    0.020933   -0.034831
    0.022361    0.048139   -0.049702    0.041861
    0.022361   -0.000934    0.018050    0.030066
    0.022361    0.032973    0.013505   -0.037316
    0.022361    0.009003    0.032189    0.020952
    0.022361    0.003848    0.027108    0.031447
    0.022361    0.018895    0.035430   -0.008680
    0.022361    0.005064    0.028835    0.029803
    0.022361    0.035376    0.006614   -0.036575
    0.022361   -0.009017   -0.006200   -0.005241
    0.022361   -0.003035    0.012550    0.024096
    0.022361   -0.008343   -0.003780   -0.000560
    0.022361   -0.009173   -0.006775   -0.006391
    0.022361    0.022307    0.033443   -0.018446
    0.022361    0.039092   -0.006287   -0.027670
    0.022361   -0.003984    0.010110    0.021751
    0.022361    0.005188    0.029059    0.029742
    0.022361   -0.007578   -0.001144    0.004210
    0.022361   -0.009092   -0.006473   -0.005774
    0.022361    0.024076    0.031552   -0.023475
    0.022361   -0.005713    0.005027    0.014728
    0.022361   -0.009165   -0.006742   -0.006316
    0.022361   -0.009165   -0.006744   -0.006317
    0.022361   -0.009150   -0.006687   -0.006199
    0.022361   -0.008653   -0.004879   -0.002646
    0.022361   -0.009160   -0.006724   -0.006275
    0.022361    0.031906    0.015707   -0.036593
    0.022361   -0.006520    0.002424    0.010479
    0.022361    0.034754    0.008476   -0.036905
    0.022361   -0.008825   -0.005500   -0.003853
    0.022361   -0.005752    0.004889    0.014472
    0.022361    0.015580    0.034922    0.001452
    0.022361   -0.007765   -0.001763    0.003161
    0.022361    0.003247    0.026018    0.030824
    0.022361    0.041155   -0.014544   -0.019629
    0.022361    0.014898    0.034852    0.003664
    0.022361   -0.009130   -0.006618   -0.006076
    0.022361    0.048924   -0.054180    0.051327
    0.022361   -0.003845    0.010803    0.023502
    0.022361    0.000878    0.021419    0.029868
    0.022361   -0.009172   -0.006774   -0.006391
    0.022361    0.019199    0.035365   -0.009653
    0.022361   -0.005614    0.005321    0.015147
    0.022361    0.042393   -0.020946   -0.007398
    0.022361   -0.008152   -0.003105    0.000706
    0.022361   -0.003772    0.011005    0.023743
    0.022361   -0.009133   -0.006625   -0.006084
    0.022361   -0.009165   -0.006743   -0.006316
    0.022361   -0.009172   -0.006773   -0.006386
    0.022361    0.019663    0.035374   -0.010526
    0.022361   -0.009158   -0.006718   -0.006266
    0.022361    0.000913    0.022012    0.032022
    0.022361   -0.007478   -0.000781    0.004930
    0.022361    0.039820   -0.009181   -0.024701
    0.022361    0.013291    0.034523    0.008754
    0.022361    0.039844   -0.009285   -0.024595
    0.022361    0.010914    0.033357    0.015664
    0.022361   -0.009128   -0.006611   -0.006062
    0.022361   -0.009039   -0.006280   -0.005396
    0.022361    0.046544   -0.041052    0.025043
    0.022361    0.048693   -0.052853    0.048500
    0.022361    0.002724    0.025382    0.032320
    0.022361   -0.009025   -0.006230   -0.005296
    0.022361   -0.008373   -0.003885   -0.000756
    0.022361   -0.008845   -0.005574   -0.003998
    0.022361    0.020662    0.034777   -0.013415
    0.022361    0.005870    0.029580    0.028420
    0.022361   -0.009176   -0.006786   -0.006414
    0.022361   -0.009181   -0.006806   -0.006457
    0.022361    0.041996   -0.018077   -0.015571
    0.022361    0.006281    0.030242    0.027770
    0.022361   -0.009155   -0.006707   -0.006240
    0.022361    0.048605   -0.052351    0.047502
    0.022361   -0.008024   -0.002679    0.001439
    0.022361   -0.000185    0.019233    0.029126
    0.022361    0.000148    0.020093    0.030055
    0.022361   -0.003392    0.011997    0.024778
    0.022361   -0.009168   -0.006757   -0.006347
    0.022361    0.042035   -0.018244   -0.015375
    0.022361   -0.009126   -0.006601   -0.006036
    0.022361   -0.008968   -0.006018   -0.004872
    0.022361    0.016523    0.035710   -0.000871
    0.022361    0.005107    0.028786    0.029706
    0.022361    0.005156    0.028801    0.029681
    0.022361   -0.009071   -0.006396   -0.005620
    0.022361   -0.008956   -0.005977   -0.004792
    0.022361    0.048233   -0.050223    0.042941
    0.022361    0.030622    0.019255   -0.035593
    0.022361    0.032588    0.014029   -0.036551
    0.022361    0.002906    0.025404    0.030836
    0.022361    0.003923    0.027203    0.030753
    0.022361   -0.005983    0.004209    0.013522
    0.022361   -0.009042   -0.006290   -0.005408
    0.022361   -0.008824   -0.005498   -0.003851
    0.022361   -0.008101   -0.002927    0.001034
    0.022361    0.048647   -0.052592    0.048008
    0.022361   -0.008916   -0.005831   -0.004505
    0.022361    0.047740   -0.047454    0.037199
    0.022361   -0.007055    0.000648    0.007442
    0.022361    0.041325   -0.015505   -0.017478
    0.022361    0.021396    0.034370   -0.015961
    0.022361   -0.001828    0.015774    0.027843
    0.022361   -0.006231    0.003362    0.012029
    0.022361   -0.009132   -0.006622   -0.006071
    0.022361   -0.009177   -0.006790   -0.006420
    0.022361   -0.009166   -0.006748   -0.006327
    0.022361   -0.009013   -0.006185   -0.005199
    0.022361   -0.009180   -0.006802   -0.006448
    0.022361    0.023203    0.032872   -0.021463
    0.022361   -0.007411   -0.000576    0.005221
    0.022361   -0.004529    0.008720    0.020422
    0.022361   -0.009153   -0.006701   -0.006235
    0.022361    0.026180    0.026704   -0.026185
    0.022361   -0.009165   -0.006744   -0.006317
    0.022361   -0.008058   -0.002778    0.001313
    0.022361    0.021859    0.033833   -0.016999
    0.022361    0.005273    0.029023    0.029800
    0.022361    0.043879   -0.027062   -0.001265
    0.022361    0.049381   -0.056819    0.057029
    0.022361    0.049316   -0.056442    0.056227
    0.022361    0.022337    0.033109   -0.018000
    0.022361    0.034843    0.008104   -0.037296
    0.022361    0.045736   -0.036325    0.014507
    0.022361   -0.009128   -0.006610   -0.006058
    0.022361   -0.009175   -0.006784   -0.006410
    0.022361   -0.009160   -0.006723   -0.006273
    0.022361   -0.009154   -0.006707   -0.006256
    0.022361   -0.009153   -0.006698   -0.006226
    0.022361   -0.009144   -0.006666   -0.006158
    0.022361    0.025156    0.028743   -0.024390
    0.022361    0.049436   -0.057139    0.057724
    0.022361    0.015519    0.035272    0.002078
    0.022361   -0.007788   -0.001859    0.002937
    0.022361    0.034115    0.010157   -0.037132
    0.022361    0.042166   -0.019006   -0.013648
    0.022361   -0.003813    0.010890    0.023602
    0.022361    0.044841   -0.032520    0.010450
    0.022361    0.003080    0.025721    0.030844
    0.022361   -0.007164    0.000277    0.006780
    0.022361   -0.003923    0.010587    0.023239
    0.022361    0.044506   -0.030907    0.007890
    0.022361    0.044608   -0.031388    0.008629
    0.022361   -0.008286   -0.003577   -0.000179
    0.022361    0.037770   -0.001317   -0.032284
    0.022361    0.030045    0.019501   -0.033654
    0.022361    0.034724    0.008459   -0.037417
    0.022361   -0.009159   -0.006721   -0.006268
    0.022361    0.041174   -0.014572   -0.019817
    0.022361   -0.005976    0.004178    0.013338
    0.022361    0.022221    0.033306   -0.017778
    0.022361    0.002553    0.025076    0.032322
    0.022361    0.049418   -0.057034    0.057487
    0.022361    0.048941   -0.054265    0.051528
    0.022361    0.033969    0.010824   -0.037336
    0.022361    0.041909   -0.017709   -0.015996
    0.022361   -0.001510    0.016332    0.027484
    0.022361   -0.008885   -0.005717   -0.004279
    0.022361   -0.008599   -0.004687   -0.002277
    0.022361   -0.004010    0.010292    0.022722
    0.022361    0.047075   -0.043822    0.030101
    0.022361   -0.009162   -0.006731   -0.006290
    0.022361   -0.009170   -0.006764   -0.006371
    0.022361    0.047308   -0.045078    0.032483
    0.022361   -0.009150   -0.006687   -0.006201
    0.022361    0.022186    0.033835   -0.018583
    0.022361    0.049424   -0.057074    0.057605
    0.022361   -0.009173   -0.006775   -0.006388
    0.022361   -0.008539   -0.004472   -0.001874
    0.022361    0.021491    0.034044   -0.015738
    0.022361   -0.008931   -0.005888   -0.004620
    0.022361   -0.003985    0.009988    0.021188
    0.022361    0.047125   -0.044040    0.030249
    0.022361    0.047315   -0.045132    0.032695
    0.022361    0.016201    0.035635    0.000103
    0.022361   -0.005476    0.005745    0.015773
    0.022361   -0.007654   -0.001383    0.003853
    0.022361    0.036739    0.002168   -0.034813
    0.022361   -0.009123   -0.006590   -0.006021
    0.022361    0.002915    0.025481    0.031145
    0.022361    0.046929   -0.043051    0.028669
    0.022361   -0.008805   -0.005428   -0.003715
    0.022361   -0.008967   -0.006017   -0.004874
    0.022361    0.048950   -0.054320    0.051647
    0.022361    0.021447    0.034175   -0.015746
    0.022361    0.041642   -0.016571   -0.017361
    0.022361    0.048438   -0.051395    0.045447
    0.022361   -0.007029    0.000730    0.007577
    0.022361   -0.004842    0.007602    0.018310
    0.022361    0.002882    0.025373    0.030886
    0.022361   -0.009173   -0.006774   -0.006383
    0.022361   -0.009120   -0.006574   -0.005973
    0.022361   -0.001353    0.016590    0.027395
    0.022361   -0.003767    0.010702    0.022454
    0.022361   -0.009057   -0.006348   -0.005536
    0.022361   -0.004984    0.007314    0.018295
    0.022361   -0.005238    0.006599    0.017390
    0.022361    0.004134    0.027535    0.031249
    0.022361   -0.009180   -0.006804   -0.006453
    0.022361    0.017664    0.035544   -0.004586
    0.022361    0.049401   -0.056935    0.057278
    0.022361   -0.007936   -0.002352    0.002098
    0.022361   -0.002197    0.014709    0.026249
    0.022361   -0.005437    0.005970    0.016397
    0.022361   -0.003022    0.012782    0.025062
    0.022361   -0.003646    0.011346    0.024131
    0.022361   -0.009176   -0.006789   -0.006421
    0.022361    0.040192   -0.010545   -0.024488
    0.022361   -0.008565   -0.004566   -0.002053
    0.022361    0.047160   -0.044120    0.030020
    0.022361   -0.009163   -0.006736   -0.006298
    0.022361    0.020082    0.035180   -0.011778
    0.022361   -0.007879   -0.002165    0.002402
    0.022361   -0.008400   -0.003978   -0.000932
    0.022361   -0.004404    0.009194    0.021376
    0.022361   -0.009182   -0.006809   -0.006461
    0.022361   -0.008522   -0.004414   -0.001762
    0.022361   -0.009001   -0.006142   -0.005114
    0.022361   -0.007994   -0.002559    0.001703
    0.022361    0.023741    0.032110   -0.022752
    0.022361    0.045792   -0.036581    0.014850
    0.022361    0.041726   -0.016935   -0.016900
    0.022361   -0.000650    0.018469    0.029610
    0.022361   -0.009153   -0.006699   -0.006231
    0.022361   -0.008670   -0.004942   -0.002771
    0.022361   -0.006656    0.001962    0.009661
    0.022361   -0.007659   -0.001404    0.003803
    0.022361   -0.009176   -0.006787   -0.006412
    0.022361    0.033121    0.012652   -0.037091
    0.022361   -0.005796    0.004785    0.014400
    0.022361   -0.009163   -0.006734   -0.006295
    0.022361   -0.009181   -0.006807   -0.006457
    0.022361   -0.009176   -0.006786   -0.006409
    0.022361    0.047039   -0.043633    0.029746
    0.022361    0.024548    0.030566   -0.024230
    0.022361   -0.004534    0.008792    0.020768
    0.022361   -0.005801    0.004807    0.014525
    0.022361   -0.004244    0.009613    0.021807
    0.022361    0.033687    0.011651   -0.037485
    0.022361    0.034224    0.009868   -0.037608
    0.022361    0.021443    0.034212   -0.015792
    0.022361   -0.003900    0.010616    0.023177
    0.022361   -0.009167   -0.006756   -0.006354
    0.022361   -0.009169   -0.006758   -0.006352
    0.022361    0.022937    0.032000   -0.019120
    0.022361    0.043116   -0.023062   -0.008812
    0.022361    0.000495    0.020626    0.029562
    0.022361    0.016028    0.035251    0.000279
    0.022361   -0.009161   -0.006726   -0.006278
    0.022361   -0.009177   -0.006789   -0.006416
    0.022361   -0.009165   -0.006742   -0.006314
    0.022361   -0.008741   -0.005196   -0.003259
    0.022361    0.042807   -0.021617   -0.011026
    0.022361   -0.007924   -0.002315    0.002155
    0.022361   -0.009179   -0.006798   -0.006438
    0.022361   -0.007334   -0.000305    0.005729
    0.022361    0.000626    0.021189    0.030872
    0.022361   -0.009180   -0.006800   -0.006441
    0.022361    0.016550    0.035304   -0.001390
    0.022361    0.021575    0.034214   -0.016510
    0.022361   -0.009150   -0.006690   -0.006217
    0.022361   -0.007865   -0.002113    0.002517
    0.022361   -0.009177   -0.006790   -0.006420
    0.022361    0.042893   -0.022100   -0.010003
    0.022361    0.004485    0.028091    0.030454
    0.022361   -0.009157   -0.006713   -0.006254
    0.022361    0.040575   -0.012131   -0.022418
    0.022361    0.036082    0.004449   -0.035883
    0.022361   -0.009175   -0.006781   -0.006398
    0.022361   -0.008399   -0.003977   -0.000931
    0.022361    0.046124   -0.038445    0.018719
    0.022361    0.032790    0.013438   -0.036711
    0.022361   -0.008449   -0.004151   -0.001253
    0.022361   -0.009165   -0.006745   -0.006321
    0.022361   -0.003794    0.010517    0.021829
    0.022361   -0.003360    0.011972    0.024427
    0.022361    0.048979   -0.054494    0.052000
    0.022361   -0.009148   -0.006682   -0.006201
    0.022361   -0.009163   -0.006733   -0.006293
    0.022361   -0.009167   -0.006752   -0.006337
    0.022361    0.049476   -0.057373    0.058231
    0.022361   -0.009167   -0.006753   -0.006337
    0.022361   -0.008832   -0.005524   -0.003898
    0.022361   -0.007976   -0.002502    0.001789
    0.022361    0.044856   -0.032582    0.010530
    0.022361   -0.009174   -0.006778   -0.006391
    0.022361   -0.007965   -0.002464    0.001863
    0.022361    0.021374    0.034386   -0.015916
    0.022361    0.026730    0.027000   -0.029057
    0.022361   -0.009148   -0.006680   -0.006189
    0.022361    0.042891   -0.021996   -0.010485
    0.022361   -0.007312   -0.000235    0.005839
    0.022361    0.022693    0.033354   -0.020003
    0.022361    0.047575   -0.046548    0.035457
    0.022361   -0.006923    0.001093    0.008214
    0.022361   -0.009167   -0.006751   -0.006333
    0.022361   -0.009178   -0.006792   -0.006423
    0.022361    0.006052    0.030006    0.028192
    0.022361    0.023619    0.032254   -0.022426
    0.022361    0.020881    0.034684   -0.014253
    0.022361    0.024269    0.030824   -0.023344
    0.022361   -0.009145   -0.006671   -0.006169
    0.022361   -0.009136   -0.006635   -0.006099
    0.022361   -0.008459   -0.004188   -0.001324
    0.022361    0.046229   -0.038966    0.019582
    0.022361    0.018475    0.035503   -0.007329
    0.022361   -0.009155   -0.006708   -0.006256
    0.022361   -0.009177   -0.006789   -0.006419
    0.022361   -0.007106    0.000471    0.007117
    0.022361    0.015297    0.035078    0.002601
    0.022361   -0.008891   -0.005739   -0.004325
    0.022361   -0.005706    0.005082    0.014897
    0.022361    0.007907    0.031372    0.023791
    0.022361    0.045117   -0.033859    0.012616
    0.022361   -0.002657    0.013855    0.026536
    0.022361   -0.008342   -0.003778   -0.000564
    0.022361    0.003798    0.027004    0.030965
    0.022361   -0.009158   -0.006717   -0.006261
    0.022361    0.034201    0.010155   -0.037161
    0.022361   -0.008383   -0.003923   -0.000834
    0.022361    0.034454    0.009212   -0.037475
    0.022361    0.002662    0.024933    0.030732
    0.022361   -0.000601    0.018283    0.028458
    0.022361   -0.008632   -0.004804   -0.002502
    0.022361    0.046043   -0.038100    0.018346
    0.022361   -0.009176   -0.006788   -0.006419
    0.022361   -0.009170   -0.006764   -0.006365
    0.022361    0.049604   -0.058125    0.059905
    0.022361    0.019749    0.035307   -0.010829
    0.022361   -0.005543    0.005484    0.015229
    0.022361   -0.009046   -0.006305   -0.005439
    0.022361   -0.009115   -0.006559   -0.005944
    0.022361    0.003367    0.026281    0.031115
    0.022361   -0.009177   -0.006792   -0.006422
    0.022361   -0.006451    0.002625    0.010751
    0.022361   -0.008860   -0.005626   -0.004099
    0.022361    0.022573    0.032725   -0.018491
    0.022361    0.017288    0.035504   -0.003503
    0.022361    0.026664    0.025866   -0.027172
    0.022361   -0.009171   -0.006765   -0.006363
    0.022361    0.033181    0.012530   -0.037220
    0.022361    0.021632    0.034076   -0.016394
    0.022361   -0.009180   -0.006804   -0.006453
    0.022361   -0.003757    0.010867    0.023060
    0.022361    0.049029   -0.054779    0.052614
    0.022361   -0.009073   -0.006404   -0.005636
    0.022361    0.016516    0.035351   -0.001245
    0.022361    0.035422    0.006374   -0.036800
    0.022361    0.020731    0.034873   -0.014425
    0.022361    0.027168    0.025488   -0.028817
    0.022361    0.019423    0.035351   -0.010239
    0.022361    0.047996   -0.048882    0.040148
    0.022361   -0.006147    0.003654    0.012547
    0.022361   -0.008930   -0.005880   -0.004599
    0.022361    0.024998    0.030048   -0.025500
    0.022361   -0.009063   -0.006365   -0.005557
    0.022361   -0.009134   -0.006630   -0.006086
    0.022361   -0.009180   -0.006803   -0.006449
    0.022361    0.022387    0.032720   -0.017741
    0.022361   -0.004349    0.009351    0.021578
    0.022361   -0.002777    0.013240    0.024842
    0.022361    0.023396    0.032500   -0.021819
    0.022361   -0.008018   -0.002648    0.001519
    0.022361    0.017335    0.035495   -0.003768
    0.022361    0.004948    0.028581    0.030142
    0.022361    0.039867   -0.009451   -0.023992
    0.022361    0.019082    0.035424   -0.008985
    0.022361    0.049268   -0.056166    0.055605
    0.022361   -0.009160   -0.006724   -0.006275
    0.022361   -0.008872   -0.005669   -0.004184
    0.022361    0.029099    0.022473   -0.033400
    0.022361   -0.009162   -0.006733   -0.006291
    0.022361    0.035288    0.006783   -0.036889
    0.022361    0.017206    0.035473   -0.003374
    0.022361   -0.009095   -0.006484   -0.005800
    0.022361    0.039081   -0.006340   -0.027286
    0.022361    0.024553    0.030538   -0.024210
    0.022361   -0.005872    0.004490    0.013787
    0.022361    0.034984    0.007792   -0.036811
    0.022361    0.007016    0.030854    0.026065
    0.022361    0.022361    0.032810   -0.017743
    0.022361    0.006046    0.029772    0.028151
    0.022361    0.028866    0.022548   -0.032338
    0.022361    0.003950    0.027250    0.030762
    0.022361    0.023560    0.031879   -0.021688
    0.022361    0.049292   -0.056305    0.055911
    0.022361   -0.008764   -0.005279   -0.003425
    0.022361   -0.000226    0.019551    0.030710
    0.022361   -0.009108   -0.006531   -0.005887
    0.022361   -0.009180   -0.006803   -0.006450
    0.022361   -0.001689    0.016339    0.028990
    0.022361    0.044421   -0.030514    0.007294
    0.022361    0.049404   -0.056956    0.057322
    0.022361    0.020940    0.034660   -0.014476
    0.022361   -0.009076   -0.006416   -0.005658
    0.022361   -0.004795    0.007692    0.018275
    0.022361    0.041008   -0.014373   -0.017782
    0.022361   -0.005791    0.004752    0.014213
    0.022361    0.000983    0.022051    0.031683
    0.022361    0.034437    0.009353   -0.037050
    0.022361   -0.006194    0.003487    0.012247
    0.022361    0.006789    0.030690    0.026675
    0.022361   -0.007650   -0.001370    0.003875
    0.022361   -0.003526    0.011346    0.023175
    0.022361    0.035987    0.004731   -0.035843
    0.022361    0.044564   -0.030130    0.002812
    0.022361   -0.009181   -0.006806   -0.006455
    0.022361   -0.001069    0.017801    0.030082
    0.022361    0.022234    0.032951   -0.017402
    0.022361    0.007664    0.031334    0.024454
    0.022361    0.004122    0.027456    0.030948
    0.022361   -0.009122   -0.006583   -0.005994
    0.022361    0.031294    0.017349   -0.035688
    0.022361   -0.008662   -0.004913   -0.002711
    0.022361    0.034299    0.009823   -0.037140
    0.022361   -0.008230   -0.003382    0.000180
    0.022361   -0.002164    0.014767    0.026237
    0.022361    0.011551    0.033027    0.013078
    0.022361    0.049335   -0.056555    0.056457
    0.022361   -0.009176   -0.006785   -0.006412
    0.022361   -0.009090   -0.006465   -0.005757
    0.022361   -0.003331    0.011775    0.023336
    0.022361   -0.005686    0.005017    0.014446
    0.022361   -0.007297   -0.000169    0.006012
    0.022361    0.029581    0.021330   -0.033879
    0.022361   -0.009180   -0.006804   -0.006449
    0.022361   -0.007451   -0.000690    0.005092
    0.022361   -0.009174   -0.006780   -0.006399
    0.022361   -0.001598    0.016007    0.026958
    0.022361    0.044751   -0.031373    0.005976
    0.022361    0.028198    0.024008   -0.031445
    0.022361    0.019726    0.035338   -0.010732
    0.022361   -0.009112   -0.006547   -0.005921
    0.022361    0.020419    0.034980   -0.013172
    0.022361    0.001948    0.023975    0.032288
    0.022361    0.003268    0.026283    0.032101
    0.022361    0.022628    0.033354   -0.019748
    0.022361   -0.008940   -0.005921   -0.004683
    0.022361    0.012928    0.034352    0.009818
    0.022361   -0.005664    0.005248    0.015247
    0.022361    0.001461    0.023092    0.032300
    0.022361   -0.008206   -0.003295    0.000353
    0.022361   -0.004337    0.009217    0.020920
    0.022361    0.024689    0.029328   -0.023144
    0.022361    0.033586    0.011957   -0.037548
    0.022361    0.049499   -0.057503    0.058533
    0.022361   -0.007452   -0.000693    0.005084
    0.022361    0.022939    0.033025   -0.020598
    0.022361   -0.006806    0.001482    0.008883
    0.022361   -0.009043   -0.006294   -0.005416
    0.022361   -0.009137   -0.006639   -0.006104
    0.022361   -0.007608   -0.001226    0.004136
    0.022361   -0.008730   -0.005156   -0.003184
    0.022361   -0.009030   -0.006248   -0.005327
    0.022361    0.036864    0.001648   -0.034317
    0.022361    0.003526    0.026562    0.031017
    0.022361    0.014354    0.034812    0.005518
    0.022361    0.039827   -0.009207   -0.024648
    0.022361   -0.003453    0.011861    0.024703
    0.022361    0.001743    0.023481    0.031833
    0.022361    0.005290    0.029082    0.029444
    0.022361    0.041834   -0.017385   -0.016404
    0.022361    0.043160   -0.023740   -0.006112
    0.022361   -0.009149   -0.006687   -0.006207
    0.022361   -0.004261    0.009553    0.021698
    0.022361   -0.009155   -0.006707   -0.006240
    0.022361    0.005796    0.029540    0.028715
    0.022361    0.003489    0.026503    0.031084
    0.022361   -0.001795    0.015654    0.026957
    0.022361    0.010310    0.032699    0.017046
    0.022361   -0.005038    0.007072    0.017719
    0.022361    0.036455    0.003059   -0.035230
    0.022361    0.032234    0.014955   -0.036329
    0.022361   -0.001376    0.017065    0.029497
    0.022361   -0.008420   -0.004053   -0.001080
    0.022361   -0.009048   -0.006314   -0.005466
    0.022361    0.047645   -0.046831    0.035591
    0.022361    0.039839   -0.009349   -0.024055
    0.022361    0.023358    0.031253   -0.019960
    0.022361   -0.008625   -0.004778   -0.002451
    0.022361   -0.000872    0.017949    0.029228
    0.022361    0.049035   -0.054813    0.052707
    0.022361   -0.008053   -0.002760    0.001348
    0.022361   -0.007215    0.000107    0.006493
    0.022361   -0.008468   -0.004222   -0.001397
    0.022361   -0.008888   -0.005730   -0.004303
    0.022361   -0.005664    0.005230    0.015169
    0.022361   -0.006685    0.001877    0.009548
    0.022361    0.045724   -0.036534    0.015793
    0.022361   -0.008989   -0.006096   -0.005027
    0.022361    0.037641   -0.000931   -0.032232
    0.022361    0.039044   -0.006121   -0.028237
    0.022361   -0.007972   -0.002476    0.001870
    0.022361    0.045076   -0.032859    0.008040
    0.022361    0.048687   -0.052818    0.048424
    0.022361    0.014574    0.034629    0.004534
    0.022361   -0.009130   -0.006615   -0.006066
    0.022361    0.031797    0.015944   -0.036448
    0.022361   -0.000854    0.018324    0.030524
    0.022361    0.005560    0.029325    0.029259
    0.022361   -0.009164   -0.006740   -0.006310
    0.022361   -0.009177   -0.006790   -0.006423
    0.022361   -0.009150   -0.006690   -0.006208
    0.022361   -0.009176   -0.006787   -0.006412
    0.022361   -0.009174   -0.006779   -0.006395
    0.022361   -0.009119   -0.006574   -0.005976
    0.022361   -0.009158   -0.006721   -0.006278
    0.022361    0.005641    0.029349    0.028891
    0.022361   -0.008940   -0.005918   -0.004676
    0.022361    0.030981    0.018490   -0.036091
    0.022361    0.022291    0.033712   -0.018846
    0.022361   -0.009182   -0.006809   -0.006461
    0.022361    0.035551    0.006095   -0.036407
    0.022361   -0.005109    0.007022    0.018104
    0.022361    0.011245    0.033488    0.014688
    0.022361   -0.008922   -0.005852   -0.004547
    0.022361   -0.008115   -0.002975    0.000951
    0.022361   -0.006938    0.001039    0.008119
    0.022361    0.018747    0.035556   -0.007792
    0.022361   -0.008726   -0.005144   -0.003162
    0.022361    0.012308    0.034027    0.011629
    0.022361    0.037027    0.001311   -0.034367
    0.022361   -0.009115   -0.006561   -0.005959
    0.022361   -0.009159   -0.006721   -0.006270
    0.022361   -0.009155   -0.006704   -0.006235
    0.022361   -0.009165   -0.006744   -0.006325
    0.022361    0.040277   -0.010896   -0.024033
    0.022361   -0.009099   -0.006502   -0.005838
    0.022361    0.046006   -0.037861    0.017749
    0.022361   -0.009163   -0.006737   -0.006305
    0.022361   -0.008616   -0.004747   -0.002393
    0.022361   -0.003829    0.010484    0.022037
    0.022361   -0.003346    0.012143    0.025002
    0.022361   -0.002051    0.014936    0.026142
    0.022361    0.023199    0.032426   -0.020889
    0.022361    0.032827    0.013503   -0.037293
    0.022361   -0.009163   -0.006735   -0.006303
    0.022361    0.036042    0.004463   -0.035380
    0.022361   -0.009140   -0.006651   -0.006131
    0.022361   -0.009129   -0.006609   -0.006044
    0.022361   -0.004443    0.009034    0.021022
    0.022361    0.040368   -0.011625   -0.021095
    0.022361   -0.003055    0.012477    0.024026
    0.022361   -0.009169   -0.006760   -0.006352
    0.022361   -0.009180   -0.006804   -0.006452
    0.022361   -0.008732   -0.005165   -0.003200
    0.022361   -0.002507    0.014237    0.026904
    0.022361    0.017885    0.035592   -0.005176
    0.022361   -0.009091   -0.006472   -0.005775
    0.022361   -0.009181   -0.006807   -0.006458
    0.022361   -0.009143   -0.006662   -0.006150
    0.022361   -0.006519    0.002417    0.010440
    0.022361    0.035729    0.005436   -0.036441
    0.022361    0.041236   -0.014845   -0.019451
    0.022361    0.036339    0.003530   -0.035590
    0.022361   -0.008977   -0.006056   -0.004951
    0.022361   -0.008483   -0.004273   -0.001495
    0.022361   -0.005632    0.005176    0.014659
    0.022361   -0.006939    0.001036    0.008115
    0.022361   -0.008838   -0.005546   -0.003944
    0.022361    0.044375   -0.029473    0.002664
    0.022361    0.020479    0.034952   -0.013261
    0.022361    0.003570    0.026572    0.031064
    0.022361    0.043377   -0.024249   -0.007125
    0.022361   -0.004457    0.008921    0.020673
    0.022361    0.039804   -0.009222   -0.024139
    0.022361   -0.009178   -0.006794   -0.006433
    0.022361    0.035190    0.007051   -0.036993
    0.022361   -0.009063   -0.006369   -0.005575
    0.022361   -0.001506    0.016792    0.029383
    0.022361    0.031319    0.017604   -0.036241
    0.022361    0.016880    0.035463   -0.002174
    0.022361    0.049616   -0.058200    0.060073
    0.022361   -0.009162   -0.006732   -0.006291
    0.022361    0.029870    0.019822   -0.033346
    0.022361   -0.009173   -0.006773   -0.006380
    0.022361   -0.009173   -0.006774   -0.006384
    0.022361    0.040037   -0.010130   -0.023310
    0.022361   -0.009178   -0.006795   -0.006435
    0.022361   -0.003907    0.010632    0.023293
    0.022361    0.033142    0.013036   -0.037317
    0.022361   -0.000327    0.018928    0.028979
    0.022361    0.045987   -0.038206    0.020013
    0.022361   -0.008556   -0.004531   -0.001980
    0.022361   -0.008922   -0.005855   -0.004555
    0.022361   -0.009177   -0.006792   -0.006428
    0.022361   -0.009159   -0.006720   -0.006267
    0.022361   -0.008949   -0.005950   -0.004734
    0.022361    0.033101    0.012741   -0.037213
    0.022361   -0.009146   -0.006674   -0.006181
    0.022361   -0.006594    0.002145    0.009913
    0.022361    0.010460    0.032914    0.016775
    0.022361   -0.007812   -0.001928    0.002855
    0.022361   -0.006769    0.001587    0.009008
    0.022361    0.033840    0.011211   -0.037420
    0.022361    0.019392    0.035286   -0.010289
    0.022361    0.015504    0.034999    0.001790
    0.022361    0.042061   -0.018369   -0.015157
    0.022361   -0.009150   -0.006690   -0.006213
    0.022361    0.038683   -0.004747   -0.029060
    0.022361   -0.009178   -0.006794   -0.006431
    0.022361   -0.007311   -0.000213    0.005937
    0.022361   -0.008077   -0.002849    0.001164
    0.022361    0.021628    0.034166   -0.016622
    0.022361   -0.008873   -0.005673   -0.004197
    0.022361   -0.008307   -0.003653   -0.000324
    0.022361   -0.007473   -0.000774    0.004909
    0.022361    0.003986    0.027321    0.030877
    0.022361   -0.002074    0.014940    0.026273
    0.022361    0.019715    0.035260   -0.011028
    0.022361    0.027784    0.024007   -0.029504
    0.022361   -0.001485    0.016271    0.027149
    0.022361   -0.008949   -0.005952   -0.004738
    0.022361   -0.008497   -0.004323   -0.001586
    0.022361    0.005383    0.029297    0.029461
    0.022361    0.040278   -0.011227   -0.021636
    0.022361    0.033518    0.012014   -0.037335
    0.022361    0.020815    0.034807   -0.014563
    0.022361   -0.003031    0.012561    0.024110
    0.022361   -0.009175   -0.006783   -0.006405
    0.022361   -0.009164   -0.006738   -0.006302
    0.022361    0.039957   -0.009627   -0.025373
    0.022361    0.049254   -0.056085    0.055431
    0.022361    0.036517    0.003049   -0.035292
    0.022361   -0.009078   -0.006424   -0.005677
    0.022361   -0.009166   -0.006746   -0.006325
    0.022361   -0.008209   -0.003311    0.000307
    0.022361   -0.009129   -0.006610   -0.006052
    0.022361    0.022020    0.034136   -0.018311
    0.022361    0.049486   -0.057434    0.058367
    0.022361   -0.001390    0.016564    0.027519
    0.022361   -0.009160   -0.006724   -0.006276
    0.022361   -0.009181   -0.006807   -0.006457
    0.022361   -0.000173    0.019826    0.031370
    0.022361    0.032971    0.013166   -0.037425
    0.022361   -0.008849   -0.005586   -0.004021
    0.022361    0.019875    0.035219   -0.011699
    0.022361    0.036500    0.003096   -0.035228
    0.022361    0.049429   -0.057098    0.057648
    0.022361    0.036697    0.002358   -0.034976
    0.022361   -0.006044    0.003922    0.012821
    0.022361   -0.008730   -0.005158   -0.003190
    0.022361    0.047348   -0.045295    0.032964
    0.022361    0.019916    0.035250   -0.011233
    0.022361   -0.009139   -0.006652   -0.006144
    0.022361   -0.000744    0.018324    0.029740
    0.022361   -0.009067   -0.006386   -0.005611
    0.022361    0.020386    0.034948   -0.013415
    0.022361   -0.009111   -0.006544   -0.005915
    0.022361   -0.008791   -0.005375   -0.003608
    0.022361    0.049541   -0.057753    0.059090
    0.022361   -0.009136   -0.006635   -0.006099
    0.022361   -0.008648   -0.004862   -0.002616
    0.022361   -0.009155   -0.006707   -0.006243
    0.022361    0.017000    0.035461   -0.002703
    0.022361    0.036214    0.003955   -0.035314
    0.022361   -0.008205   -0.003300    0.000317
    0.022361   -0.009079   -0.006427   -0.005682
    0.022361    0.010715    0.033246    0.016211
    0.022361    0.028815    0.022983   -0.032828
    0.022361    0.036082    0.004442   -0.035788
    0.022361    0.028379    0.023908   -0.032187
    0.022361    0.045496   -0.035742    0.015784
    0.022361   -0.009173   -0.006775   -0.006386
    0.022361   -0.006450    0.002660    0.010890
    0.022361    0.014087    0.034953    0.006431
    0.022361    0.047237   -0.044515    0.030735
    0.022361   -0.008346   -0.003789   -0.000575
    0.022361   -0.004166    0.009847    0.022143
    0.022361   -0.009175   -0.006781   -0.006398
    0.022361    0.013601    0.034711    0.007845
    0.022361   -0.009173   -0.006776   -0.006387
    0.022361    0.038589   -0.004374   -0.029491
    0.022361   -0.008893   -0.005747   -0.004340
    0.022361   -0.004773    0.008070    0.019715
    0.022361    0.035579    0.005899   -0.036608
    0.022361    0.049500   -0.057516    0.058559
    0.022361    0.048788   -0.053399    0.049661
    0.022361   -0.008902   -0.005780   -0.004403
    0.022361    0.040418   -0.011463   -0.023380
    0.022361   -0.000474    0.018664    0.029043
    0.022361   -0.009000   -0.006136   -0.005105
    0.022361    0.030992    0.017680   -0.034811
    0.022361   -0.009159   -0.006721   -0.006276
    0.022361   -0.008161   -0.003143    0.000618
    0.022361    0.043995   -0.027250   -0.002248
    0.022361   -0.006625    0.002085    0.009918
    0.022361    0.046969   -0.043229    0.028793
    0.022361    0.032120    0.015584   -0.036734
    0.022361   -0.009158   -0.006722   -0.006285
    0.022361    0.043684   -0.026380   -0.001431
    0.022361   -0.009154   -0.006702   -0.006230
    0.022361   -0.009098   -0.006497   -0.005819
    0.022361    0.021820    0.034171   -0.017574
    0.022361    0.002771    0.025125    0.030711
    0.022361   -0.008045   -0.002742    0.001346
    0.022361    0.003015    0.025879    0.032250
    0.022361    0.002363    0.024363    0.030641
    0.022361   -0.002941    0.013132    0.025836
    0.022361    0.030315    0.019926   -0.035199
    0.022361    0.034353    0.009507   -0.037579
    0.022361   -0.001889    0.015464    0.026895
    0.022361   -0.005469    0.005786    0.015898
    0.022361    0.005417    0.029340    0.029377
    0.022361    0.048321   -0.050724    0.044001
    0.022361   -0.007127    0.000405    0.007019
    0.022361   -0.009163   -0.006735   -0.006297
    0.022361   -0.009132   -0.006620   -0.006065
    0.022361    0.000762    0.021751    0.032086
    0.022361   -0.009027   -0.006234   -0.005301
    0.022361    0.018795    0.035482   -0.008273
    0.022361   -0.003818    0.010461    0.021816
    0.022361   -0.005291    0.006303    0.016588
    0.022361    0.049023   -0.054747    0.052544
    0.022361   -0.008778   -0.005331   -0.003522
    0.022361    0.043226   -0.023527   -0.008272
    0.022361   -0.003746    0.010757    0.022507
    0.022361    0.016470    0.035707   -0.000709
    0.022361   -0.009173   -0.006776   -0.006389
    0.022361    0.001411    0.023024    0.032380
    0.022361   -0.009014   -0.006189   -0.005210
    0.022361    0.019080    0.035429   -0.009089
    0.022361   -0.005404    0.005948    0.016032
    0.022361    0.024391    0.030238   -0.023074
    0.022361    0.005071    0.028915    0.029899
    0.022361   -0.004079    0.010068    0.022358
    0.022361   -0.009158   -0.006721   -0.006282
    0.022361   -0.000455    0.018614    0.028641
    0.022361    0.041559   -0.016760   -0.014834
    0.022361   -0.009128   -0.006608   -0.006046
    0.022361   -0.007514   -0.000911    0.004673
    0.022361    0.021735    0.034319   -0.017447
    0.022361    0.037884   -0.001923   -0.031832
    0.022361   -0.009159   -0.006721   -0.006270
    0.022361    0.040752   -0.012819   -0.021989
    0.022361    0.003025    0.025658    0.030988
    0.022361    0.039766   -0.008909   -0.025872
    0.022361   -0.008822   -0.005490   -0.003833
    0.022361    0.017519    0.035669   -0.003978
    0.022361    0.007019    0.030755    0.026015
    0.022361    0.044172   -0.028494    0.001091
    0.022361   -0.008557   -0.004536   -0.001989
    0.022361    0.033753    0.011099   -0.037496
    0.022361   -0.004233    0.009298    0.020363
    0.022361    0.015591    0.035129    0.001611
    0.022361   -0.003792    0.010598    0.022215
    0.022361   -0.007527   -0.000949    0.004629
    0.022361   -0.009169   -0.006759   -0.006351
    0.022361    0.018126    0.035382   -0.006341
    0.022361    0.000104    0.019950    0.029811
    0.022361   -0.009163   -0.006734   -0.006294
    0.022361   -0.009170   -0.006765   -0.006369
    0.022361    0.019226    0.035391   -0.009686
    0.022361    0.000568    0.020764    0.029565
    0.022361   -0.004804    0.007665    0.018243
    0.022361    0.020884    0.034608   -0.014065
    0.022361    0.003632    0.026748    0.031025
    0.022361   -0.008787   -0.005363   -0.003584
    0.022361    0.018280    0.035522   -0.006708
    0.022361    0.004519    0.028130    0.030474
    0.022361   -0.007153    0.000297    0.006757
    0.022361    0.011649    0.033679    0.013511
    0.022361   -0.008539   -0.004473   -0.001866
    0.022361    0.003962    0.027265    0.030741
    0.022361   -0.009167   -0.006754   -0.006346
    0.022361   -0.007051    0.000660    0.007462
    0.022361    0.025736    0.028348   -0.026427
    0.022361   -0.003563    0.011560    0.024343
    0.022361   -0.008967   -0.006017   -0.004873
    0.022361    0.003371    0.026431    0.031985
    0.022361   -0.009173   -0.006776   -0.006394
    0.022361   -0.009056   -0.006341   -0.005510
    0.022361    0.043283   -0.023778   -0.007942
    0.022361   -0.009179   -0.006798   -0.006439
    0.022361    0.007748    0.031344    0.024256
    0.022361    0.049195   -0.055741    0.054690
    0.022361   -0.004777    0.007951    0.019245
    0.022361    0.023102    0.032538   -0.020617
    0.022361   -0.009141   -0.006660   -0.006160
    0.022361    0.036435    0.002978   -0.034885
    0.022361    0.004643    0.028306    0.030269
    0.022361    0.006915    0.030550    0.026180
    0.022361    0.006335    0.030303    0.027715
    0.022361    0.019125    0.035519   -0.008915
    0.022361    0.018431    0.035549   -0.006892
    0.022361   -0.004733    0.008047    0.019286
    0.022361    0.035306    0.006736   -0.036636
    0.022361    0.037680   -0.001356   -0.030974
    0.022361    0.002580    0.024857    0.031061
    0.022361    0.019674    0.035236   -0.011157
    0.022361    0.007575    0.031104    0.024605
    0.022361    0.039633   -0.008494   -0.025091
    0.022361    0.028767    0.023137   -0.032847
    0.022361   -0.009153   -0.006697   -0.006221
    0.022361   -0.006528    0.002401    0.010447
    0.022361    0.022067    0.033944   -0.018250
    0.022361   -0.009094   -0.006479   -0.005786
    0.022361    0.014729    0.034794    0.004176
    0.022361   -0.007969   -0.002481    0.001815
    0.022361   -0.008685   -0.004994   -0.002869
    0.022361   -0.009162   -0.006731   -0.006291
    0.022361    0.030242    0.020204   -0.035332
    0.022361   -0.004815    0.007784    0.018860
    0.022361   -0.000449    0.018635    0.028725
    0.022361   -0.009135   -0.006634   -0.006095
    0.022361   -0.004630    0.008357    0.019733
    0.022361   -0.004598    0.008455    0.019884
    0.022361    0.029346    0.021993   -0.033835
    0.022361    0.036792    0.002037   -0.034788
    0.022361    0.036615    0.002589   -0.034440
    0.022361    0.047548   -0.046394    0.035141
    0.022361   -0.002483    0.013949    0.025441
    0.022361   -0.009176   -0.006787   -0.006418
    0.022361    0.021258    0.034477   -0.015541
    0.022361    0.015443    0.035145    0.002216
    0.022361    0.043999   -0.027691   -0.000068
    0.022361    0.013499    0.034398    0.007939
    0.022361   -0.007743   -0.001688    0.003303
    0.022361   -0.004696    0.008301    0.020048
    0.022361    0.035184    0.007196   -0.036609
    0.022361    0.049432   -0.057120    0.057678
    0.022361    0.025676    0.027994   -0.025658
    0.022361   -0.009119   -0.006577   -0.005992
    0.022361   -0.007077    0.000565    0.007273
    0.022361    0.045355   -0.035023    0.014535
    0.022361   -0.005664    0.005170    0.014926
    0.022361    0.007296    0.031029    0.025398
    0.022361   -0.000144    0.019275    0.028973
    0.022361    0.049333   -0.056540    0.056416
    0.022361    0.004257    0.027738    0.031220
    0.022361    0.048666   -0.052695    0.048164
    0.022361   -0.000381    0.019350    0.031042
    0.022361   -0.008935   -0.005899   -0.004637
    0.022361    0.005460    0.029387    0.029301
    0.022361    0.021335    0.034415   -0.015744
    0.022361    0.016713    0.035413   -0.001801
    0.022361   -0.007224    0.000078    0.006441
    0.022361   -0.003417    0.011585    0.023280
    0.022361    0.016377    0.035664   -0.000435
    0.022361   -0.009175   -0.006783   -0.006403
    0.022361   -0.008717   -0.005110   -0.003096
    0.022361   -0.008490   -0.004300   -0.001547
    0.022361    0.042655   -0.020952   -0.011883
    0.022361    0.000707    0.021334    0.030843
    0.022361   -0.003549    0.011604    0.024415
    0.022361    0.039900   -0.009404   -0.025642
    0.022361    0.022336    0.033046   -0.017913
    0.022361    0.018253    0.035536   -0.006580
    0.022361    0.008839    0.031989    0.021319
    0.022361    0.021253    0.034598   -0.015973
    0.022361    0.023041    0.032630   -0.020487
    0.022361    0.001757    0.023152    0.030284
    0.022361    0.024171    0.031011   -0.023172
    0.022361    0.029604    0.020337   -0.032812
    0.022361   -0.009176   -0.006786   -0.006414
    0.022361    0.000365    0.020919    0.031723
    0.022361   -0.009181   -0.006808   -0.006458
    0.022361    0.007123    0.030859    0.025785
    0.022361    0.018621    0.035622   -0.007342
    0.022361   -0.009180   -0.006801   -0.006445
    0.022361   -0.006978    0.000901    0.007868
    0.022361   -0.005870    0.004545    0.014001
    0.022361    0.004027    0.027318    0.030786
    0.022361    0.047816   -0.047875    0.038070
    0.022361   -0.009148   -0.006683   -0.006199
    0.022361    0.049577   -0.057965    0.059540
    0.022361    0.013659    0.034775    0.007682
    0.022361   -0.008190   -0.003239    0.000457
    0.022361    0.019843    0.035225   -0.011555
    0.022361   -0.005161    0.006709    0.017214
    0.022361   -0.009128   -0.006605   -0.006037
    0.022361    0.047978   -0.048824    0.040211
    0.022361   -0.007893   -0.002206    0.002357
    0.022361    0.019904    0.035209   -0.011793
    0.022361   -0.008180   -0.003204    0.000526
    0.022361   -0.009003   -0.006148   -0.005133
    0.022361   -0.009163   -0.006737   -0.006314
    0.022361    0.015406    0.034902    0.002022
    0.022361   -0.006893    0.001192    0.008381
    0.022361    0.044780   -0.031555    0.006427
    0.022361    0.021003    0.034657   -0.014805
    0.022361    0.041295   -0.015807   -0.015248
    0.022361   -0.004446    0.008982    0.020832
    0.022361    0.031716    0.016090   -0.036267
    0.022361   -0.009180   -0.006801   -0.006444
    0.022361    0.046441   -0.040523    0.024100
    0.022361    0.021691    0.033775   -0.016202
    0.022361   -0.009157   -0.006713   -0.006252
    0.022361    0.005565    0.029416    0.029029
    0.022361    0.043903   -0.026834   -0.002813
    0.022361   -0.009125   -0.006597   -0.006022
    0.022361   -0.008171   -0.003182    0.000537
    0.022361    0.001440    0.022798    0.031287
    0.022361    0.004044    0.027403    0.031311
    0.022361    0.004156    0.027584    0.030663
    0.022361    0.045020   -0.032568    0.007500
    0.022361    0.017278    0.035702   -0.003213
    0.022361   -0.008652   -0.004876   -0.002647
    0.022361    0.018719    0.035403   -0.008168
    0.022361    0.016493    0.035100   -0.001366
    0.022361   -0.008578   -0.004612   -0.002139
    0.022361   -0.009147   -0.006676   -0.006180
    0.022361    0.006076    0.029958    0.028109
    0.022361    0.003375    0.026437    0.031983
    0.022361   -0.009167   -0.006750   -0.006331
    0.022361   -0.004404    0.009195    0.021375
    0.022361   -0.008990   -0.006102   -0.005039
    0.022361    0.003870    0.027133    0.030939
    0.022361   -0.009161   -0.006730   -0.006287
    0.022361    0.042453   -0.020711   -0.009663
    0.022361   -0.006699    0.001830    0.009463
    0.022361   -0.009160   -0.006725   -0.006282
    0.022361   -0.008562   -0.004554   -0.002028
    0.022361   -0.007544   -0.001004    0.004532
    0.022361   -0.005298    0.006287    0.016576
    0.022361   -0.008707   -0.005075   -0.003027
    0.022361   -0.009171   -0.006766   -0.006365
    0.022361   -0.003317    0.012128    0.024715
    0.022361   -0.002316    0.014729    0.027399
    0.022361   -0.003771    0.010997    0.023701
    0.022361    0.020639    0.034814   -0.013387
    0.022361   -0.009158   -0.006718   -0.006263
    0.022361   -0.009174   -0.006777   -0.006390
    0.022361    0.033166    0.012750   -0.036987
    0.022361   -0.004150    0.009789    0.021780
    0.022361    0.030529    0.018385   -0.033942
    0.022361    0.011389    0.033560    0.014273
    0.022361   -0.009165   -0.006743   -0.006316
    0.022361    0.004041    0.027428    0.031424
    0.022361   -0.009034   -0.006261   -0.005355
    0.022361    0.011089    0.033276    0.015005
    0.022361    0.006436    0.030394    0.027494
    0.022361    0.044296   -0.029403    0.003630
    0.022361   -0.009109   -0.006535   -0.005895
    0.022361   -0.009178   -0.006793   -0.006424
    0.022361    0.034462    0.009198   -0.037040
    0.022361   -0.009145   -0.006670   -0.006167
    0.022361   -0.001771    0.016136    0.028809
    0.022361    0.004203    0.027663    0.030678
    0.022361    0.040706   -0.012680   -0.021764
    0.022361    0.045750   -0.037017    0.017959
    0.022361    0.007574    0.031266    0.024670
    0.022361   -0.006937    0.001028    0.008051
    0.022361   -0.008746   -0.005213   -0.003293
    0.022361    0.009119    0.032183    0.020574
    0.022361   -0.003336    0.012161    0.024999
    0.022361   -0.000249    0.019055    0.028890
    0.022361    0.033406    0.012037   -0.037534
    0.022361    0.049570   -0.057923    0.059439
    0.022361    0.047559   -0.046449    0.035170
    0.022361   -0.008698   -0.005042   -0.002961
    0.022361    0.036275    0.003744   -0.035163
    0.022361    0.042258   -0.019234   -0.014025
    0.022361    0.000383    0.020618    0.030387
    0.022361   -0.003820    0.010446    0.021741
    0.022361    0.025325    0.029061   -0.025585
    0.022361    0.049489   -0.057448    0.058396
    0.022361    0.005534    0.029480    0.029209
    0.022361    0.049326   -0.056504    0.056356
    0.022361   -0.009175   -0.006783   -0.006404
    0.022361    0.020497    0.034884   -0.012914
    0.022361   -0.000727    0.018059    0.028544
    0.022361   -0.009172   -0.006772   -0.006382
    0.022361    0.041086   -0.014197   -0.020362
    0.022361    0.020405    0.034999   -0.013437
    0.022361   -0.009163   -0.006734   -0.006298
    0.022361    0.035594    0.005943   -0.036208
    0.022361    0.025310    0.029511   -0.026151
    0.022361    0.046101   -0.038250    0.018102
    0.022361   -0.000089    0.019518    0.029536
    0.022361    0.002746    0.025378    0.032173
    0.022361   -0.009178   -0.006796   -0.006433
    0.022361   -0.007790   -0.001847    0.003019
    0.022361    0.043883   -0.027237   -0.000432
    0.022361    0.006024    0.029799    0.028118
    0.022361   -0.009133   -0.006629   -0.006098
    0.022361   -0.002432    0.014021    0.025401
    0.022361    0.033600    0.011494   -0.037462
    0.022361    0.005356    0.029159    0.029346
    0.022361   -0.008335   -0.003745   -0.000483
    0.022361    0.045873   -0.037020    0.015714
    0.022361    0.040535   -0.012377   -0.020049
    0.022361    0.046038   -0.037985    0.017835
    0.022361    0.035727    0.005553   -0.036283
    0.022361   -0.009163   -0.006734   -0.006296
    0.022361    0.007370    0.030979    0.025135
    0.022361   -0.009175   -0.006782   -0.006405
    0.022361   -0.008775   -0.005318   -0.003497
    0.022361    0.037304    0.000364   -0.033631
    0.022361   -0.002274    0.014848    0.027545
    0.022361   -0.007126    0.000399    0.006969
    0.022361   -0.007669   -0.001457    0.003646
    0.022361   -0.006055    0.003949    0.013031
    0.022361    0.004754    0.028323    0.030254
    0.022361    0.044005   -0.027335   -0.001976
    0.022361   -0.008486   -0.004286   -0.001515
    0.022361   -0.006269    0.003253    0.011875
    0.022361   -0.004634    0.008335    0.019679
    0.022361   -0.008814   -0.005461   -0.003777
    0.022361    0.033555    0.011576   -0.037181
    0.022361   -0.008482   -0.004270   -0.001485
    0.022361   -0.009048   -0.006313   -0.005453
    0.022361   -0.009138   -0.006644   -0.006115
    0.022361   -0.009165   -0.006744   -0.006318
    0.022361    0.049560   -0.057864    0.059309
    0.022361   -0.007672   -0.001455    0.003693
    0.022361   -0.009161   -0.006730   -0.006290
    0.022361    0.031376    0.016658   -0.035379
    0.022361   -0.004357    0.009302    0.021443
    0.022361   -0.005859    0.004553    0.013951
    0.022361    0.005642    0.029437    0.028858
    0.022361   -0.008825   -0.005498   -0.003848
    0.022361   -0.002080    0.015118    0.027157
    0.022361    0.006145    0.030105    0.028085
    0.022361   -0.006537    0.002375    0.010405
    0.022361    0.007880    0.031366    0.023870
    0.022361   -0.009005   -0.006156   -0.005146
    0.022361    0.035652    0.005437   -0.034829
    0.022361   -0.009134   -0.006631   -0.006101
    0.022361    0.007115    0.030936    0.025841
    0.022361   -0.004897    0.007562    0.018612
    0.022361    0.019881    0.035239   -0.011241
    0.022361   -0.009176   -0.006785   -0.006412
    0.022361    0.006495    0.030429    0.027344
    0.022361    0.039755   -0.008858   -0.026021
    0.022361    0.034932    0.007837   -0.037187
    0.022361    0.005597    0.029504    0.029053
    0.022361    0.021745    0.033948   -0.016678
    0.022361   -0.009180   -0.006801   -0.006444
    0.022361   -0.009165   -0.006742   -0.006315
    0.022361    0.038714   -0.005007   -0.029318
    0.022361   -0.007106    0.000476    0.007142
    0.022361   -0.001081    0.017285    0.028040
    0.022361   -0.008950   -0.005955   -0.004749
    0.022361    0.025748    0.028614   -0.026880
    0.022361    0.048093   -0.049433    0.041251
    0.022361   -0.008230   -0.003378    0.000204
    0.022361   -0.008365   -0.003854   -0.000689
    0.022361   -0.009028   -0.006241   -0.005316
    0.022361    0.045892   -0.037685    0.018881
    0.022361    0.049566   -0.057904    0.059404
    0.022361   -0.003007    0.012638    0.024215
    0.022361   -0.009023   -0.006222   -0.005285
    0.022361    0.039640   -0.008421   -0.026287
    0.022361    0.024262    0.030914   -0.023441
    0.022361   -0.009162   -0.006734   -0.006301
    0.022361   -0.009052   -0.006329   -0.005498
    0.022361    0.047468   -0.045952    0.034224
    0.022361   -0.009078   -0.006423   -0.005682
    0.022361   -0.000064    0.019446    0.029041
    0.022361   -0.003760    0.010633    0.022072
    0.022361   -0.009163   -0.006735   -0.006297
    0.022361    0.017805    0.035549   -0.005027
    0.022361   -0.009165   -0.006741   -0.006308
    0.022361   -0.005255    0.006403    0.016706
    0.022361   -0.004127    0.009592    0.020707
    0.022361    0.033671    0.011426   -0.037096
    0.022361   -0.009165   -0.006748   -0.006339
    0.022361   -0.004225    0.009524    0.021287
    0.022361   -0.003954    0.010294    0.022279
    0.022361   -0.008946   -0.005938   -0.004712
    0.022361    0.039402   -0.007492   -0.026471
    0.022361    0.049334   -0.056547    0.056434
    0.022361    0.039642   -0.008453   -0.025431
    0.022361    0.030748    0.018103   -0.034814
    0.022361   -0.009159   -0.006722   -0.006273
    0.022361   -0.008521   -0.004410   -0.001748
    0.022361   -0.009165   -0.006746   -0.006334
    0.022361   -0.009161   -0.006727   -0.006280
    0.022361   -0.007938   -0.002372    0.002019
    0.022361    0.004654    0.028234    0.030240
    0.022361    0.049476   -0.057371    0.058232
    0.022361    0.034496    0.009113   -0.037546
    0.022361    0.001804    0.023494    0.031417
    0.022361    0.000552    0.021312    0.031895
    0.022361   -0.009157   -0.006713   -0.006252
    0.022361    0.012408    0.034129    0.011292
    0.022361   -0.003408    0.011932    0.024638
    0.022361   -0.008939   -0.005916   -0.004668
    0.022361    0.001454    0.022582    0.030226
    0.022361   -0.009073   -0.006403   -0.005634
    0.022361    0.040014   -0.009847   -0.025188
    0.022361    0.003231    0.026031    0.030994
    0.022361    0.004414    0.027972    0.030563
    0.022361   -0.008613   -0.004736   -0.002374
    0.022361   -0.009166   -0.006749   -0.006338
    0.022361   -0.008605   -0.004708   -0.002317
    0.022361   -0.009080   -0.006433   -0.005698
    0.022361    0.039794   -0.009187   -0.024157
    0.022361   -0.005155    0.006626    0.016786
    0.022361   -0.004180    0.009812    0.022112
    0.022361   -0.005459    0.005841    0.016040
    0.022361   -0.009166   -0.006746   -0.006323
    0.022361    0.040104   -0.010429   -0.022886
    0.022361   -0.009102   -0.006511   -0.005857
    0.022361   -0.009147   -0.006678   -0.006184
    0.022361   -0.008418   -0.004047   -0.001069
    0.022361    0.007511    0.031045    0.024753
    0.022361    0.004040    0.027323    0.030777
    0.022361    0.017353    0.035420   -0.003884
    0.022361    0.040719   -0.013209   -0.018867
    0.022361    0.049282   -0.056245    0.055777
    0.022361   -0.009164   -0.006742   -0.006324
    0.022361   -0.008614   -0.004740   -0.002386
    0.022361   -0.009165   -0.006743   -0.006317
    0.022361   -0.009170   -0.006765   -0.006370
    0.022361    0.006569    0.030496    0.027184
    0.022361    0.002507    0.024685    0.030872
    0.022361    0.042106   -0.018554   -0.015000
    0.022361    0.036574    0.002771   -0.034702
    0.022361    0.005866    0.029843    0.028627
    0.022361    0.005381    0.029266    0.029344
    0.022361    0.018365    0.035531   -0.006892
    0.022361    0.040474   -0.011695   -0.023044
    0.022361   -0.006709    0.001805    0.009442
    0.022361   -0.009162   -0.006732   -0.006292
    0.022361   -0.007849   -0.002051    0.002647
    0.022361   -0.008789   -0.005370   -0.003601
    0.022361   -0.009152   -0.006694   -0.006214
    0.022361    0.049612   -0.058173    0.060013
    0.022361    0.038233   -0.003022   -0.030898
    0.022361   -0.009163   -0.006736   -0.006299
    0.022361    0.031118    0.017843   -0.035645
    0.022361    0.020922    0.034747   -0.015070
    0.022361   -0.009157   -0.006714   -0.006255
    0.022361   -0.008882   -0.005707   -0.004263
    0.022361   -0.006835    0.001382    0.008709
    0.022361    0.004838    0.028588    0.030160
    0.022361    0.011326    0.033535    0.014464
    0.022361   -0.006719    0.001763    0.009351
    0.022361   -0.004797    0.007844    0.018965
    0.022361    0.039630   -0.008384   -0.026555
    0.022361    0.020835    0.034826   -0.014733
    0.022361   -0.007133    0.000384    0.006975
    0.022361   -0.001723    0.015850    0.027175
    0.022361    0.040234   -0.010708   -0.024333
    0.022361   -0.009166   -0.006748   -0.006327
    0.022361    0.033033    0.012999   -0.036904
    0.022361    0.043920   -0.026936   -0.002590
    0.022361   -0.009161   -0.006728   -0.006285
    0.022361   -0.009163   -0.006735   -0.006300
    0.022361   -0.009163   -0.006736   -0.006300
    0.022361    0.021891    0.033927   -0.017465
    0.022361    0.001736    0.023189    0.030588
    0.022361   -0.007599   -0.001208    0.004126
    0.022361   -0.004184    0.009820    0.022181
    0.022361   -0.001490    0.016801    0.029312
    0.022361   -0.009177   -0.006789   -0.006416
    0.022361   -0.009158   -0.006717   -0.006270
    0.022361    0.049449   -0.057212    0.057897
    0.022361   -0.008798   -0.005402   -0.003664
    0.022361    0.028792    0.023047   -0.032819
    0.022361    0.032647    0.014416   -0.037314
    0.022361    0.037625   -0.001132   -0.032168
    0.022361    0.017453    0.035344   -0.004244
    0.022361    0.039699   -0.008679   -0.025251
    0.022361    0.043653   -0.025659   -0.004594
    0.022361   -0.009159   -0.006722   -0.006274
    0.022361   -0.008313   -0.003672   -0.000360
    0.022361    0.043167   -0.023552   -0.007205
    0.022361   -0.005136    0.006696    0.016932
    0.022361   -0.009170   -0.006762   -0.006356
    0.022361   -0.009168   -0.006755   -0.006347
    0.022361    0.049075   -0.055036    0.053175
    0.022361   -0.005013    0.007285    0.018409
    0.022361   -0.008960   -0.005992   -0.004821
    0.022361   -0.009135   -0.006631   -0.006087
    0.022361    0.028346    0.024011   -0.032190
    0.022361   -0.004750    0.008025    0.019339
    0.022361   -0.009165   -0.006741   -0.006308
    0.022361   -0.008561   -0.004551   -0.002024
    0.022361   -0.009167   -0.006752   -0.006340
    0.022361    0.031757    0.016204   -0.036051
    0.022361    0.037595   -0.000694   -0.032712
    0.022361    0.031460    0.016841   -0.035671
    0.022361   -0.009068   -0.006388   -0.005609
    0.022361   -0.005444    0.005959    0.016407
    0.022361   -0.008502   -0.004341   -0.001623
    0.022361    0.047045   -0.043667    0.029810
    0.022361    0.048633   -0.052510    0.047766
    0.022361   -0.009178   -0.006793   -0.006425
    0.022361    0.020817    0.034738   -0.014110
    0.022361    0.005542    0.029485    0.029214
    0.022361    0.001190    0.022129    0.030398
    0.022361   -0.000548    0.019018    0.030973
    0.022361    0.000138    0.020105    0.030180
    0.022361    0.048245   -0.050296    0.043129
    0.022361    0.009545    0.032350    0.019295
    0.022361    0.013201    0.034257    0.008807
    0.022361    0.006773    0.030610    0.026637
    0.022361   -0.008377   -0.003895   -0.000769
    0.022361   -0.006683    0.001856    0.009438
    0.022361    0.044082   -0.027689   -0.001480
    0.022361   -0.008932   -0.005889   -0.004616
    0.022361   -0.009167   -0.006751   -0.006333
    0.022361    0.048843   -0.053714    0.050332
    0.022361   -0.004221    0.009549    0.021360
    0.022361    0.049584   -0.058010    0.059652
    0.022361   -0.000301    0.019558    0.031258
    0.022361   -0.008789   -0.005369   -0.003598
    0.022361    0.044554   -0.030403    0.004374
    0.022361   -0.008854   -0.005605   -0.004059
    0.022361   -0.008938   -0.005910   -0.004656
    0.022361    0.047709   -0.047218    0.036490
    0.022361   -0.008511   -0.004374   -0.001686
    0.022361   -0.008802   -0.005416   -0.003687
    0.022361   -0.004570    0.008628    0.020375
    0.022361    0.016025    0.035253    0.000289
    0.022361    0.004095    0.027403    0.030748
    0.022361   -0.009083   -0.006440   -0.005709
    0.022361    0.034323    0.009769   -0.037017
    0.022361   -0.004053    0.010220    0.022769
    0.022361   -0.001191    0.017167    0.028535
    0.022361   -0.005991    0.004106    0.013156
    0.022361    0.006003    0.029951    0.028343
    0.022361   -0.008213   -0.003325    0.000281
    0.022361   -0.007631   -0.001304    0.003994
    0.022361   -0.009080   -0.006431   -0.005692
    0.022361    0.038745   -0.005002   -0.029327
    0.022361   -0.008573   -0.004593   -0.002099
    0.022361   -0.008965   -0.006010   -0.004855
    0.022361   -0.009151   -0.006694   -0.006230
    0.022361   -0.009179   -0.006797   -0.006436
    0.022361   -0.009163   -0.006736   -0.006298
    0.022361   -0.009131   -0.006615   -0.006056
    0.022361    0.022304    0.033804   -0.019005
    0.022361   -0.009165   -0.006747   -0.006332
    0.022361   -0.008940   -0.005920   -0.004679
    0.022361   -0.008768   -0.005294   -0.003451
    0.022361    0.004405    0.027968    0.030507
    0.022361    0.039477   -0.007794   -0.026120
    0.022361    0.006451    0.030381    0.027429
    0.022361   -0.008549   -0.004509   -0.001937
    0.022361    0.038876   -0.005491   -0.028327
    0.022361   -0.008018   -0.002651    0.001505
    0.022361    0.046986   -0.043355    0.029250
    0.022361    0.010553    0.033148    0.016690
    0.022361   -0.008156   -0.003119    0.000685
    0.022361    0.035868    0.004885   -0.035999
    0.022361    0.035903    0.004765   -0.035934
    0.022361   -0.003781    0.010974    0.023683
    0.022361   -0.009136   -0.006639   -0.006111
    0.022361   -0.003777    0.010990    0.023727
    0.022361   -0.009172   -0.006769   -0.006375
    0.022361   -0.009018   -0.006202   -0.005234
    0.022361   -0.005553    0.005419    0.015028
    0.022361    0.005502    0.029313    0.029108
    0.022361    0.048511   -0.051804    0.046272
    0.022361   -0.009158   -0.006717   -0.006262
    0.022361   -0.009145   -0.006670   -0.006166
    0.022361    0.019511    0.035328   -0.010503
    0.022361    0.009214    0.032340    0.020391
    0.022361    0.011126    0.033449    0.015052
    0.022361   -0.009166   -0.006748   -0.006328
    0.022361   -0.006490    0.002490    0.010504
    0.022361   -0.000480    0.019137    0.030944
    0.022361   -0.008239   -0.003409    0.000143
    0.022361    0.004083    0.027482    0.031360
    0.022361    0.020379    0.034990   -0.012608
    0.022361   -0.009161   -0.006730   -0.006288
    0.022361   -0.005077    0.007094    0.018135
    0.022361   -0.009143   -0.006660   -0.006144
    0.022361    0.037328    0.000227   -0.033619
    0.022361   -0.009018   -0.006202   -0.005233
    0.022361    0.029341    0.021894   -0.033634
    0.022361   -0.009178   -0.006794   -0.006431
    0.022361   -0.009146   -0.006672   -0.006170
    0.022361    0.038374   -0.003887   -0.028882
    0.022361   -0.007593   -0.001173    0.004231
    0.022361    0.047077   -0.043837    0.030109
    0.022361   -0.009110   -0.006540   -0.005912
    0.022361   -0.000777    0.017901    0.028240
    0.022361   -0.009067   -0.006385   -0.005603
    0.022361   -0.009048   -0.006313   -0.005454
    0.022361    0.049455   -0.057249    0.057961
    0.022361   -0.000457    0.019124    0.030734
    0.022361    0.047147   -0.044207    0.030827
    0.022361   -0.008796   -0.005394   -0.003647
    0.022361    0.003692    0.026890    0.031632
    0.022361    0.022300    0.033135   -0.017876
    0.022361   -0.009123   -0.006590   -0.006014
    0.022361    0.003613    0.026656    0.031018
    0.022361   -0.009169   -0.006758   -0.006347
    0.022361    0.000377    0.020556    0.030181
    0.022361    0.001563    0.022871    0.030600
    0.022361   -0.008287   -0.003587   -0.000217
    0.022361    0.024945    0.029825   -0.024960
    0.022361   -0.008972   -0.006036   -0.004905
    0.022361    0.020128    0.035127   -0.011844
    0.022361   -0.009159   -0.006722   -0.006277
    0.022361   -0.004819    0.007612    0.018132
    0.022361   -0.009145   -0.006669   -0.006165
    0.022361    0.022946    0.033172   -0.020784
    0.022361   -0.008280   -0.003561   -0.000157
    0.022361    0.037128    0.000839   -0.033965
    0.022361    0.040502   -0.011860   -0.022588
    0.022361   -0.008359   -0.003837   -0.000681
    0.022361    0.022867    0.032335   -0.019228
    0.022361   -0.008944   -0.005933   -0.004702
    0.022361    0.006231    0.029922    0.027763
    0.022361   -0.009175   -0.006785   -0.006414
    0.022361    0.047712   -0.047277    0.036746
    0.022361    0.040020   -0.010021   -0.023668
    0.022361   -0.008721   -0.005125   -0.003121
    0.022361   -0.008094   -0.002903    0.001083
    0.022361   -0.007168    0.000265    0.006763
    0.022361    0.036114    0.004218   -0.035910
    0.022361   -0.008896   -0.005758   -0.004365
    0.022361    0.046574   -0.041033    0.024294
    0.022361   -0.008776   -0.005322   -0.003506
    0.022361   -0.008437   -0.004112   -0.001188
    0.022361    0.010827    0.033303    0.015881
    0.022361   -0.004231    0.009413    0.020863
    0.022361    0.037517   -0.000422   -0.032887
    0.022361   -0.000925    0.017612    0.028177
    0.022361    0.021991    0.034141   -0.018206
    0.022361    0.022789    0.032932   -0.019821
    0.022361   -0.005044    0.007229    0.018427
    0.022361   -0.009177   -0.006791   -0.006425
    0.022361    0.032762    0.013997   -0.037139
    0.022361   -0.007245    0.000010    0.006330
    0.022361   -0.009059   -0.006354   -0.005546
    0.022361    0.034379    0.009411   -0.037457
    0.022361   -0.009181   -0.006805   -0.006455
    0.022361   -0.009147   -0.006676   -0.006180
    0.022361   -0.009170   -0.006764   -0.006361
    0.022361   -0.009154   -0.006703   -0.006236
    0.022361    0.013395    0.034330    0.008222
    0.022361   -0.000276    0.018992    0.028814
    0.022361    0.014936    0.035310    0.003926
    0.022361   -0.008545   -0.004494   -0.001914
    0.022361   -0.009132   -0.006620   -0.006064
    0.022361   -0.008896   -0.005757   -0.004356
    0.022361   -0.007890   -0.002212    0.002295
    0.022361   -0.006595    0.002182    0.010081
    0.022361   -0.009165   -0.006742   -0.006315
    0.022361    0.023255    0.031632   -0.019976
    0.022361    0.048798   -0.053452    0.049811
    0.022361   -0.003743    0.010659    0.021993
    0.022361    0.037342    0.000117   -0.032950
    0.022361   -0.006477    0.002559    0.010693
    0.022361    0.019132    0.035418   -0.009238
    0.022361   -0.009134   -0.006628   -0.006084
    0.022361    0.006384    0.030333    0.027540
    0.022361   -0.009163   -0.006735   -0.006296
    0.022361   -0.008817   -0.005471   -0.003795
    0.022361    0.020611    0.034922   -0.013982
    0.022361   -0.002711    0.013778    0.026629
    0.022361    0.026536    0.026946   -0.028055
    0.022361    0.022842    0.033206   -0.020422
    0.022361   -0.009181   -0.006808   -0.006460
    0.022361    0.042769   -0.022169   -0.007511
    0.022361   -0.003861    0.010465    0.022234
    0.022361   -0.008504   -0.004349   -0.001639
    0.022361   -0.009128   -0.006607   -0.006038
    0.022361   -0.004872    0.007674    0.018876
    0.022361   -0.009159   -0.006722   -0.006272
    0.022361    0.004344    0.027873    0.030626
    0.022361   -0.007948   -0.002405    0.001964
    0.022361    0.020599    0.034864   -0.013460
    0.022361   -0.009158   -0.006718   -0.006263
    0.022361   -0.009133   -0.006623   -0.006071
    0.022361   -0.009138   -0.006647   -0.006132
    0.022361   -0.009177   -0.006792   -0.006426
    0.022361   -0.001474    0.016418    0.027549
    0.022361   -0.003419    0.011590    0.023318
    0.022361    0.047657   -0.046992    0.036249
    0.022361   -0.009159   -0.006720   -0.006268
    0.022361   -0.006186    0.003518    0.012310
    0.022361    0.037630   -0.000828   -0.032568
    0.022361   -0.006869    0.001269    0.008515
    0.022361    0.038741   -0.005027   -0.029360
    0.022361    0.027386    0.025152   -0.029323
    0.022361   -0.005798    0.004805    0.014495
    0.022361   -0.008844   -0.005568   -0.003989
    0.022361    0.000932    0.022085    0.032158
    0.022361   -0.003841    0.010410    0.021803
    0.022361    0.048213   -0.050117    0.042729
    0.022361   -0.008975   -0.006045   -0.004927
    0.022361    0.006516    0.030137    0.027061
    0.022361    0.046737   -0.042050    0.026841
    0.022361   -0.008291   -0.003596   -0.000222
    0.022361   -0.007638   -0.001331    0.003939
    0.022361   -0.009083   -0.006441   -0.005708
    0.022361   -0.009167   -0.006751   -0.006332
    0.022361   -0.009177   -0.006789   -0.006416
    0.022361   -0.009149   -0.006684   -0.006194
    0.022361   -0.008525   -0.004423   -0.001781
    0.022361    0.025127    0.029720   -0.025634
    0.022361   -0.009118   -0.006569   -0.005964
    0.022361   -0.001311    0.017162    0.029400
    0.022361   -0.005380    0.005949    0.015816
    0.022361    0.035031    0.007542   -0.037174
    0.022361   -0.004374    0.009257    0.021389
    0.022361   -0.004141    0.009936    0.022309
    0.022361    0.023934    0.030611   -0.021554
    0.022361    0.049405   -0.056962    0.057344
    0.022361    0.006318    0.030225    0.027661
    0.022361   -0.009178   -0.006793   -0.006427
    0.022361   -0.001922    0.015355    0.026734
    0.022361    0.006317    0.030163    0.027592
    0.022361   -0.009158   -0.006720   -0.006280
    0.022361    0.049299   -0.056344    0.055993
    0.022361    0.020445    0.034964   -0.013272
    0.022361    0.001665    0.023343    0.031850
    0.022361    0.033312    0.012173   -0.037119
    0.022361    0.045682   -0.036101    0.014289
    0.022361   -0.001090    0.017788    0.030176
    0.022361    0.002460    0.024947    0.032453
    0.022361    0.032786    0.013901   -0.037090
    0.022361   -0.005595    0.005345    0.015076
    0.022361    0.001976    0.023753    0.031137
    0.022361   -0.008743   -0.005203   -0.003273
    0.022361    0.048861   -0.053819    0.050559
    0.022361   -0.009161   -0.006728   -0.006283
    0.022361   -0.004027    0.010172    0.022368
    0.022361    0.008480    0.031898    0.022384
    0.022361   -0.000964    0.017473    0.027987
    0.022361   -0.009159   -0.006722   -0.006280
    0.022361   -0.009163   -0.006735   -0.006296
    0.022361    0.046890   -0.042628    0.027009
    0.022361    0.024101    0.031423   -0.023424
    0.022361   -0.008236   -0.003405    0.000133
    0.022361   -0.001494    0.016823    0.029419
    0.022361    0.007649    0.031332    0.024556
    0.022361    0.049118   -0.055287    0.053718
    0.022361   -0.009154   -0.006702   -0.006230
    0.022361   -0.007822   -0.001971    0.002749
    0.022361    0.036747    0.002274   -0.034938
    0.022361   -0.004038    0.010261    0.022820
    0.022361   -0.008887   -0.005726   -0.004296
    0.022361   -0.004752    0.007907    0.018849
    0.022361    0.005159    0.028867    0.029914
    0.022361   -0.009139   -0.006648   -0.006131
    0.022361   -0.008917   -0.005834   -0.004508
    0.022361   -0.009163   -0.006738   -0.006314
    0.022361    0.004255    0.027690    0.030640
    0.022361    0.040017   -0.010099   -0.023101
    0.022361    0.024541    0.030641   -0.024302
    0.022361    0.036006    0.004646   -0.035707
    0.022361    0.022882    0.032000   -0.018901
    0.022361    0.004858    0.028610    0.030061
    0.022361    0.029430    0.021852   -0.034023
    0.022361   -0.009141   -0.006653   -0.006132
    0.022361   -0.003767    0.010596    0.021948
    0.022361   -0.008110   -0.002959    0.000981
    0.022361    0.039150   -0.006496   -0.027551
    0.022361    0.003357    0.026244    0.031109
    0.022361    0.002934    0.025514    0.031094
    0.022361    0.009686    0.032526    0.019007
    0.022361   -0.009167   -0.006752   -0.006338
    0.022361    0.043383   -0.024309   -0.006934
    0.022361   -0.009163   -0.006740   -0.006320
    0.022361    0.003593    0.026782    0.031862
    0.022361    0.005766    0.029611    0.028660
    0.022361   -0.009160   -0.006724   -0.006281
    0.022361   -0.000938    0.018137    0.030413
    0.022361    0.019190    0.035398   -0.009323
    0.022361    0.004488    0.028095    0.030509
    0.022361   -0.003321    0.012123    0.024729
    0.022361    0.042995   -0.022509   -0.009613
    0.022361   -0.009171   -0.006767   -0.006368
    0.022361   -0.002781    0.013215    0.024786
    0.022361   -0.009128   -0.006607   -0.006038
    0.022361    0.003281    0.026137    0.031066
    0.022361   -0.009179   -0.006798   -0.006439
    0.022361    0.002043    0.023844    0.030963
    0.022361   -0.009153   -0.006700   -0.006230
    0.022361   -0.008653   -0.004882   -0.002656
    0.022361    0.020781    0.034808   -0.014418
    0.022361   -0.008057   -0.002777    0.001303
    0.022361   -0.006148    0.003610    0.012383
    0.022361    0.044424   -0.029529    0.002110
    0.022361    0.045407   -0.035305    0.015059
    0.022361    0.015808    0.035597    0.001311
    0.022361   -0.008846   -0.005576   -0.004000
    0.022361    0.036683    0.002329   -0.034865
    0.022361   -0.004346    0.009206    0.020950
    0.022361   -0.009178   -0.006794   -0.006428
    0.022361   -0.006410    0.002789    0.011104
    0.022361    0.047179   -0.044377    0.031152
    0.022361   -0.009165   -0.006744   -0.006319
    0.022361    0.006728    0.030615    0.026798
    0.022361   -0.005050    0.007149    0.018141
    0.022361   -0.008809   -0.005442   -0.003737
    0.022361   -0.007404   -0.000534    0.005350
    0.022361    0.024998    0.030017   -0.025458
    0.022361    0.044635   -0.031550    0.008905
    0.022361   -0.008753   -0.005241   -0.003347
    0.022361    0.012780    0.034338    0.010215
    0.022361    0.026874    0.025389   -0.027522
    0.022361    0.047165   -0.044163    0.030166
    0.022361   -0.001912    0.015394    0.026799
    0.022361   -0.006258    0.003284    0.011926
    0.022361   -0.009172   -0.006770   -0.006378
    0.022361   -0.008357   -0.003826   -0.000646
    0.022361   -0.008516   -0.004393   -0.001717
    0.022361    0.000613    0.020943    0.029966
    0.022361   -0.008346   -0.003795   -0.000602
    0.022361    0.029539    0.021422   -0.033829
    0.022361    0.020304    0.034982   -0.012323
    0.022361   -0.008881   -0.005702   -0.004253
    0.022361    0.046171   -0.038840    0.019955
    0.022361    0.030360    0.018832   -0.034042
    0.022361   -0.008483   -0.004273   -0.001493
    0.022361    0.031271    0.017062   -0.035714
    0.022361   -0.004197    0.009781    0.022122
    0.022361    0.029705    0.021268   -0.034418
    0.022361   -0.009175   -0.006781   -0.006401
    0.022361    0.049412   -0.057004    0.057436
    0.022361    0.031072    0.017775   -0.035320
    0.022361    0.022575    0.033601   -0.019821
    0.022361    0.032977    0.013526   -0.037378
    0.022361    0.049169   -0.055583    0.054355
    0.022361    0.049639   -0.058332    0.060362
    0.022361   -0.000319    0.019487    0.031125
    0.022361   -0.009077   -0.006420   -0.005673
    0.022361   -0.009181   -0.006804   -0.006450
    0.022361   -0.009178   -0.006793   -0.006427
    0.022361    0.022454    0.033338   -0.018969
    0.022361   -0.009134   -0.006628   -0.006088
    0.022361    0.016284    0.035622   -0.000163
    0.022361    0.049468   -0.057324    0.058124
    0.022361   -0.008905   -0.005792   -0.004425
    0.022361   -0.003539    0.011237    0.022802
    0.022361    0.007388    0.031130    0.025204
    0.022361   -0.008614   -0.004742   -0.002389
    0.022361   -0.009161   -0.006727   -0.006280
    0.022361   -0.006218    0.003376    0.011976
    0.022361   -0.007370   -0.000414    0.005582
    0.022361   -0.000661    0.018752    0.030770
    0.022361   -0.008549   -0.004509   -0.001936
    0.022361    0.001018    0.022021    0.031294
    0.022361   -0.009144   -0.006664   -0.006157
    0.022361   -0.008605   -0.004706   -0.002315
    0.022361   -0.009051   -0.006324   -0.005475
    0.022361   -0.009077   -0.006418   -0.005662
    0.022361   -0.005456    0.005872    0.016147
    0.022361    0.031905    0.015681   -0.036516
    0.022361   -0.006511    0.002456    0.010526
    0.022361   -0.009141   -0.006658   -0.006158
    0.022361    0.045642   -0.035852    0.013689
    0.022361    0.043789   -0.026241   -0.003905
    0.022361   -0.001883    0.015333    0.026449
    0.022361   -0.005712    0.005019    0.014686
    0.022361    0.049202   -0.055785    0.054790
    0.022361    0.020371    0.035004   -0.013024
    0.022361   -0.005749    0.004827    0.014173
    0.022361    0.023078    0.032620   -0.020644
    0.022361    0.041124   -0.014362   -0.020061
    0.022361    0.045973   -0.037685    0.017426
    0.022361    0.007216    0.031019    0.025630
    0.022361   -0.009117   -0.006564   -0.005953
    0.022361   -0.009170   -0.006764   -0.006360
    0.022361   -0.008691   -0.005017   -0.002913
    0.022361   -0.009158   -0.006719   -0.006274
    0.022361   -0.002944    0.012766    0.024362
    0.022361   -0.004661    0.008327    0.019866
    0.022361   -0.004499    0.008716    0.020156
    0.022361   -0.008184   -0.003223    0.000475
    0.022361   -0.009174   -0.006779   -0.006394
    0.022361   -0.008373   -0.003883   -0.000751
    0.022361    0.032617    0.014041   -0.037224
    0.022361   -0.009109   -0.006536   -0.005901
    0.022361   -0.006266    0.003230    0.011763
    0.022361    0.016940    0.035429   -0.002556
    0.022361    0.002941    0.025514    0.031197
    0.022361    0.045465   -0.034966    0.012195
    0.022361    0.019300    0.035486   -0.009433
    0.022361   -0.009126   -0.006599   -0.006023
    0.022361    0.005634    0.029372    0.029013
    0.022361   -0.009163   -0.006736   -0.006305
    0.022361    0.005540    0.029359    0.029044
    0.022361    0.046763   -0.042188    0.027098
    0.022361   -0.008557   -0.004538   -0.001999
    0.022361   -0.009177   -0.006791   -0.006424
    0.022361   -0.009159   -0.006722   -0.006274
    0.022361    0.029603    0.020773   -0.033059
    0.022361    0.002494    0.024654    0.030838
    0.022361    0.042370   -0.020655   -0.008527
    0.022361    0.047525   -0.046268    0.034890
    0.022361   -0.009176   -0.006786   -0.006408
    0.022361    0.036834    0.001969   -0.034773
    0.022361    0.043968   -0.027398   -0.001053
    0.022361    0.023757    0.030665   -0.020906
    0.022361    0.038914   -0.005712   -0.027859
    0.022361   -0.009075   -0.006415   -0.005670
    0.022361   -0.009095   -0.006486   -0.005799
    0.022361    0.022532    0.033586   -0.019640
    0.022361   -0.006841    0.001345    0.008591
    0.022361    0.021753    0.034083   -0.017172
    0.022361    0.002210    0.024508    0.032490
    0.022361   -0.009181   -0.006806   -0.006455
    0.022361   -0.009132   -0.006619   -0.006064
    0.022361   -0.003929    0.010542    0.023103
    0.022361   -0.003243    0.012387    0.025186
    0.022361   -0.004465    0.009005    0.021085
    0.022361    0.036625    0.002490   -0.034895
    0.022361    0.035006    0.007631   -0.037220
    0.022361   -0.009179   -0.006797   -0.006434
    0.022361   -0.006674    0.001911    0.009587
    0.022361   -0.008903   -0.005785   -0.004415
    0.022361    0.005329    0.029073    0.029371
    0.022361    0.030517    0.018986   -0.034606
    0.022361   -0.008737   -0.005180   -0.003229
    0.022361    0.004695    0.028390    0.030312
    0.022361   -0.009055   -0.006342   -0.005523
    0.022361    0.037540   -0.000482   -0.033024
    0.022361    0.005191    0.028877    0.029588
    0.022361   -0.008823   -0.005492   -0.003837
    0.022361   -0.009165   -0.006741   -0.006309
    0.022361   -0.008738   -0.005186   -0.003245
    0.022361   -0.007376   -0.000441    0.005512
    0.022361   -0.009029   -0.006243   -0.005315
    0.022361    0.045393   -0.035210    0.014843
    0.022361   -0.009174   -0.006778   -0.006393
    0.022361    0.004434    0.027964    0.030496
    0.022361    0.034390    0.009394   -0.037080
    0.022361    0.030785    0.018900   -0.035807
    0.022361   -0.009177   -0.006791   -0.006422
    0.022361    0.040563   -0.012050   -0.022691
    0.022361   -0.004991    0.007280    0.018208
    0.022361    0.045909   -0.037815    0.019332
    0.022361    0.016299    0.035598   -0.000219
    0.022361   -0.009176   -0.006786   -0.006412
    0.022361   -0.009181   -0.006805   -0.006454
    0.022361   -0.009117   -0.006568   -0.005977
    0.022361    0.034582    0.008866   -0.037506
    0.022361   -0.000234    0.019587    0.030904
    0.022361    0.008844    0.031890    0.021178
    0.022361   -0.003805    0.010792    0.023140
    0.022361   -0.009162   -0.006731   -0.006288
    0.022361    0.048622   -0.052446    0.047662
    0.022361    0.019467    0.035302   -0.010499
    0.022361   -0.008854   -0.005604   -0.004060
    0.022361    0.049082   -0.055095    0.053299
    0.022361   -0.008747   -0.005218   -0.003303
    0.022361    0.044465   -0.029768    0.002636
    0.022361    0.044292   -0.028778    0.000521
    0.022361   -0.008661   -0.004910   -0.002711
    0.022361   -0.009156   -0.006710   -0.006249
    0.022361   -0.007945   -0.002399    0.001961
    0.022361    0.029993    0.020624   -0.034772
    0.022361   -0.009164   -0.006737   -0.006301
    0.022361    0.024338    0.029882   -0.022355
    0.022361   -0.008863   -0.005637   -0.004120
    0.022361   -0.000296    0.018982    0.028962
    0.022361   -0.003787    0.010565    0.022013
    0.022361    0.011003    0.033342    0.015362
    0.022361   -0.009178   -0.006793   -0.006429
    0.022361    0.005066    0.028782    0.030136
    0.022361    0.045269   -0.034596    0.013810
    0.022361   -0.009167   -0.006753   -0.006338
    0.022361   -0.003741    0.011090    0.023846
    0.022361    0.033106    0.013007   -0.037094
    0.022361    0.018233    0.035685   -0.006126
    0.022361   -0.009170   -0.006765   -0.006367
    0.022361   -0.006424    0.002744    0.011030
    0.022361    0.021045    0.034503   -0.014573
    0.022361    0.005350    0.029079    0.029339
    0.022361   -0.008818   -0.005473   -0.003799
    0.022361    0.007125    0.030853    0.025776
    0.022361    0.015721    0.035394    0.001502
    0.022361    0.022566    0.033198   -0.019237
    0.022361    0.010224    0.032961    0.017563
    0.022361    0.030806    0.018007   -0.034970
    0.022361   -0.009168   -0.006757   -0.006345
    0.022361    0.043269   -0.024379   -0.004653
    0.022361   -0.009121   -0.006581   -0.005988
    0.022361    0.049631   -0.058283    0.060257
    0.022361   -0.009167   -0.006751   -0.006333
    0.022361   -0.008155   -0.003121    0.000657
    0.022361   -0.003861    0.010735    0.023350
    0.022361    0.021159    0.034561   -0.015504
    0.022361   -0.005757    0.004857    0.014375
    0.022361   -0.005979    0.004220    0.013541
    0.022361    0.008285    0.031756    0.022894
    0.022361   -0.005162    0.006609    0.016774
    0.022361    0.020045    0.035154   -0.012196
    0.022361   -0.008766   -0.005287   -0.003437
    0.022361   -0.009071   -0.006397   -0.005620
    0.022361   -0.009083   -0.006442   -0.005716
    0.022361    0.047952   -0.048647    0.039664
    0.022361   -0.009161   -0.006727   -0.006281
    0.022361    0.017391    0.035508   -0.003927
    0.022361    0.004313    0.027735    0.030796
    0.022361    0.049452   -0.057232    0.057944
    0.022361    0.003179    0.025951    0.031057
    0.022361   -0.003088    0.012419    0.023970
    0.022361    0.004543    0.028172    0.030389
    0.022361    0.032906    0.013562   -0.037083
    0.022361   -0.003984    0.010279    0.022460
    0.022361    0.017380    0.035267   -0.004056
    0.022361   -0.008388   -0.003939   -0.000857
    0.022361   -0.009094   -0.006485   -0.005811
    0.022361    0.025033    0.029927   -0.025494
    0.022361   -0.007066    0.000604    0.007348
    0.022361    0.001947    0.024002    0.032393
    0.022361    0.006696    0.030613    0.026904
    0.022361   -0.009098   -0.006497   -0.005822
    0.022361    0.034248    0.009798   -0.037092
    0.022361   -0.009079   -0.006426   -0.005679
    0.022361    0.021703    0.034116   -0.017008
    0.022361    0.006823    0.030707    0.026539
    0.022361    0.002164    0.024360    0.032270
    0.022361    0.033666    0.011375   -0.037126
    0.022361   -0.008493   -0.004308   -0.001556
    0.022361    0.021552    0.034361   -0.016780
    0.022361    0.021837    0.034124   -0.017580
    0.022361   -0.008667   -0.004929   -0.002742
    0.022361    0.032251    0.014878   -0.036843
    0.022361   -0.001067    0.017234    0.027812
    0.022361    0.003266    0.026111    0.031128
    0.022361    0.039436   -0.007636   -0.026285
    0.022361   -0.009174   -0.006781   -0.006405
    0.022361    0.045967   -0.037567    0.016906
    0.022361   -0.008329   -0.003730   -0.000468
    0.022361   -0.009108   -0.006535   -0.005903
    0.022361   -0.009041   -0.006287   -0.005406
    0.022361   -0.006654    0.001971    0.009689
    0.022361    0.040428   -0.011504   -0.023293
    0.022361    0.019637    0.035171   -0.011082
    0.022361   -0.004833    0.007786    0.019024
    0.022361   -0.008103   -0.002936    0.001017
    0.022361    0.045889   -0.037558    0.018238
    0.022361   -0.009147   -0.006675   -0.006174
    0.022361    0.005770    0.029511    0.028751
    0.022361    0.019495    0.035433   -0.010000
    0.022361    0.032701    0.013820   -0.036694
    0.022361    0.019674    0.035369   -0.010535
    0.022361   -0.009177   -0.006792   -0.006429
    0.022361   -0.003536    0.011550    0.024101
    0.022361    0.046993   -0.043254    0.028453
    0.022361    0.022884    0.032805   -0.020045
    0.022361   -0.008514   -0.004386   -0.001708
    0.022361   -0.007469   -0.000750    0.004984
    0.022361    0.047304   -0.045033    0.032266
    0.022361    0.023137    0.032854   -0.021187
    0.022361   -0.008446   -0.004140   -0.001230
    0.022361   -0.006643    0.002012    0.009753
    0.022361   -0.000962    0.017541    0.028167
    0.022361   -0.009146   -0.006670   -0.006166
    0.022361   -0.007583   -0.001140    0.004290
    0.022361   -0.009174   -0.006781   -0.006403
    0.022361   -0.000046    0.020093    0.031481
    0.022361   -0.006546    0.002334    0.010319
    0.022361   -0.008891   -0.005741   -0.004328
    0.022361    0.016082    0.035050   -0.000076
    0.022361    0.043793   -0.026257   -0.003900
    0.022361    0.043980   -0.027231   -0.002097
    0.022361    0.030915    0.018395   -0.035571
    0.022361   -0.005403    0.006080    0.016578
    0.022361    0.043016   -0.023107   -0.006922
    0.022361    0.031203    0.016986   -0.035008
    0.022361    0.006986    0.030843    0.026173
    0.022361    0.032905    0.013697   -0.037327
    0.022361    0.036461    0.003214   -0.035415
    0.022361   -0.002118    0.014901    0.026408
    0.022361    0.031564    0.016611   -0.035797
    0.022361    0.044969   -0.032254    0.006760
    0.022361    0.015864    0.035365    0.001035
    0.022361   -0.009177   -0.006790   -0.006422
    0.022361   -0.008305   -0.003646   -0.000315
    0.022361    0.001525    0.023239    0.032404
    0.022361   -0.005602    0.005374    0.015265
    0.022361   -0.005500    0.005734    0.015934
    0.022361   -0.003627    0.011096    0.022957
    0.022361   -0.009137   -0.006643   -0.006122
    0.022361    0.048772   -0.053301    0.049473
    0.022361   -0.009174   -0.006780   -0.006396
    0.022361   -0.008873   -0.005675   -0.004193
    0.022361   -0.008834   -0.005532   -0.003919
    0.022361   -0.008714   -0.005100   -0.003078
    0.022361    0.040115   -0.010262   -0.024608
    0.022361    0.003195    0.025981    0.031134
    0.022361    0.039700   -0.008641   -0.026317
    0.022361   -0.007235    0.000038    0.006367
    0.022361   -0.004738    0.008089    0.019509
    0.022361   -0.008599   -0.004686   -0.002276
    0.022361    0.011126    0.033469    0.015062
    0.022361   -0.009181   -0.006805   -0.006454
    0.022361    0.041860   -0.017501   -0.016242
    0.022361   -0.009122   -0.006585   -0.005995
    0.022361   -0.003548    0.011585    0.024332
    0.022361    0.029977    0.019630   -0.033527
    0.022361    0.015534    0.034886    0.001538
    0.022361    0.044454   -0.029627    0.002115
    0.022361    0.045977   -0.037729    0.017586
    0.022361    0.049559   -0.057861    0.059303
    0.022361   -0.008811   -0.005449   -0.003756
    0.022361   -0.008427   -0.004074   -0.001112
    0.022361    0.032866    0.013406   -0.037312
    0.022361   -0.008662   -0.004911   -0.002709
    0.022361    0.030066    0.020488   -0.034910
    0.022361    0.045580   -0.035459    0.012734
    0.022361    0.044302   -0.029942    0.006392
    0.022361    0.040404   -0.011693   -0.021404
    0.022361    0.039308   -0.007162   -0.027559
    0.022361   -0.004257    0.009447    0.021226
    0.022361    0.043248   -0.023639   -0.008081
    0.022361   -0.009104   -0.006519   -0.005865
    0.022361   -0.009181   -0.006808   -0.006459
    0.022361    0.016439    0.035080   -0.001213
    0.022361    0.037753   -0.001348   -0.032394
    0.022361   -0.008893   -0.005746   -0.004333
    0.022361    0.046274   -0.039667    0.022540
    0.022361    0.047293   -0.044996    0.032346
    0.022361    0.047179   -0.044379    0.031161
    0.022361    0.020894    0.034746   -0.014766
    0.022361    0.047290   -0.044978    0.032311
    0.022361   -0.009160   -0.006727   -0.006287
    0.022361   -0.005978    0.004176    0.013350
    0.022361   -0.009157   -0.006713   -0.006253
    0.022361   -0.006085    0.003793    0.012617
    0.022361    0.001009    0.022159    0.031912
    0.022361    0.039310   -0.007175   -0.027557
    0.022361    0.029472    0.020560   -0.032458
    0.022361   -0.008186   -0.003223    0.000487
    0.022361    0.043006   -0.022651   -0.009088
    0.022361   -0.004977    0.007429    0.018718
    0.022361    0.022478    0.033664   -0.019516
    0.022361    0.047003   -0.043442    0.029392
    0.022361    0.047311   -0.045036    0.032146
    0.022361    0.012215    0.033965    0.011881
    0.022361   -0.009180   -0.006803   -0.006450
    0.022361   -0.007095    0.000506    0.007177
    0.022361   -0.009179   -0.006797   -0.006435
    0.022361   -0.009143   -0.006660   -0.006148
    0.022361    0.032619    0.014475   -0.037282
    0.022361    0.034552    0.008941   -0.037491
    0.022361   -0.009162   -0.006734   -0.006299
    0.022361   -0.009071   -0.006397   -0.005631
    0.022361    0.049625   -0.058251    0.060183
    0.022361   -0.008207   -0.003307    0.000300
    0.022361   -0.008365   -0.003853   -0.000688
    0.022361   -0.009128   -0.006607   -0.006042
    0.022361   -0.009177   -0.006790   -0.006419
    0.022361    0.008082    0.031616    0.023426
    0.022361   -0.006984    0.000880    0.007819
    0.022361    0.001957    0.023596    0.030551
    0.022361    0.036110    0.004362   -0.035850
    0.022361   -0.009146   -0.006672   -0.006173
    0.022361    0.017557    0.035530   -0.004327
    0.022361    0.039271   -0.006967   -0.027110
    0.022361   -0.001565    0.016081    0.027019
    0.022361   -0.008950   -0.005954   -0.004743
    0.022361   -0.008658   -0.004897   -0.002681
    0.022361   -0.009100   -0.006504   -0.005834
    0.022361   -0.008353   -0.003813   -0.000615
    0.022361   -0.009173   -0.006773   -0.006380
    0.022361    0.020922    0.034546   -0.014125
    0.022361    0.048319   -0.050714    0.043968
    0.022361   -0.002304    0.014326    0.025680
    0.022361    0.049564   -0.057886    0.059357
    0.022361    0.017580    0.035499   -0.004547
    0.022361    0.002764    0.025398    0.032128
    0.022361    0.002890    0.025677    0.032322
    0.022361    0.048970   -0.054444    0.051894
    0.022361   -0.009172   -0.006772   -0.006381
    0.022361   -0.001702    0.016250    0.028744
    0.022361    0.047958   -0.048673    0.039717
    0.022361    0.005988    0.029974    0.028414
    0.022361    0.003284    0.026146    0.031113
    0.022361   -0.008812   -0.005454   -0.003766
    0.022361    0.042235   -0.019635   -0.011525
    0.022361    0.049370   -0.056758    0.056890
    0.022361   -0.000437    0.018646    0.028648
    0.022361    0.005513    0.029461    0.029258
    0.022361   -0.009175   -0.006784   -0.006407
    0.022361   -0.009158   -0.006718   -0.006264
    0.022361   -0.009089   -0.006462   -0.005753
    0.022361    0.019577    0.035361   -0.010321
    0.022361    0.043652   -0.025741   -0.004180
    0.022361    0.004445    0.028036    0.030513
    0.022361   -0.009117   -0.006567   -0.005960
    0.022361   -0.008693   -0.005024   -0.002930
    0.022361    0.032565    0.014381   -0.036846
    0.022361    0.022187    0.033437   -0.017848
    0.022361    0.034823    0.008139   -0.036978
    0.022361   -0.006279    0.003155    0.011543
    0.022361    0.028731    0.022665   -0.031863
    0.022361    0.049516   -0.057611    0.058762
    0.022361   -0.009034   -0.006260   -0.005349
    0.022361   -0.009179   -0.006800   -0.006442
    0.022361    0.020452    0.034967   -0.013596
    0.022361    0.039427   -0.007757   -0.025614
    0.022361   -0.006696    0.001837    0.009473
    0.022361    0.013813    0.034600    0.007111
    0.022361   -0.007684   -0.001498    0.003598
    0.022361    0.048765   -0.053262    0.049410
    0.022361   -0.004379    0.008882    0.019815
    0.022361    0.039097   -0.006292   -0.027794
    0.022361   -0.009150   -0.006685   -0.006197
    0.022361   -0.003968    0.010155    0.021806
    0.022361   -0.009179   -0.006800   -0.006441
    0.022361    0.033765    0.011247   -0.037184
    0.022361    0.045571   -0.035891    0.015128
    0.022361    0.035616    0.005882   -0.036390
    0.022361    0.004639    0.028323    0.030373
    0.022361   -0.008676   -0.004963   -0.002809
    0.022361   -0.009161   -0.006729   -0.006286
    0.022361   -0.000486    0.019139    0.030987
    0.022361    0.031850    0.016299   -0.036632
    0.022361   -0.009170   -0.006762   -0.006358
    0.022361   -0.009172   -0.006769   -0.006372
    0.022361    0.028370    0.022834   -0.030483
    0.022361    0.042093   -0.019541   -0.009546
    0.022361   -0.003876    0.010575    0.022811
    0.022361    0.004045    0.027362    0.031125
    0.022361    0.045400   -0.035283    0.015023
    0.022361    0.004699    0.028410    0.030311
    0.022361    0.001614    0.022972    0.030626
    0.022361   -0.009175   -0.006783   -0.006403
    0.022361   -0.008777   -0.005328   -0.003519
    0.022361    0.007289    0.030960    0.025364
    0.022361   -0.008741   -0.005196   -0.003263
    0.022361   -0.009177   -0.006792   -0.006428
    0.022361    0.026726    0.026784   -0.028718
    0.022361   -0.009136   -0.006636   -0.006098
    0.022361    0.005735    0.029687    0.028868
    0.022361   -0.009167   -0.006755   -0.006352
    0.022361   -0.009134   -0.006631   -0.006102
    0.022361   -0.009152   -0.006695   -0.006219
    0.022361    0.030418    0.019810   -0.035540
    0.022361    0.004785    0.028444    0.030572
    0.022361   -0.009181   -0.006806   -0.006454
    0.022361   -0.004758    0.008022    0.019394
    0.022361    0.012729    0.034139    0.010300
    0.022361   -0.009165   -0.006745   -0.006321
    0.022361   -0.006501    0.002476    0.010539
    0.022361   -0.008881   -0.005704   -0.004256
    0.022361    0.036480    0.002834   -0.034802
    0.022361   -0.000500    0.019090    0.030902
    0.022361   -0.009173   -0.006776   -0.006394
    0.022361    0.044760   -0.031376    0.005832
    0.022361   -0.004858    0.007759    0.019113
    0.022361   -0.009177   -0.006791   -0.006422
    0.022361   -0.009107   -0.006534   -0.005908
    0.022361   -0.009180   -0.006803   -0.006447
    0.022361   -0.002223    0.014571    0.025947
    0.022361    0.001784    0.023367    0.030982
    0.022361    0.021399    0.034354   -0.016068
    0.022361    0.049345   -0.056615    0.056580
    0.022361   -0.002820    0.013496    0.026350
    0.022361    0.036956    0.001564   -0.034522
    0.022361   -0.002818    0.013070    0.024583
    0.022361   -0.009167   -0.006755   -0.006352
    0.022361   -0.009161   -0.006731   -0.006293
    0.022361   -0.009025   -0.006231   -0.005295
    0.022361   -0.009162   -0.006737   -0.006316
    0.022361   -0.003677    0.010839    0.022204
    0.022361    0.049277   -0.056218    0.055717
    0.022361    0.034047    0.010526   -0.037231
    0.022361   -0.008944   -0.005932   -0.004703
    0.022361    0.013490    0.034349    0.007921
    0.022361    0.040676   -0.012503   -0.022290
    0.022361    0.046228   -0.039417    0.022037
    0.022361   -0.009177   -0.006790   -0.006419
    0.022361    0.007722    0.031386    0.024350
    0.022361    0.049297   -0.056332    0.055987
    0.022361    0.040808   -0.013050   -0.021722
    0.022361    0.033841    0.011140   -0.037330
    0.022361    0.002302    0.024550    0.032056
    0.022361    0.015229    0.034815    0.002511
    0.022361   -0.008060   -0.002783    0.001310
    0.022361    0.004960    0.028690    0.029922
    0.022361   -0.009180   -0.006803   -0.006450
    0.022361    0.046358   -0.040100    0.023347
    0.022361   -0.009158   -0.006717   -0.006262
    0.022361   -0.004068    0.010167    0.022676
    0.022361    0.021413    0.034529   -0.016506
    0.022361    0.007200    0.030809    0.025519
    0.022361   -0.009177   -0.006790   -0.006425
    0.022361   -0.002193    0.014705    0.026205
    0.022361   -0.005116    0.006883    0.017571
    0.022361    0.030822    0.017888   -0.034764
    0.022361    0.009122    0.032271    0.020528
